0.0	1	1
0.47619	2	1
0.95238	3	1
1.42857	4	1
1.90476	1	2
2.38095	2	2
2.85714	3	2
3.33333	4	2
3.80952	1	3
4.28571	2	3
4.747247	3	3
5.208784	4	3
5.67545	1	4
6.142116	2	4
6.608782	3	4
7.07286212917	4	4
7.53439912917	1	5
7.99476612917	2	5
8.45513312917	3	5
8.91550012917	4	5
9.37586712917	1	6
9.83545212917	2	6
10.2950371292	3	6
10.7546221292	4	6
11.2142071292	1	7
11.6749151292	2	7
12.1356231292	3	7
12.5963311292	4	7
13.0570391292	1	8
13.5139291292	2	8
13.9708191292	3	8
14.4277091292	4	8
14.8845991292	1	9
15.3464991292	2	9
15.8083991292	3	9
16.2702991292	4	9
16.7321991292	1	10
17.1887201292	2	10
17.6452411292	3	10
18.0921590479	4	10
18.5439800479	1	11
19.0107035479	2	11
19.4826135479	3	11
19.9545235479	4	11
20.4264335479	1	12
20.8879705479	2	12
21.3495075479	3	12
21.8110445479	4	12
22.2725815479	1	13
22.7355435479	2	13
23.1985055479	3	13
23.6614675479	4	13
24.1244295479	1	14
24.5809505479	2	14
25.0374715479	3	14
25.4939925479	4	14
25.9606585479	1	15
26.4273245479	2	15
26.8939905479	3	15
27.3505115479	4	15
27.8070325479	1	16
28.2685695479	2	16
28.7301065479	3	16
29.1866484479	4	16
29.6481854479	1	17
30.1097224479	2	17
30.5712594479	3	17
31.0277804479	4	17
31.4944464479	1	18
31.9509674479	2	18
32.4174287729	3	18
32.8595337729	4	18
33.3165412729	1	19
33.7884512729	2	19
34.2499882729	3	19
34.7115252729	4	19
35.1730622729	1	20
35.6335912729	2	20
36.0941202729	3	20
36.5546492729	4	20
37.0151782729	1	21
37.4757072729	2	21
37.9362362729	3	21
38.3967652729	4	21
38.8572942729	1	22
39.3192712729	2	22
39.7812482729	3	22
40.2432252729	4	22
40.7052022729	1	23
41.1620312729	2	23
41.6188602729	3	23
42.0756892729	4	23
42.5325182729	1	24
42.9893472729	2	24
43.4508842729	3	24
43.9124212729	4	24
44.3739582729	1	25
44.8346542729	2	25
45.2953502729	3	25
45.7560462729	4	25
46.2167422729	1	26
46.6766542729	2	26
47.1365662729	3	26
47.5964782729	4	26
48.0563902729	1	27
48.5163022729	2	27
48.9762142729	3	27
49.4361262729	4	27
49.8960382729	1	28
50.3565652729	2	28
50.8170922729	3	28
51.2776192729	4	28
51.7381462729	1	29
52.1972572729	2	29
52.6563682729	3	29
53.1154792729	4	29
53.5745902729	1	30
54.0366972729	2	30
54.4988042729	3	30
54.9609112729	4	30
55.4230182729	1	31
55.8850302729	2	31
56.3470422729	3	31
56.8090542729	4	31
57.2710662729	1	32
57.7343462729	2	32
58.1976262729	3	32
58.6609062729	4	32
59.1241862729	1	33
59.5852822729	2	33
60.0463782729	3	33
60.5074742729	4	33
60.9685702729	1	34
61.4296662729	2	34
61.8907622729	3	34
62.3282612729	4	34
62.7803437729	1	35
63.2470097729	2	35
63.7189197729	3	35
64.1908297729	4	35
64.6627397729	1	36
65.1242767729	2	36
65.5858137729	3	36
66.0473507729	4	36
66.5140167729	1	37
66.9806827729	2	37
67.4422197729	3	37
67.8987407729	4	37
68.3552617729	1	38
68.8219277729	2	38
69.2784487729	3	38
69.7349697729	4	38
70.2016357729	1	39
70.6683017729	2	39
71.1349677729	3	39
71.5914887729	4	39
72.0480097729	1	40
72.5045307729	2	40
72.9610517729	3	40
73.4277177729	4	40
73.8943837729	1	41
74.3509047729	2	41
74.8074257729	3	41
75.2639467729	4	41
75.7254837729	1	42
76.1820047729	2	42
76.6385257729	3	42
77.0901902729	4	42
77.5443627729	1	43
78.0216347729	2	43
78.4989067729	3	43
78.9505187729	4	43
79.4021307729	1	44
79.8660937729	2	44
80.3300567729	3	44
80.7940197729	4	44
81.2579827729	1	45
81.7145737729	2	45
82.1711647729	3	45
82.6277557729	4	45
83.0843467729	1	46
83.5409377729	2	46
83.9975287729	3	46
84.4541197729	4	46
84.9107107729	1	47
85.3673027729	2	47
85.8238947729	3	47
86.2804867729	4	47
86.7370787729	1	48
87.1950967729	2	48
87.6531147729	3	48
88.1111327729	4	48
88.5691507729	1	49
89.0277117729	2	49
89.4862727729	3	49
89.9448337729	4	49
90.4033947729	1	50
90.8607127729	2	50
91.3180307729	3	50
91.7753487729	4	50
92.2326667729	1	51
92.6899847729	2	51
93.1473027729	3	51
93.6046207729	4	51
94.0619387729	1	52
94.5192567729	2	52
94.9765747729	3	52
95.4338927729	4	52
95.8912107729	1	53
96.3578767729	2	53
96.8245427729	3	53
97.2810637729	4	53
97.7375847729	1	54
98.1994127729	2	54
98.6612407729	3	54
99.1230687729	4	54
99.5848967729	1	55
100.046186773	2	55
100.507476773	3	55
100.968766773	4	55
101.430056773	1	56
101.891346773	2	56
102.352636773	3	56
102.813926773	4	56
103.275216773	1	57
103.733676773	2	57
104.192136773	3	57
104.650596773	4	57
105.109056773	1	58
105.567516773	2	58
106.019128773	3	58
106.468338773	4	58
106.925075773	1	59
107.402347773	2	59
107.879619773	3	59
108.356891773	4	59
108.834163773	1	60
109.311435773	2	60
109.786026773	3	60
110.257936773	4	60
110.729846773	1	61
111.201756773	2	61
111.673666773	3	61
112.145576773	4	61
112.617486773	1	62
113.089396773	2	62
113.561306773	3	62
114.033216773	4	62
114.505126773	1	63
114.977036773	2	63
115.448946773	3	63
115.920856773	4	63
116.392766773	1	64
116.864676773	2	64
117.336586773	3	64
117.808496773	4	64
118.280406773	1	65
118.752316773	2	65
119.224226773	3	65
119.701498773	4	65
120.178770773	1	66
120.645436773	2	66
121.117346773	3	66
121.579016404	4	66
122.061774404	1	67
122.544532404	2	67
123.021804404	3	67
123.499076404	4	67
123.976348404	1	68
124.443014404	2	68
124.909680404	3	68
125.376346404	4	68
125.848315404	1	69
126.325587404	2	69
126.797497404	3	69
127.269407404	4	69
127.730944404	1	70
128.197610404	2	70
128.669520404	3	70
129.141430404	4	70
129.613340404	1	71
130.085250404	2	71
130.557160404	3	71
131.029070404	4	71
131.500980404	1	72
131.972890404	2	72
132.444800404	3	72
132.922072404	4	72
133.399344404	1	73
133.866010404	2	73
134.332676404	3	73
134.799342404	4	73
135.276614404	1	74
135.733135404	2	74
136.189656404	3	74
136.636464404	4	74
137.083272404	1	75
