4.958672	1	1
5.571055	2	1
6.183438	3	1
6.795821	4	1
7.408204	1	2
8.020587	2	2
8.63297	3	2
9.245353	4	2
9.857736	1	3
10.470119	2	3
11.082502	3	3
11.694885	4	3
12.307268	1	4
12.919651	2	4
13.532034	3	4
14.144417	4	4
14.7568	1	5
15.369516	2	5
15.982232	3	5
16.594948	4	5
17.207664	1	6
17.815407	2	6
18.42315	3	6
19.030893	4	6
19.638636	1	7
20.252452	2	7
20.866268	3	7
21.480084	4	7
22.0939	1	8
22.707716	2	8
23.321532	3	8
23.935348	4	8
24.549164	1	9
25.161351	2	9
25.773538	3	9
26.385725	4	9
26.997912	1	10
27.610135	2	10
28.222358	3	10
28.834581	4	10
29.446804	1	11
30.058469	2	11
30.670134	3	11
31.281799	4	11
31.893464	1	12
32.506485	2	12
33.119506	3	12
33.732527	4	12
34.345548	1	13
34.95759	2	13
35.569632	3	13
36.181674	4	13
36.793716	1	14
37.405964	2	14
38.018212	3	14
38.63046	4	14
39.242708	1	15
39.854373	2	15
40.466038	3	15
41.077703	4	15
41.689368	1	16
42.30141	2	16
42.913452	3	16
43.525494	4	16
44.137536	1	17
44.748641	2	17
45.359746	3	17
45.970851	4	17
46.581956	1	18
47.193061	2	18
47.804166	3	18
48.415271	4	18
49.026376	1	19
49.639275	2	19
50.252174	3	19
50.865073	4	19
51.477972	1	20
52.092837	2	20
52.707702	3	20
53.322567	4	20
53.937432	1	21
54.546764	2	21
55.156096	3	21
55.765428	4	21
56.37476	1	22
56.989383	2	22
57.604006	3	22
58.218629	4	22
58.833252	1	23
59.445896	2	23
60.05854	3	23
60.671184	4	23
61.283828	1	24
61.896122	2	24
62.508416	3	24
63.12071	4	24
63.733004	1	25
64.3455	2	25
64.957996	3	25
65.570492	4	25
66.182988	1	26
66.794909	2	26
67.40683	3	26
68.018751	4	26
68.630672	1	27
69.242911	2	27
69.85515	3	27
70.467389	4	27
71.079628	1	28
71.691867	2	28
72.304106	3	28
72.916345	4	28
73.528584	1	29
74.136667	2	29
74.74475	3	29
75.352833	4	29
75.960916	1	30
76.5776	2	30
77.194284	3	30
77.810968	4	30
78.427652	1	31
79.039533	2	31
79.651414	3	31
80.263295	4	31
80.875176	1	32
81.487716	2	32
82.100256	3	32
82.712796	4	32
83.325336	1	33
83.937199	2	33
84.549062	3	33
85.160925	4	33
85.772788	1	34
86.384547	2	34
86.996306	3	34
87.608065	4	34
88.219824	1	35
88.832733	2	35
89.445642	3	35
90.058551	4	35
90.67146	1	36
91.283614	2	36
91.895768	3	36
92.507922	4	36
93.120076	1	37
93.732585	2	37
94.345094	3	37
94.957603	4	37
95.570112	1	38
96.181513	2	38
96.792914	3	38
97.404315	4	38
98.015716	1	39
98.628764	2	39
99.241812	3	39
99.85486	4	39
100.467908	1	40
101.080202	2	40
101.692496	3	40
102.30479	4	40
102.917084	1	41
103.5291	2	41
104.141116	3	41
104.753132	4	41
105.365148	1	42
105.977438	2	42
106.589728	3	42
107.202018	4	42
107.814308	1	43
108.426602	2	43
109.038896	3	43
109.65119	4	43
110.263484	1	44
110.875656	2	44
111.487828	3	44
112.1	4	44
112.712172	1	45
113.324457	2	45
113.936742	3	45
114.549027	4	45
115.161312	1	46
115.773717	2	46
116.386122	3	46
116.998527	4	46
117.610932	1	47
118.2228	2	47
118.834668	3	47
119.446536	4	47
120.058404	1	48
120.671074	2	48
121.283744	3	48
121.896414	4	48
122.509084	1	49
123.120912	2	49
123.73274	3	49
124.344568	4	49
124.956396	1	50
125.564102	2	50
126.171808	3	50
126.779514	4	50
127.38722	1	51
128.003873	2	51
128.620526	3	51
129.237179	4	51
129.853832	1	52
130.466535	2	52
131.079238	3	52
131.691941	4	52
132.304644	1	53
132.918725	2	53
133.532806	3	53
134.146887	4	53
134.760968	1	54
135.372019	2	54
135.98307	3	54
136.594121	4	54
137.205172	1	55
137.816922	2	55
138.428672	3	55
139.040422	4	55
139.652172	1	56
140.263968	2	56
140.875764	3	56
141.48756	4	56
142.099356	1	57
142.711986	2	57
143.324616	3	57
143.937246	4	57
144.549876	1	58
145.161963	2	58
145.77405	3	58
146.386137	4	58
146.998224	1	59
147.610182	2	59
148.22214	3	59
148.834098	4	59
149.446056	1	60
150.057991	2	60
150.669926	3	60
151.281861	4	60
151.893796	1	61
152.505093	2	61
153.11639	3	61
153.727687	4	61
154.338984	1	62
154.949504	2	62
155.560024	3	62
156.170544	4	62
156.781064	1	63
157.396514	2	63
158.011964	3	63
158.627414	4	63
159.242864	1	64
159.854515	2	64
160.466166	3	64
161.077817	4	64
161.689468	1	65
162.302197	2	65
162.914926	3	65
163.527655	4	65
164.140384	1	66
164.752835	2	66
165.365286	3	66
165.977737	4	66
166.590188	1	67
167.204511	2	67
167.818834	3	67
168.433157	4	67
169.04748	1	68
169.658203	2	68
170.268926	3	68
170.879649	4	68
171.490372	1	69
172.101938	2	69
172.713504	3	69
173.32507	4	69
173.936636	1	70
174.548841	2	70
175.161046	3	70
175.773251	4	70
176.385456	1	71
176.997472	2	71
177.609488	3	71
178.221504	4	71
178.83352	1	72
179.445935	2	72
180.05835	3	72
180.670765	4	72
181.28318	1	73
181.895532	2	73
182.507884	3	73
183.120236	4	73
183.732588	1	74
184.344119	2	74
184.95565	3	74
185.567181	4	74
186.178712	1	75
186.791159	2	75
187.403606	3	75
188.016053	4	75
188.6285	1	76
189.242056	2	76
189.855612	3	76
190.469168	4	76
191.082724	1	77
191.694525	2	77
192.306326	3	77
192.918127	4	77
193.529928	1	78
194.140444	2	78
194.75096	3	78
195.361476	4	78
195.971992	1	79
196.585794	2	79
197.199596	3	79
197.813398	4	79
198.4272	1	80
199.038699	2	80
199.650198	3	80
200.261697	4	80
200.873196	1	81
201.489252	2	81
202.105308	3	81
202.721364	4	81
203.33742	1	82
203.94856	2	82
204.5597	3	82
205.17084	4	82
205.78198	1	83
206.396051	2	83
207.010122	3	83
207.624193	4	83
208.238264	1	84
208.844767	2	84
209.45127	3	84
210.057773	4	84
210.664276	1	85
211.280597	2	85
211.896918	3	85
212.513239	4	85
213.12956	1	86
