3.913026	1	1
4.2356055	2	1
4.558185	3	1
4.8807645	4	1
5.203344	5	1
5.5259235	6	1
5.848503	1	2
6.1710825	2	2
6.493662	3	2
6.8162415	4	2
7.138821	5	2
7.4614005	6	2
7.78398	1	3
8.1065595	2	3
8.429139	3	3
8.7517185	4	3
9.074298	5	3
9.3968775	6	3
9.719457	1	4
10.0386055	2	4
10.357754	3	4
10.6769025	4	4
10.996051	5	4
11.3151995	6	4
11.634348	1	5
11.9534965	2	5
12.272645	3	5
12.5917935	4	5
12.910942	5	5
13.2300905	6	5
13.549239	1	6
13.8753245	2	6
14.20141	3	6
14.5274955	4	6
14.853581	5	6
15.1796665	6	6
15.505752	1	7
15.8318375	2	7
16.157923	3	7
16.4840085	4	7
16.810094	5	7
17.1361795	6	7
17.462265	1	8
17.7848445	2	8
18.107424	3	8
18.4300035	4	8
18.752583	5	8
19.0751625	6	8
19.397742	1	9
19.7168905	2	9
20.036039	3	9
20.3551875	4	9
20.674336	5	9
20.9934845	6	9
21.312633	1	10
21.6317815	2	10
21.95093	3	10
22.2700785	4	10
22.589227	5	10
22.9083755	6	10
23.227524	1	11
23.5646025	2	11
23.901681	3	11
24.2277665	4	11
24.553852	5	11
24.8799375	6	11
25.206023	1	12
25.5251715	2	12
25.84432	3	12
26.1634685	4	12
26.482617	5	12
26.8017655	6	12
27.120914	1	13
27.4434935	2	13
27.766073	3	13
28.0886525	4	13
28.411232	5	13
28.7338115	6	13
29.056391	1	14
29.3755395	2	14
29.694688	3	14
30.0138365	4	14
30.332985	5	14
30.6521335	6	14
30.971282	1	15
31.2904305	2	15
31.609579	3	15
31.9392485	4	15
32.268918	5	15
32.5985875	6	15
32.928257	1	16
33.2508365	2	16
33.573416	3	16
33.8959955	4	16
34.218575	5	16
34.5411545	6	16
34.860303	1	17
35.1794515	2	17
35.4986	3	17
35.8246855	4	17
36.150771	5	17
36.4768565	6	17
36.802942	1	18
37.1290275	2	18
37.455113	3	18
37.7811985	4	18
38.100347	5	18
38.4194955	6	18
38.738644	1	19
39.0612235	2	19
39.383803	3	19
39.7063825	4	19
40.028962	5	19
40.3515415	6	19
40.674121	1	20
40.9967005	2	20
41.31928	3	20
41.6418595	4	20
41.9543595	5	20
42.2668595	6	20
42.5793595	1	21
42.905445	2	21
43.2315305	3	21
43.557616	4	21
43.8837015	5	21
44.209787	6	21
44.5358725	1	22
44.858452	2	22
45.1810315	3	22
45.503611	4	22
45.8261905	5	22
46.14877	6	22
46.4713495	1	23
46.808428	2	23
47.1455065	3	23
47.4580065	4	23
47.7705065	5	23
48.0830065	6	23
48.3955065	1	24
48.7080065	2	24
49.034092	3	24
49.3601775	4	24
49.686263	5	24
50.0123485	6	24
50.338434	1	25
50.6575825	2	25
50.976731	3	25
51.2958795	4	25
51.621965	5	25
51.9480505	6	25
52.274136	1	26
52.6002215	2	26
52.926307	3	26
53.2523925	4	26
53.578478	5	26
53.9045635	6	26
54.230649	1	27
54.543149	2	27
54.8622975	3	27
55.181446	4	27
55.5005945	5	27
55.819743	6	27
56.1388915	1	28
56.45804	2	28
56.7771885	3	28
57.096337	4	28
57.429669	5	28
57.763001	6	28
58.096333	1	29
58.4260025	2	29
58.755672	3	29
59.0817575	4	29
59.407843	5	29
59.713965	6	29
60.020087	1	30
60.3392355	2	30
60.658384	3	30
60.9775325	4	30
61.296681	5	30
61.6158295	6	30
61.934978	1	31
62.2541265	2	31
62.573275	3	31
62.8924235	4	31
63.215003	5	31
63.5375825	6	31
63.860162	1	32
64.1898315	2	32
64.519501	3	32
64.8491705	4	32
65.17884	5	32
65.5085095	6	32
65.838179	1	33
66.153968	2	33
66.469757	3	33
66.785546	4	33
67.101335	5	33
67.417124	6	33
67.732913	1	34
68.0554925	2	34
68.378072	3	34
68.7006515	4	34
69.023231	5	34
69.3458105	6	34
69.66839	1	35
69.9980595	2	35
70.327729	3	35
70.6573985	4	35
70.987068	5	35
71.3167375	6	35
71.646407	1	36
71.9760765	2	36
72.305746	3	36
72.6354155	4	36
72.9512045	5	36
73.2669935	6	36
73.5827825	1	37
73.8985715	2	37
74.2143605	3	37
74.5301495	4	37
74.8459385	5	37
75.1617275	6	37
75.4775165	1	38
75.803602	2	38
76.1296875	3	38
76.455773	4	38
76.7818585	5	38
77.107944	6	38
77.414066	1	39
77.7511445	2	39
78.088223	3	39
78.4253015	4	39
78.7410905	5	39
79.0568795	6	39
79.3726685	1	40
79.698754	2	40
80.0248395	3	40
80.350925	4	40
80.6735045	5	40
80.996084	6	40
81.3186635	1	41
81.641243	2	41
81.9638225	3	41
82.286402	4	41
82.602191	5	41
82.91798	6	41
83.233769	1	42
83.5598545	2	42
83.88594	3	42
84.2120255	4	42
84.534605	5	42
84.8571845	6	42
85.179764	1	43
85.5023435	2	43
85.824923	3	43
86.1475025	4	43
86.470082	5	43
86.7926615	6	43
87.115241	1	44
87.43103	2	44
87.746819	3	44
88.062608	4	44
88.3886935	5	44
88.714779	6	44
89.0408645	1	45
89.36695	2	45
89.6930355	3	45
90.019121	4	45
90.3452065	5	45
90.671292	6	45
90.9973775	1	46
91.316526	2	46
91.6356745	3	46
91.954823	4	46
92.2809085	5	46
92.606994	6	46
92.9330795	1	47
93.252228	2	47
93.5713765	3	47
93.890525	4	47
94.2096735	5	47
94.528822	6	47
94.8479705	1	48
95.167119	2	48
95.4862675	3	48
95.805416	4	48
96.1245645	5	48
96.443713	6	48
96.7628615	1	49
97.08201	2	49
97.4011585	3	49
97.720307	4	49
98.0573855	5	49
98.394464	6	49
98.7136125	1	50
99.032761	2	50
99.3519095	3	50
99.671058	4	50
99.9902065	5	50
100.309355	6	50
100.6285035	1	51
100.947652	2	51
101.2668005	3	51
101.585949	4	51
101.919281	5	51
102.252613	6	51
102.585945	1	52
102.901734	2	52
103.217523	3	52
103.533312	4	52
103.8629815	5	52
104.192651	6	52
104.5223205	1	53
104.8381095	2	53
105.1538985	3	53
105.4696875	4	53
105.799357	5	53
106.1290265	6	53
106.448175	1	54
106.7673235	2	54
107.086472	3	54
107.4056205	4	54
107.7389525	5	54
108.0722845	6	54
108.4056165	1	55
108.714894	2	55
109.0241715	3	55
109.346751	4	55
109.6693305	5	55
109.99191	6	55
110.3144895	1	56
110.633638	2	56
110.9527865	3	56
111.271935	4	56
111.5910835	5	56
111.910232	6	56
112.2293805	1	57
112.55905	2	57
112.8887195	3	57
113.218389	4	57
113.5409685	5	57
113.863548	6	57
114.1861275	1	58
114.505276	2	58
114.8244245	3	58
115.143573	4	58
115.4627215	5	58
115.78187	6	58
116.1010185	1	59
116.423598	2	59
116.7461775	3	59
117.068757	4	59
117.3913365	5	59
117.713916	6	59
118.0364955	1	60
118.359075	2	60
118.6816545	3	60
119.004234	4	60
119.3268135	5	60
119.649393	6	60
119.9719725	1	61
120.294552	2	61
120.6171315	3	61
120.939711	4	61
121.2622905	5	61
121.58487	6	61
121.9074495	1	62
122.230029	2	62
122.5526085	3	62
122.875188	4	62
123.1977675	5	62
123.520347	6	62
123.8429265	1	63
124.165506	2	63
124.4880855	3	63
124.810665	4	63
125.1332445	5	63
125.455824	6	63
125.7784035	1	64
126.100983	2	64
126.4235625	3	64
126.746142	4	64
127.0687215	5	64
127.391301	6	64
127.7138805	1	65
128.03646	2	65
128.3590395	3	65
128.681619	4	65
129.0041985	5	65
129.326778	6	65
129.6493575	1	66
129.971937	2	66
130.2945165	3	66
130.617096	4	66
130.9396755	5	66
131.262255	6	66
131.5848345	1	67
131.907414	2	67
132.2299935	3	67
132.552573	4	67
132.8751525	5	67
133.197732	6	67
133.5203115	1	68
133.842891	2	68
134.1654705	3	68
134.48805	4	68
134.8106295	5	68
135.140299	6	68
135.4699685	1	69
135.799638	2	69
136.1293075	3	69
136.448456	4	69
136.7676045	5	69
137.086753	6	69
137.4059015	1	70
137.72505	2	70
138.0441985	3	70
138.363347	4	70
138.6824955	5	70
139.001644	6	70
139.3207925	1	71
139.639941	2	71
139.9590895	3	71
140.278238	4	71
140.5973865	5	71
140.927056	6	71
141.2531415	1	72
141.579227	2	72
141.9053125	3	72
142.231398	4	72
142.5574835	5	72
142.883569	6	72
143.2096545	1	73
143.53574	2	73
143.8618255	3	73
144.187911	4	73
144.5139965	5	73
144.840082	6	73
145.1661675	1	74
145.488747	2	74
145.8113265	3	74
146.1238265	4	74
146.4363265	5	74
146.7488265	6	74
147.0613265	1	75
147.387412	2	75
147.7134975	3	75
148.039583	4	75
148.3656685	5	75
148.684817	6	75
149.0039655	1	76
149.323114	2	76
149.6422625	3	76
149.961411	4	76
150.2874965	5	76
150.613582	6	76
150.9396675	1	77
151.269337	2	77
151.5990065	3	77
151.928676	4	77
152.2583455	5	77
152.588015	6	77
152.903804	1	78
153.219593	2	78
153.535382	3	78
153.8762895	4	78
154.185567	5	78
154.4948445	6	78
154.804122	1	79
155.1267015	2	79
155.449281	3	79
155.7718605	4	79
156.09444	5	79
156.4170195	6	79
156.739599	1	80
157.0621785	2	80
157.384758	3	80
157.7073375	4	80
158.029917	5	80
158.3524965	6	80
158.675076	1	81
158.9976555	2	81
159.320235	3	81
159.6428145	4	81
159.972484	5	81
160.3021535	6	81
160.631823	1	82
160.9544025	2	82
161.276982	3	82
161.5995615	4	82
161.922141	5	82
162.2447205	6	82
162.5673	1	83
162.8898795	2	83
163.212459	3	83
163.528248	4	83
163.844037	5	83
164.159826	6	83
164.493158	1	84
164.82649	2	84
165.159822	3	84
165.493154	4	84
165.826486	5	84
166.126486	6	84
166.426486	1	85
166.7490655	2	85
167.071645	3	85
167.3942245	4	85
167.716804	5	85
168.0393835	6	85
168.361963	1	86
168.6845425	2	86
169.007122	3	86
169.3297015	4	86
169.652281	5	86
169.9748605	6	86
170.29744	1	87
170.6200195	2	87
170.942599	3	87
171.2651785	4	87
171.587758	5	87
171.9103375	6	87
172.232917	1	88
172.5554965	2	88
172.878076	3	88
173.2006555	4	88
173.523235	5	88
173.8458145	6	88
174.168394	1	89
174.4909735	2	89
174.813553	3	89
175.1361325	4	89
175.458712	5	89
175.7812915	6	89
176.103871	1	90
176.4264505	2	90
176.74903	3	90
177.0716095	4	90
177.394189	5	90
177.7167685	6	90
178.039348	1	91
178.3619275	2	91
178.684507	3	91
179.0070865	4	91
179.329666	5	91
179.6522455	6	91
179.974825	1	92
180.2974045	2	92
180.619984	3	92
180.9425635	4	92
181.265143	5	92
181.5877225	6	92
181.910302	1	93
182.2328815	2	93
182.555461	3	93
182.8780405	4	93
183.20062	5	93
183.5231995	6	93
183.845779	1	94
184.1683585	2	94
184.490938	3	94
184.8135175	4	94
185.136097	5	94
185.4586765	6	94
185.781256	1	95
186.1038355	2	95
186.426415	3	95
186.7489945	4	95
187.071574	5	95
187.3941535	6	95
187.716733	1	96
188.0393125	2	96
188.361892	3	96
188.6844715	4	96
189.007051	5	96
189.3296305	6	96
189.65221	1	97
189.9747895	2	97
190.297369	3	97
190.6199485	4	97
190.942528	5	97
191.2651075	6	97
191.587687	7	97
191.9102665	1	98
192.239936	2	98
192.5696055	3	98
192.899275	4	98
193.2289445	5	98
193.558614	6	98
193.8882835	1	99
194.214369	2	99
194.5404545	3	99
194.86654	4	99
195.1926255	5	99
195.518711	6	99
195.8447965	1	100
196.170882	2	100
196.4969675	3	100
196.823053	4	100
197.1491385	5	100
197.475224	6	100
197.8013095	1	101
198.130979	2	101
198.4606485	3	101
198.8135895	4	101
199.193335	5	101
199.5730805	6	101
199.8855805	1	102
200.3471175	2	102
200.8086545	3	102
