0.04166669375	2	1
0.623737779167	3	1
1.212122	1	2
1.794646	2	2
2.37717	3	2
2.959694	4	2
3.542218	1	3
4.124742	2	3
4.707266	3	3
5.28979	4	3
5.872314	1	4
6.454838	2	4
7.037362	3	4
7.619886	4	4
8.20241	1	5
8.784934	2	5
9.367458	3	5
9.949982	4	5
10.532506	1	6
11.11503	2	6
11.697554	3	6
12.280078	4	6
12.862602	1	7
13.445126	2	7
14.02765	3	7
14.610174	4	7
15.192698	1	8
15.775222	2	8
16.357746	3	8
16.94027	4	8
17.522794	1	9
18.105318	2	9
18.687842	3	9
19.270366	4	9
19.85289	1	10
20.435414	2	10
21.017938	3	10
21.600462	4	10
22.182986	1	11
22.76551	2	11
23.348034	3	11
23.930558	4	11
24.513082	1	12
25.095606	2	12
25.67813	3	12
26.260654	4	12
26.843178	1	13
27.425702	2	13
28.008226	3	13
28.59075	4	13
29.173274	1	14
29.755798	2	14
30.338322	3	14
30.920846	4	14
31.50337	1	15
32.085894	2	15
32.668418	3	15
33.250942	4	15
33.833466	1	16
34.41599	2	16
34.998514	3	16
35.581038	4	16
36.163562	1	17
36.746086	2	17
37.32861	3	17
37.911134	4	17
38.493658	1	18
39.076182	2	18
39.658706	3	18
40.24123	4	18
40.823754	1	19
41.406278	2	19
41.988802	3	19
42.571326	4	19
43.15385	1	20
43.736374	2	20
44.318898	3	20
44.901422	4	20
45.483946	1	21
46.06647	2	21
46.648994	3	21
47.231518	4	21
47.814042	1	22
48.396566	2	22
48.97909	3	22
49.561614	4	22
50.144138	1	23
50.726662	2	23
51.309186	3	23
51.89171	4	23
52.474234	1	24
53.056758	2	24
53.639282	3	24
54.221806	4	24
54.80433	1	25
55.386854	2	25
55.969378	3	25
56.551902	4	25
57.134426	1	26
57.71695	2	26
58.299474	3	26
58.881998	4	26
59.464522	1	27
60.047046	2	27
60.62957	3	27
61.212094	4	27
61.794618	1	28
62.377142	2	28
62.959666	3	28
63.54219	4	28
64.124714	1	29
64.707238	2	29
65.289762	3	29
65.872286	4	29
66.45481	1	30
67.037334	2	30
67.619858	3	30
68.202382	4	30
68.784906	1	31
69.36743	2	31
69.949954	3	31
70.532478	4	31
71.115002	1	32
71.697526	2	32
72.28005	3	32
72.862574	4	32
73.445098	1	33
74.027622	2	33
74.610146	3	33
75.19267	4	33
75.775194	1	34
76.357718	2	34
76.940242	3	34
77.522766	4	34
78.10529	1	35
78.687814	2	35
79.270338	3	35
79.852862	4	35
80.435386	1	36
81.01791	2	36
81.600434	3	36
82.182958	4	36
82.765482	1	37
83.348006	2	37
83.93053	3	37
84.513054	4	37
85.095578	1	38
85.678102	2	38
86.260626	3	38
86.84315	4	38
87.425674	1	39
88.008198	2	39
88.590722	3	39
89.173246	4	39
89.75577	1	40
90.338294	2	40
90.920818	3	40
91.503342	4	40
92.085866	1	41
92.66839	2	41
93.250914	3	41
93.833438	4	41
94.415962	1	42
94.998486	2	42
95.58101	3	42
96.163534	4	42
96.746058	1	43
97.328582	2	43
97.911106	3	43
98.49363	4	43
99.076154	1	44
99.658678	2	44
100.241202	3	44
100.823726	4	44
101.40625	1	45
101.988774	2	45
102.571298	3	45
103.153822	4	45
103.736346	1	46
104.31887	2	46
104.901394	3	46
105.483918	4	46
106.066442	1	47
106.648966	2	47
107.23149	3	47
107.814014	4	47
108.396538	1	48
108.979062	2	48
109.561586	3	48
110.14411	4	48
110.726634	1	49
111.309158	2	49
111.891682	3	49
112.474206	4	49
113.05673	1	50
113.639254	2	50
114.221778	3	50
114.804302	4	50
115.386826	1	51
115.96935	2	51
116.551874	3	51
117.134398	4	51
117.716922	1	52
118.299446	2	52
118.88197	3	52
119.464494	4	52
120.047018	1	53
120.629542	2	53
121.212066	3	53
121.79459	4	53
122.377114	1	54
122.959638	2	54
123.542162	3	54
124.124686	4	54
124.70721	1	55
125.289734	2	55
125.872258	3	55
126.454782	4	55
127.037306	1	56
127.61983	2	56
128.202354	3	56
128.784878	4	56
129.367402	1	57
129.949926	2	57
130.53245	3	57
131.114974	4	57
131.697498	1	58
132.280022	2	58
132.862546	3	58
133.44507	4	58
134.027594	1	59
134.610118	2	59
135.192642	3	59
135.775166	4	59
136.35769	1	60
136.940214	2	60
137.522738	3	60
138.105262	4	60
138.687786	1	61
139.27031	2	61
139.852834	3	61
140.435358	4	61
141.017882	1	62
141.600406	2	62
142.18293	3	62
142.765454	4	62
143.347978	1	63
143.930502	2	63
144.513026	3	63
145.09555	4	63
145.678074	1	64
146.260598	2	64
146.843122	3	64
147.425646	4	64
148.00817	1	65
148.590694	2	65
149.173218	3	65
149.755742	4	65
150.338266	1	66
150.92079	2	66
151.503314	3	66
152.085838	4	66
152.668362	1	67
153.250886	2	67
153.83341	3	67
154.415934	4	67
154.998458	1	68
155.580982	2	68
156.163506	3	68
156.74603	4	68
157.328554	1	69
157.911078	2	69
158.493602	3	69
159.076126	4	69
159.65865	1	70
160.241174	2	70
160.823698	3	70
161.406222	4	70
161.988746	1	71
162.57127	2	71
163.153794	3	71
163.736318	4	71
164.318842	1	72
164.901366	2	72
165.48389	3	72
166.066414	4	72
166.648938	1	73
167.231462	2	73
167.813986	3	73
168.39651	4	73
168.979034	1	74
169.561558	2	74
170.144082	3	74
170.726606	4	74
171.30913	1	75
171.891654	2	75
172.474178	3	75
173.056702	4	75
173.639226	1	76
174.22175	2	76
174.804274	3	76
175.386798	4	76
175.969322	1	77
176.551846	2	77
177.13437	3	77
177.716894	4	77
178.299418	1	78
178.881942	2	78
179.464466	3	78
180.04699	4	78
180.629514	1	79
181.212038	2	79
181.794562	3	79
182.377086	4	79
182.95961	1	80
183.542134	2	80
184.124658	3	80
184.707182	4	80
185.289706	1	81
185.87223	2	81
186.454754	3	81
187.037278	4	81
187.619802	1	82
188.202326	2	82
188.78485	3	82
189.367374	4	82
189.949898	1	83
190.532422	2	83
191.114946	3	83
191.69747	4	83
192.279994	1	84
192.862518	2	84
193.445042	3	84
194.027566	4	84
194.61009	1	85
195.192614	2	85
195.775138	3	85
196.357662	4	85
196.940186	1	86
