0.0552631625	1	1
0.631579	2	1
1.203008	3	1
1.774437	4	1
2.345866	1	2
2.917295	2	2
3.488724	3	2
4.060153	4	2
4.631582	1	3
5.203011	2	3
5.77444	3	3
6.345869	4	3
6.917298	1	4
7.488727	2	4
8.060156	3	4
8.631585	4	4
9.203014	1	5
9.774443	2	5
10.345872	3	5
10.917301	4	5
11.48873	1	6
12.060159	2	6
12.631588	3	6
13.203017	4	6
13.774446	1	7
14.345875	2	7
14.917304	3	7
15.488733	4	7
16.060162	1	8
16.631591	2	8
17.20302	3	8
17.774449	4	8
18.345878	1	9
18.917307	2	9
19.488736	3	9
20.060165	4	9
20.631594	1	10
21.203023	2	10
21.774452	3	10
22.345881	4	10
22.91731	1	11
23.488739	2	11
24.060168	3	11
24.631597	4	11
25.203026	1	12
25.774455	2	12
26.345884	3	12
26.917313	4	12
27.488742	1	13
28.060171	2	13
28.6316	3	13
29.203029	4	13
29.774458	1	14
30.345887	2	14
30.917316	3	14
31.488745	4	14
32.060174	1	15
32.631603	2	15
33.203032	3	15
33.774461	4	15
34.34589	1	16
34.917319	2	16
35.488748	3	16
36.060177	4	16
36.631606	1	17
37.203035	2	17
37.774464	3	17
38.345893	4	17
38.917322	1	18
39.488751	2	18
40.06018	3	18
40.631609	4	18
41.203038	1	19
41.774467	2	19
42.345896	3	19
42.917325	4	19
43.488754	1	20
44.060183	2	20
44.631612	3	20
45.203041	4	20
45.77447	1	21
46.345899	2	21
46.917328	3	21
47.488757	4	21
48.060186	1	22
48.631615	2	22
49.203044	3	22
49.774473	4	22
50.345902	1	23
50.917331	2	23
51.48876	3	23
52.060189	4	23
52.631618	1	24
53.203047	2	24
53.774476	3	24
54.345905	4	24
54.917334	1	25
55.488763	2	25
56.060192	3	25
56.631621	4	25
57.20305	1	26
57.774479	2	26
58.345908	3	26
58.917337	4	26
59.488766	1	27
60.060195	2	27
60.631624	3	27
61.203053	4	27
61.774482	1	28
62.345911	2	28
62.91734	3	28
63.488769	4	28
64.060198	1	29
64.631627	2	29
65.203056	3	29
65.774485	4	29
66.345914	1	30
66.917343	2	30
67.488772	3	30
68.060201	4	30
68.63163	1	31
69.203059	2	31
69.774488	3	31
70.345917	4	31
70.917346	1	32
71.488775	2	32
72.060204	3	32
72.631633	4	32
73.203062	1	33
73.774491	2	33
74.34592	3	33
74.917349	4	33
75.488778	1	34
76.060207	2	34
76.631636	3	34
77.203065	4	34
77.774494	1	35
78.345923	2	35
78.917352	3	35
79.488781	4	35
80.06021	1	36
80.631639	2	36
81.203068	3	36
81.774497	4	36
82.345926	1	37
82.917355	2	37
83.488784	3	37
84.060213	4	37
84.631642	1	38
85.203071	2	38
85.7745	3	38
86.345929	4	38
86.917358	1	39
87.488787	2	39
88.060216	3	39
88.631645	4	39
89.203074	1	40
89.774503	2	40
90.345932	3	40
90.917361	4	40
91.48879	1	41
92.060219	2	41
92.631648	3	41
93.203077	4	41
93.774506	1	42
94.345935	2	42
94.917364	3	42
95.488793	4	42
96.060222	1	43
96.631651	2	43
97.20308	3	43
97.774509	4	43
98.345938	1	44
98.917367	2	44
99.488796	3	44
100.060225	4	44
100.631654	1	45
101.203083	2	45
101.774512	3	45
102.345941	4	45
102.91737	1	46
103.488799	2	46
104.060228	3	46
104.631657	4	46
105.203086	1	47
105.774515	2	47
106.345944	3	47
106.917373	4	47
107.488802	1	48
108.060231	2	48
108.63166	3	48
109.203089	4	48
109.774518	1	49
110.345947	2	49
110.917376	3	49
111.488805	4	49
112.060234	1	50
112.631663	2	50
113.203092	3	50
113.774521	4	50
114.34595	1	51
114.917379	2	51
115.488808	3	51
116.060237	4	51
116.631666	1	52
117.203095	2	52
117.774524	3	52
118.345953	4	52
118.917382	1	53
119.488811	2	53
120.06024	3	53
120.631669	4	53
121.203098	1	54
121.774527	2	54
122.345956	3	54
122.917385	4	54
123.488814	1	55
124.060243	2	55
124.631672	3	55
125.203101	4	55
125.77453	1	56
126.345959	2	56
126.917388	3	56
127.488817	4	56
128.060246	1	57
128.631675	2	57
129.203104	3	57
129.774533	4	57
130.345962	1	58
130.917391	2	58
131.48882	3	58
132.060249	4	58
132.631678	1	59
133.203107	2	59
133.774536	3	59
134.345965	4	59
134.917394	1	60
135.488823	2	60
136.060252	3	60
136.631681	4	60
137.20311	1	61
137.774539	2	61
138.345968	3	61
138.917397	4	61
139.488826	1	62
140.060255	2	62
140.631684	3	62
141.203113	4	62
141.774542	1	63
142.345971	2	63
142.9174	3	63
143.488829	4	63
144.060258	1	64
144.631687	2	64
145.203116	3	64
145.774545	4	64
146.345974	1	65
146.917403	2	65
147.488832	3	65
148.060261	4	65
148.63169	1	66
149.203119	2	66
149.774548	3	66
150.345977	4	66
150.917406	1	67
151.488835	2	67
152.060264	3	67
152.631693	4	67
153.203122	1	68
153.774551	2	68
154.34598	3	68
154.917409	4	68
155.488838	1	69
156.060267	2	69
156.631696	3	69
157.203125	4	69
157.774554	1	70
158.345983	2	70
158.917412	3	70
159.488841	4	70
160.06027	1	71
160.631699	2	71
161.203128	3	71
161.774557	4	71
162.345986	1	72
162.917415	2	72
163.488844	3	72
164.060273	4	72
164.631702	1	73
165.203131	2	73
165.77456	3	73
166.345989	4	73
166.917418	1	74
167.488847	2	74
168.060276	3	74
168.631705	4	74
169.203134	1	75
169.774563	2	75
170.345992	3	75
170.917421	4	75
171.48885	1	76
172.060279	2	76
172.631708	3	76
173.203137	4	76
173.774566	1	77
174.345995	2	77
174.917424	3	77
175.488853	4	77
176.060282	1	78
176.631711	2	78
177.20314	3	78
177.774569	4	78
178.345998	1	79
178.917427	2	79
179.488856	3	79
180.060285	4	79
180.631714	1	80
181.203143	2	80
181.774572	3	80
182.346001	4	80
182.91743	1	81
183.488859	2	81
184.060288	3	81
184.631717	4	81
185.203146	1	82
185.774575	2	82
186.346004	3	82
186.917433	4	82
187.488862	1	83
188.060291	2	83
188.63172	3	83
189.203149	4	83
189.774578	1	84
190.346007	2	84
190.917436	3	84
191.488865	4	84
192.060294	1	85
192.631723	2	85
193.203152	3	85
193.774581	4	85
194.34601	1	86
194.917439	2	86
195.488868	3	86
196.060297	4	86
196.631726	1	87
197.203155	2	87
197.774584	3	87
198.346013	4	87
198.917442	1	88
199.488871	2	88
200.0603	3	88
200.631729	4	88
201.203158	1	89
201.774587	2	89
202.346016	3	89
202.917445	4	89
203.488874	1	90
204.060303	2	90
204.631732	3	90
205.203161	4	90
205.77459	1	91
206.346019	2	91
206.917448	3	91
207.488877	4	91
208.060306	1	92
208.631735	2	92
209.203164	3	92
209.774593	4	92
210.346022	1	93
210.917451	2	93
211.48888	3	93
212.060309	4	93
212.631738	1	94
213.203167	2	94
213.774596	3	94
214.346025	4	94
214.917454	1	95
215.488883	2	95
216.060312	3	95
216.631741	4	95
217.20317	1	96
217.774599	2	96
218.346028	3	96
218.917457	4	96
219.488886	1	97
220.060315	2	97
220.631744	3	97
221.203173	4	97
221.774602	1	98
222.346031	2	98
222.91746	3	98
223.488889	4	98
224.060318	1	99
224.631747	2	99
225.203176	3	99
225.774605	4	99
226.346034	1	100
226.917463	2	100
227.488892	3	100
228.060321	4	100
228.63175	1	101
