0.121794908333	2	1
0.769231	1	2
1.453382	2	2
2.140667	3	2
2.827952	4	2
3.515237	1	3
4.202522	2	3
4.889807	3	3
5.577092	4	3
6.264377	1	4
6.951662	2	4
7.638947	3	4
8.326232	4	4
9.013517	1	5
9.680184	2	5
10.346851	3	5
11.013518	4	5
11.680185	1	6
12.362003	2	6
13.043821	3	6
13.725639	4	6
14.407457	1	7
15.093171	2	7
15.778885	3	7
16.464599	4	7
17.150313	1	8
17.839968	2	8
18.529623	3	8
19.219278	4	8
19.908933	1	9
20.568274	2	9
21.227615	3	9
21.886956	4	9
22.546297	1	10
23.233582	2	10
23.920867	3	10
24.608152	4	10
25.295437	1	11
25.985092	2	11
26.674747	3	11
27.364402	4	11
28.054057	1	12
28.759939	2	12
29.465821	3	12
30.171703	4	12
30.877585	1	13
31.559403	2	13
32.241221	3	13
32.923039	4	13
33.604857	1	14
34.292142	2	14
34.979427	3	14
35.666712	4	14
36.353997	1	15
37.043652	2	15
37.733307	3	15
38.422962	4	15
39.112617	1	16
39.805458	2	16
40.498299	3	16
41.19114	4	16
41.883981	1	17
42.573636	2	17
43.263291	3	17
43.952946	4	17
44.642601	1	18
45.332256	2	18
46.021911	3	18
46.711566	4	18
47.401221	1	19
48.083039	2	19
48.764857	3	19
49.446675	4	19
50.128493	1	20
50.810311	2	20
51.492129	3	20
52.173947	4	20
52.855765	1	21
53.537583	2	21
54.219401	3	21
54.901219	4	21
55.583037	1	22
56.264855	2	22
56.946673	3	22
57.628491	4	22
58.310309	1	23
58.992127	2	23
59.673945	3	23
60.355763	4	23
61.037581	1	24
61.735255	2	24
62.432929	3	24
63.130603	4	24
63.828277	1	25
64.517932	2	25
65.207587	3	25
65.897242	4	25
66.586897	1	26
67.280539	2	26
67.974181	3	26
68.667823	4	26
69.361465	1	27
70.055107	2	27
70.748749	3	27
71.442391	4	27
72.136033	1	28
72.821747	2	28
73.507461	3	28
74.193175	4	28
74.878889	1	29
75.556855	2	29
76.234821	3	29
76.912787	4	29
77.590753	1	30
78.272571	2	30
78.954389	3	30
79.636207	4	30
80.318025	1	31
80.999843	2	31
81.681661	3	31
82.363479	4	31
83.045297	1	32
83.751179	2	32
84.457061	3	32
85.162943	4	32
85.868825	1	33
86.55848	2	33
87.248135	3	33
87.93779	4	33
88.627445	1	34
89.309263	2	34
89.991081	3	34
90.672899	4	34
91.354717	1	35
92.036535	2	35
92.718353	3	35
93.400171	4	35
94.081989	1	36
94.763807	2	36
95.445625	3	36
96.127443	4	36
96.809261	1	37
97.498916	2	37
98.188571	3	37
98.878226	4	37
99.567881	1	38
100.257536	2	38
100.947191	3	38
101.636846	4	38
102.326501	1	39
103.016156	2	39
103.705811	3	39
104.395466	4	39
105.085121	1	40
105.774776	2	40
106.464431	3	40
107.154086	4	40
107.843741	1	41
108.521707	2	41
109.199673	3	41
109.877639	4	41
110.555605	1	42
111.233571	2	42
111.911537	3	42
112.589503	4	42
113.267469	1	43
113.953183	2	43
114.638897	3	43
115.324611	4	43
116.010325	1	44
116.696039	2	44
117.381753	3	44
118.067467	4	44
118.753181	1	45
119.419848	2	45
120.086515	3	45
120.753182	4	45
121.419849	1	46
122.109504	2	46
122.799159	3	46
123.488814	4	46
124.178469	1	47
124.868124	2	47
125.557779	3	47
126.247434	4	47
126.937089	1	48
127.626744	2	48
128.316399	3	48
129.006054	4	48
129.695709	1	49
130.385364	2	49
131.075019	3	49
131.764674	4	49
132.454329	1	50
133.143984	2	50
133.833639	3	50
134.523294	4	50
135.212949	1	51
135.887106	2	51
136.561263	3	51
137.23542	4	51
137.909577	1	52
138.583734	2	52
139.257891	3	52
139.932048	4	52
140.606205	1	53
141.29586	2	53
141.985515	3	53
142.67517	4	53
143.364825	1	54
144.05448	2	54
144.744135	3	54
145.43379	4	54
146.123445	1	55
146.801411	2	55
147.479377	3	55
148.157343	4	55
148.835309	1	56
149.513275	2	56
150.191241	3	56
150.869207	4	56
151.547173	1	57
152.236828	2	57
152.926483	3	57
153.616138	4	57
154.305793	1	58
154.995448	2	58
155.685103	3	58
156.374758	4	58
157.064413	1	59
157.73857	2	59
158.412727	3	59
159.086884	4	59
159.761041	1	60
160.427708	2	60
161.094375	3	60
161.761042	4	60
162.427709	1	61
163.109527	2	61
163.791345	3	61
164.473163	4	61
165.154981	1	62
165.836799	2	62
166.518617	3	62
167.200435	4	62
167.882253	1	63
168.54892	2	63
169.215587	3	63
169.882254	4	63
170.548921	1	64
171.226122	2	64
171.903323	3	64
172.580524	4	64
173.257725	1	65
173.934926	2	65
174.612127	3	65
175.289328	4	65
175.966529	1	66
176.64373	2	66
177.320931	3	66
177.998132	4	66
178.675333	1	67
179.352534	2	67
180.029735	3	67
180.706936	4	67
181.384137	1	68
182.061338	2	68
182.738539	3	68
183.41574	4	68
184.092941	1	69
184.770142	2	69
185.447343	3	69
186.124544	4	69
186.801745	1	70
187.478946	2	70
188.156147	3	70
188.833348	4	70
189.510549	1	71
190.18775	2	71
190.864951	3	71
191.542152	4	71
192.219353	1	72
192.896554	2	72
193.573755	3	72
194.250956	4	72
194.928157	1	73
195.605358	2	73
196.282559	3	73
196.95976	4	73
197.636961	1	74
198.314162	2	74
198.991363	3	74
199.668564	4	74
200.345765	1	75
201.022966	2	75
201.700167	3	75
202.377368	4	75
203.054569	1	76
203.73177	2	76
204.408971	3	76
205.086172	4	76
205.763373	1	77
206.440574	2	77
207.117775	3	77
207.794976	4	77
208.472177	1	78
209.153995	2	78
209.835813	3	78
210.517631	4	78
211.199449	1	79
211.881267	2	79
212.563085	3	79
213.244903	4	79
213.926721	1	80
214.616376	2	80
215.306031	3	80
215.995686	4	80
216.685341	1	81
217.367159	2	81
218.048977	3	81
218.730795	4	81
219.412613	1	82
220.102268	2	82
220.791923	3	82
221.481578	4	82
222.171233	1	83
222.855384	2	83
223.539535	3	83
224.223686	4	83
224.907837	1	84
225.597492	2	84
226.287147	3	84
226.976802	4	84
227.666457	1	85
228.348275	2	85
229.030093	3	85
229.711911	4	85
230.393729	1	86
231.083384	2	86
231.773039	3	86
232.462694	4	86
233.152349	1	87
233.842004	2	87
234.531659	3	87
235.221314	4	87
235.910969	1	88
236.616851	2	88
237.322733	3	88
238.028615	4	88
238.734497	1	89
239.440379	2	89
240.146261	3	89
240.852143	4	89
241.558025	1	90
242.255699	2	90
242.953373	3	90
243.651047	4	90
244.348721	1	91
245.071613	2	91
245.794505	3	91
246.517397	4	91
247.240289	1	92
247.963181	2	92
248.686073	3	92
249.408965	4	92
250.131857	1	93
