0.0	1	1
0.591133	2	1
1.182266	3	1
1.773399	4	1
2.364532	1	2
2.864532	2	2
3.364532	3	2
3.864532	4	2
4.364532	1	3
4.864532	2	3
5.364532	3	3
5.864532	4	3
6.364532	1	4
6.864532	2	4
7.364532	3	4
7.864532	4	4
8.364532	1	5
8.864532	2	5
9.364532	3	5
9.864532	4	5
10.364532	1	6
10.864532	2	6
11.364532	3	6
11.864532	4	6
12.364532	1	7
12.864532	2	7
13.364532	3	7
13.864532	4	7
14.364532	1	8
14.864532	2	8
15.364532	3	8
15.864532	4	8
16.364532	1	9
16.864532	2	9
17.364532	3	9
17.864532	4	9
18.364532	1	10
18.864532	2	10
19.364532	3	10
19.864532	4	10
20.364532	1	11
20.864532	2	11
21.364532	3	11
21.864532	4	11
22.364532	1	12
22.864532	2	12
23.364532	3	12
23.864532	4	12
24.364532	1	13
24.864532	2	13
25.364532	3	13
25.864532	4	13
26.364532	1	14
26.864532	2	14
27.364532	3	14
27.864532	4	14
28.364532	1	15
28.864532	2	15
29.364532	3	15
29.864532	4	15
30.364532	1	16
30.864532	2	16
31.364532	3	16
31.864532	4	16
32.364532	1	17
32.864532	2	17
33.364532	3	17
33.864532	4	17
34.364532	1	18
34.864532	2	18
35.364532	3	18
35.864532	4	18
36.364532	1	19
36.864532	2	19
37.364532	3	19
37.864532	4	19
38.364532	1	20
38.864532	2	20
39.364532	3	20
39.864532	4	20
40.364532	1	21
40.864532	2	21
41.364532	3	21
41.864532	4	21
42.364532	1	22
42.864532	2	22
43.364532	3	22
43.864532	4	22
44.364532	1	23
44.864532	2	23
45.364532	3	23
45.864532	4	23
46.364532	1	24
46.864532	2	24
47.364532	3	24
47.864532	4	24
48.364532	1	25
48.864532	2	25
49.364532	3	25
49.864532	4	25
50.364532	1	26
50.864532	2	26
51.364532	3	26
51.864532	4	26
52.364532	1	27
52.864532	2	27
53.364532	3	27
53.864532	4	27
54.364532	1	28
54.864532	2	28
55.364532	3	28
55.864532	4	28
56.364532	1	29
56.864532	2	29
57.364532	3	29
57.864532	4	29
58.364532	1	30
58.864532	2	30
59.364532	3	30
59.864532	4	30
60.364532	1	31
60.864532	2	31
61.364532	3	31
61.864532	4	31
62.364532	1	32
62.864532	2	32
63.364532	3	32
63.864532	4	32
64.364532	1	33
64.864532	2	33
65.364532	3	33
65.864532	4	33
66.364532	1	34
66.864532	2	34
67.364532	3	34
67.864532	4	34
68.364532	1	35
68.864532	2	35
69.364532	3	35
69.864532	4	35
70.364532	1	36
70.864532	2	36
71.364532	3	36
71.864532	4	36
72.364532	1	37
72.864532	2	37
73.364532	3	37
73.864532	4	37
74.364532	1	38
74.864532	2	38
75.364532	3	38
75.864532	4	38
76.364532	1	39
76.864532	2	39
77.364532	3	39
77.864532	4	39
78.364532	1	40
78.864532	2	40
79.364532	3	40
79.864532	4	40
80.364532	1	41
80.864532	2	41
81.364532	3	41
81.864532	4	41
82.364532	1	42
82.864532	2	42
83.364532	3	42
83.864532	4	42
84.364532	1	43
84.864532	2	43
85.364532	3	43
85.864532	4	43
86.364532	1	44
86.864532	2	44
87.364532	3	44
87.864532	4	44
88.364532	1	45
88.864532	2	45
89.364532	3	45
89.864532	4	45
90.364532	1	46
90.864532	2	46
91.364532	3	46
91.864532	4	46
92.364532	1	47
92.864532	2	47
93.364532	3	47
93.864532	4	47
94.364532	1	48
94.864532	2	48
95.364532	3	48
95.864532	4	48
96.364532	1	49
96.864532	2	49
97.364532	3	49
97.864532	4	49
98.364532	1	50
98.864532	2	50
99.364532	3	50
99.864532	4	50
100.364532	1	51
100.864532	2	51
101.364532	3	51
101.864532	4	51
102.364532	1	52
102.864532	2	52
103.364532	3	52
103.864532	4	52
104.364532	1	53
104.864532	2	53
105.364532	3	53
105.864532	4	53
106.364532	1	54
106.864532	2	54
107.364532	3	54
107.864532	4	54
108.364532	1	55
108.864532	2	55
109.364532	3	55
109.864532	4	55
110.364532	1	56
110.864532	2	56
111.364532	3	56
111.864532	4	56
112.364532	1	57
112.864532	2	57
113.364532	3	57
113.864532	4	57
114.364532	1	58
114.864532	2	58
115.364532	3	58
115.864532	4	58
116.364532	1	59
116.864532	2	59
117.364532	3	59
117.864532	4	59
118.364532	1	60
118.864532	2	60
119.364532	3	60
119.864532	4	60
120.364532	1	61
120.864532	2	61
121.364532	3	61
121.864532	4	61
122.364532	1	62
122.864532	2	62
123.364532	3	62
123.864532	4	62
124.364532	1	63
124.864532	2	63
125.364532	3	63
125.864532	4	63
126.364532	1	64
126.864532	2	64
127.364532	3	64
127.864532	4	64
128.364532	1	65
128.864532	2	65
129.364532	3	65
129.864532	4	65
130.364532	1	66
130.864532	2	66
131.364532	3	66
131.864532	4	66
132.364532	1	67
132.864532	2	67
133.364532	3	67
133.864532	4	67
134.364532	1	68
134.864532	2	68
135.364532	3	68
135.864532	4	68
136.364532	1	69
136.864532	2	69
137.364532	3	69
137.864532	4	69
138.364532	1	70
138.864532	2	70
139.364532	3	70
139.864532	4	70
140.364532	1	71
140.864532	2	71
141.364532	3	71
141.864532	4	71
142.364532	1	72
142.864532	2	72
143.364532	3	72
143.864532	4	72
144.364532	1	73
144.864532	2	73
145.364532	3	73
145.864532	4	73
146.364532	1	74
146.864532	2	74
147.364532	3	74
147.864532	4	74
148.364532	1	75
148.864532	2	75
149.364532	3	75
149.864532	4	75
150.364532	1	76
150.864532	2	76
151.364532	3	76
151.864532	4	76
152.364532	1	77
152.864532	2	77
153.364532	3	77
153.864532	4	77
154.364532	1	78
154.864532	2	78
155.364532	3	78
155.864532	4	78
156.364532	1	79
156.864532	2	79
157.364532	3	79
157.864532	4	79
158.364532	5	79
158.864532	1	80
159.364532	2	80
159.864532	3	80
160.364532	4	80
160.864532	1	81
161.364532	2	81
161.864532	3	81
162.364532	4	81
162.864532	1	82
163.364532	2	82
163.864532	3	82
164.364532	4	82
164.864532	1	83
165.364532	2	83
165.864532	3	83
166.364532	4	83
166.864532	1	84
167.364532	2	84
167.864532	3	84
168.364532	4	84
168.864532	1	85
169.364532	2	85
169.864532	3	85
170.364532	4	85
170.864532	1	86
171.364532	2	86
171.864532	3	86
172.364532	4	86
172.864532	1	87
173.364532	2	87
173.864532	3	87
174.364532	4	87
174.864532	1	88
175.364532	2	88
175.864532	3	88
176.364532	4	88
176.864532	1	89
177.364532	2	89
177.864532	3	89
178.364532	4	89
178.864532	1	90
179.364532	2	90
179.864532	3	90
180.364532	4	90
180.864532	1	91
181.364532	2	91
181.864532	3	91
182.364532	4	91
182.864532	1	92
183.364532	2	92
183.864532	3	92
184.364532	4	92
184.864532	1	93
185.364532	2	93
185.864532	3	93
186.364532	4	93
186.864532	1	94
187.364532	2	94
187.864532	3	94
188.364532	4	94
188.864532	1	95
189.364532	2	95
189.864532	3	95
190.364532	4	95
190.864532	1	96
191.364532	2	96
191.864532	3	96
192.364532	4	96
192.864532	1	97
