0.230769	1	1
0.807692	2	1
1.384615	3	1
1.961538	4	1
2.538461	1	2
3.115384	2	2
3.692307	3	2
4.26923	4	2
4.846153	1	3
5.423076	2	3
5.999999	3	3
6.576922	4	3
7.153845	1	4
7.730768	2	4
8.307691	3	4
8.884614	4	4
9.461537	1	5
10.03846	2	5
10.615383	3	5
11.192306	4	5
11.769229	1	6
12.346152	2	6
12.923075	3	6
13.499998	4	6
14.076921	1	7
14.653844	2	7
15.230767	3	7
15.80769	4	7
16.384613	1	8
16.961536	2	8
17.538459	3	8
18.115382	4	8
18.692305	1	9
19.269228	2	9
19.846151	3	9
20.423074	4	9
20.999997	1	10
21.57692	2	10
22.153843	3	10
22.730766	4	10
23.307689	1	11
23.884612	2	11
24.461535	3	11
25.038458	4	11
25.615381	1	12
26.192304	2	12
26.769227	3	12
27.34615	4	12
27.923073	1	13
28.499996	2	13
29.076919	3	13
29.653842	4	13
30.230765	1	14
30.807688	2	14
31.384611	3	14
31.961534	4	14
32.538457	1	15
33.11538	2	15
33.692303	3	15
34.269226	4	15
34.846149	1	16
35.423072	2	16
35.999995	3	16
36.576918	4	16
37.153841	5	16
37.730764	6	16
38.307687	1	17
38.88461	2	17
39.461533	3	17
40.038456	4	17
40.615379	1	18
41.192302	2	18
41.769225	3	18
42.346148	4	18
42.923071	1	19
43.499994	2	19
44.076917	3	19
44.65384	4	19
45.230763	1	20
45.807686	2	20
46.384609	3	20
46.961532	4	20
47.538455	1	21
48.115378	2	21
48.692301	3	21
49.269224	4	21
49.846147	1	22
50.42307	2	22
50.999993	3	22
51.576916	4	22
52.153839	1	23
52.730762	2	23
53.307685	3	23
53.884608	4	23
54.461531	1	24
55.038454	2	24
55.615377	3	24
56.1923	4	24
56.769223	1	25
57.346146	2	25
57.923069	3	25
58.499992	4	25
59.076915	1	26
59.653838	2	26
60.230761	3	26
60.807684	4	26
61.384607	1	27
61.96153	2	27
62.538453	3	27
63.115376	4	27
63.692299	1	28
64.269222	2	28
64.846145	3	28
65.423068	4	28
65.999991	5	28
66.576914	6	28
67.153837	1	29
67.73076	2	29
68.307683	3	29
68.884606	4	29
69.461529	1	30
70.038452	2	30
70.615375	3	30
71.192298	4	30
71.769221	1	31
72.346144	2	31
72.923067	3	31
73.49999	4	31
74.076913	1	32
74.653836	2	32
75.230759	3	32
75.807682	4	32
76.384605	1	33
76.961528	2	33
77.538451	3	33
78.115374	4	33
78.692297	1	34
79.26922	2	34
79.846143	3	34
80.423066	4	34
80.999989	1	35
81.576912	2	35
82.153835	3	35
82.730758	4	35
83.307681	1	36
83.884604	2	36
84.461527	3	36
85.03845	4	36
85.615373	1	37
86.192296	2	37
86.769219	3	37
87.346142	4	37
87.923065	1	38
88.499988	2	38
89.076911	3	38
89.653834	4	38
90.230757	1	39
90.80768	2	39
91.384603	3	39
91.961526	4	39
92.538449	1	40
93.115372	2	40
93.692295	3	40
94.269218	4	40
94.846141	1	41
95.423064	2	41
95.999987	3	41
96.57691	4	41
97.153833	1	42
97.730756	2	42
98.307679	3	42
98.884602	4	42
99.461525	1	43
100.038448	2	43
100.615371	3	43
101.192294	4	43
101.769217	1	44
102.34614	2	44
102.923063	3	44
103.499986	4	44
104.076909	1	45
104.653832	2	45
105.230755	3	45
105.807678	4	45
106.384601	1	46
106.961524	2	46
107.538447	3	46
108.11537	4	46
108.692293	1	47
109.269216	2	47
109.846139	3	47
110.423062	4	47
110.999985	1	48
111.576908	2	48
112.153831	3	48
112.730754	4	48
113.307677	1	49
113.8846	2	49
114.461523	3	49
115.038446	4	49
115.615369	1	50
116.192292	2	50
116.769215	3	50
117.346138	4	50
117.923061	1	51
118.499984	2	51
119.076907	3	51
119.65383	4	51
120.230753	1	52
120.807676	2	52
121.384599	3	52
121.961522	4	52
122.538445	1	53
123.115368	2	53
123.692291	3	53
124.269214	4	53
124.846137	1	54
125.42306	2	54
125.999983	3	54
126.576906	4	54
127.153829	1	55
127.730752	2	55
128.307675	3	55
128.884598	4	55
129.461521	1	56
130.038444	2	56
130.615367	3	56
131.19229	4	56
131.769213	5	56
132.346136	6	56
132.923059	1	57
133.499982	2	57
134.076905	3	57
134.653828	4	57
135.230751	1	58
135.807674	2	58
136.384597	3	58
136.96152	4	58
137.538443	1	59
138.115366	2	59
138.692289	3	59
139.269212	4	59
139.846135	1	60
140.423058	2	60
140.999981	3	60
141.576904	4	60
142.153827	1	61
142.73075	2	61
143.307673	3	61
143.884596	4	61
144.461519	1	62
145.038442	2	62
145.615365	3	62
146.192288	4	62
146.769211	1	63
147.346134	2	63
147.923057	3	63
148.49998	4	63
149.076903	1	64
149.653826	2	64
150.230749	3	64
150.807672	4	64
151.384595	1	65
151.961518	2	65
152.538441	3	65
153.115364	4	65
153.692287	1	66
154.26921	2	66
154.846133	3	66
155.423056	4	66
155.999979	1	67
156.576902	2	67
157.153825	3	67
157.730748	4	67
158.307671	1	68
158.884594	2	68
159.461517	3	68
160.03844	4	68
160.615363	1	69
161.192286	2	69
161.769209	3	69
162.346132	4	69
162.923055	1	70
163.499978	2	70
164.076901	3	70
164.653824	4	70
165.230747	1	71
165.80767	2	71
166.384593	3	71
166.961516	4	71
167.538439	1	72
168.115362	2	72
168.692285	3	72
169.269208	4	72
169.846131	1	73
170.423054	2	73
170.999977	3	73
171.5769	4	73
172.153823	1	74
172.730746	2	74
173.307669	3	74
173.884592	4	74
174.461515	1	75
175.038438	2	75
175.615361	3	75
176.192284	4	75
176.769207	1	76
177.34613	2	76
177.923053	3	76
178.499976	4	76
179.076899	1	77
179.653822	2	77
180.230745	3	77
180.807668	4	77
181.384591	1	78
181.961514	2	78
182.538437	3	78
183.11536	4	78
183.692283	1	79
184.269206	2	79
184.846129	3	79
185.423052	4	79
185.999975	5	79
186.576898	6	79
187.153821	1	80
187.730744	2	80
188.307667	3	80
188.88459	4	80
189.461513	1	81
190.038436	2	81
190.615359	3	81
191.192282	4	81
191.769205	1	82
192.346128	2	82
192.923051	3	82
193.499974	4	82
194.076897	1	83
