0.10344825	1	1
0.56498625	2	1
1.02652425	3	1
1.48806225	4	1
1.94960025	1	2
2.41113825	2	2
2.87267625	3	2
3.33421425	4	2
3.79575225	1	3
4.25729025	2	3
4.71882825	3	3
5.18036625	4	3
5.64190425	1	4
6.10344225	2	4
6.56498025	3	4
7.02651825	4	4
7.48805625	1	5
7.94959425	2	5
8.41113225	3	5
8.87267025	4	5
9.33420825	1	6
9.79574625	2	6
10.25728425	3	6
10.71882225	4	6
11.18036025	1	7
11.64189825	2	7
12.10343625	3	7
12.56497425	4	7
13.02651225	1	8
13.48805025	2	8
13.94958825	3	8
14.41112625	4	8
14.87266425	1	9
15.33420225	2	9
15.79574025	3	9
16.25727825	4	9
16.71881625	1	10
17.18035425	2	10
17.64189225	3	10
18.10343025	4	10
18.56496825	1	11
19.02650625	2	11
19.48804425	3	11
19.94958225	4	11
20.41112025	1	12
20.87265825	2	12
21.33419625	3	12
21.79573425	4	12
22.25727225	1	13
22.71881025	2	13
23.18034825	3	13
23.64188625	4	13
24.10342425	1	14
24.56496225	2	14
25.02650025	3	14
25.48803825	4	14
25.94957625	1	15
26.41111425	2	15
26.87265225	3	15
27.33419025	4	15
27.79572825	1	16
28.25726625	2	16
28.71880425	3	16
29.18034225	4	16
29.64188025	1	17
30.10341825	2	17
30.56495625	3	17
31.02649425	4	17
31.48803225	1	18
31.94957025	2	18
32.41110825	3	18
32.87264625	4	18
33.33418425	1	19
33.79572225	2	19
34.25726025	3	19
34.71879825	4	19
35.18033625	1	20
35.64187425	2	20
36.10341225	3	20
36.56495025	4	20
37.02648825	1	21
37.48802625	2	21
37.94956425	3	21
38.41110225	4	21
38.87264025	1	22
39.33417825	2	22
39.79571625	3	22
40.25725425	4	22
40.71879225	1	23
41.18033025	2	23
41.64186825	3	23
42.10340625	4	23
42.56494425	1	24
43.02648225	2	24
43.48802025	3	24
43.94955825	4	24
44.41109625	1	25
44.87263425	2	25
45.33417225	3	25
45.79571025	4	25
46.25724825	1	26
46.71878625	2	26
47.18032425	3	26
47.64186225	4	26
48.10340025	1	27
48.56493825	2	27
49.02647625	3	27
49.48801425	4	27
49.94955225	1	28
50.41109025	2	28
50.87262825	3	28
51.33416625	4	28
51.79570425	1	29
52.25724225	2	29
52.71878025	3	29
53.18031825	4	29
53.64185625	1	30
54.10339425	2	30
54.56493225	3	30
55.02647025	4	30
55.48800825	1	31
55.94954625	2	31
56.41108425	3	31
56.87262225	4	31
57.33416025	1	32
57.79569825	2	32
58.25723625	3	32
58.71877425	4	32
59.18031225	1	33
59.64185025	2	33
60.10338825	3	33
60.56492625	4	33
61.02646425	1	34
61.48800225	2	34
61.94954025	3	34
62.41107825	4	34
62.87261625	1	35
63.33415425	2	35
63.79569225	3	35
64.25723025	4	35
64.71876825	1	36
65.18030625	2	36
65.64184425	3	36
66.10338225	4	36
66.56492025	1	37
67.02645825	2	37
67.48799625	3	37
67.94953425	4	37
68.41107225	1	38
68.87261025	2	38
69.33414825	3	38
69.79568625	4	38
70.25722425	1	39
70.71876225	2	39
71.18030025	3	39
71.64183825	4	39
72.10337625	1	40
72.56491425	2	40
73.02645225	3	40
73.48799025	4	40
73.94952825	1	41
74.41106625	2	41
74.87260425	3	41
75.33414225	4	41
75.79568025	1	42
76.25721825	2	42
76.71875625	3	42
77.18029425	4	42
77.64183225	1	43
78.10337025	2	43
78.56490825	3	43
79.02644625	4	43
79.48798425	1	44
79.94952225	2	44
80.41106025	3	44
80.87259825	4	44
81.33413625	1	45
81.79567425	2	45
82.25721225	3	45
82.71875025	4	45
83.18028825	1	46
83.64182625	2	46
84.10336425	3	46
84.56490225	4	46
85.02644025	1	47
85.48797825	2	47
85.94951625	3	47
86.41105425	4	47
86.87259225	1	48
87.33413025	2	48
87.79566825	3	48
88.25720625	4	48
88.71874425	1	49
89.18028225	2	49
89.64182025	3	49
90.10335825	4	49
90.56489625	1	50
91.02643425	2	50
91.48797225	3	50
91.94951025	4	50
92.41104825	1	51
92.87258625	2	51
93.33412425	3	51
93.79566225	4	51
94.25720025	1	52
94.71873825	2	52
95.18027625	3	52
95.64181425	4	52
96.10335225	1	53
96.56489025	2	53
97.02642825	3	53
97.48796625	4	53
97.94950425	1	54
98.41104225	2	54
98.87258025	3	54
99.33411825	4	54
99.79565625	1	55
100.25719425	2	55
100.71873225	3	55
101.18027025	4	55
101.64180825	1	56
102.10334625	2	56
102.56488425	3	56
103.02642225	4	56
103.48796025	1	57
103.94949825	2	57
104.41103625	3	57
104.87257425	4	57
105.33411225	1	58
105.79565025	2	58
106.25718825	3	58
106.71872625	4	58
107.18026425	1	59
107.64180225	2	59
108.10334025	3	59
108.56487825	4	59
109.02641625	1	60
109.48795425	2	60
109.94949225	3	60
110.41103025	4	60
110.87256825	1	61
111.33410625	2	61
111.79564425	3	61
112.25718225	4	61
112.71872025	1	62
113.18025825	2	62
113.64179625	3	62
114.10333425	4	62
114.56487225	1	63
115.02641025	2	63
115.48794825	3	63
115.94948625	4	63
116.41102425	1	64
116.87256225	2	64
117.33410025	3	64
117.79563825	4	64
118.25717625	1	65
118.71871425	2	65
119.18025225	3	65
119.64179025	4	65
120.10332825	1	66
120.56486625	2	66
121.02640425	3	66
121.48794225	4	66
121.94948025	1	67
122.41101825	2	67
122.87255625	3	67
123.33409425	4	67
123.79563225	1	68
124.25717025	2	68
124.71870825	3	68
125.18024625	4	68
125.64178425	1	69
126.10332225	2	69
126.56486025	3	69
127.02639825	4	69
127.48793625	1	70
127.94947425	2	70
128.41101225	3	70
128.87255025	4	70
129.33408825	1	71
129.79562625	2	71
130.25716425	3	71
130.71870225	4	71
131.18024025	1	72
131.64177825	2	72
132.10331625	3	72
132.56485425	4	72
133.02639225	1	73
133.48793025	2	73
133.94946825	3	73
134.41100625	4	73
134.87254425	1	74
135.33408225	2	74
135.79562025	3	74
136.25715825	4	74
136.71869625	1	75
137.18023425	2	75
137.64177225	3	75
138.10331025	4	75
138.56484825	1	76
139.02638625	2	76
139.48792425	3	76
139.94946225	4	76
140.41100025	1	77
140.87253825	2	77
141.33407625	3	77
141.79561425	4	77
142.25715225	1	78
142.71869025	2	78
143.18022825	3	78
143.64176625	4	78
144.10330425	1	79
144.56484225	2	79
145.02638025	3	79
145.48791825	4	79
145.94945625	1	80
146.41099425	2	80
146.87253225	3	80
147.33407025	4	80
147.79560825	1	81
148.25714625	2	81
148.71868425	3	81
149.18022225	4	81
149.64176025	1	82
150.10329825	2	82
150.56483625	3	82
151.02637425	4	82
151.48791225	1	83
151.94945025	2	83
152.41098825	3	83
152.87252625	4	83
153.33406425	1	84
153.79560225	2	84
154.25714025	3	84
154.71867825	4	84
155.18021625	1	85
155.64175425	2	85
156.10329225	3	85
156.56483025	4	85
157.02636825	1	86
157.48790625	2	86
157.94944425	3	86
158.41098225	4	86
158.87252025	1	87
159.33405825	2	87
159.79559625	3	87
160.25713425	4	87
160.71867225	1	88
161.18021025	2	88
161.64174825	3	88
162.10328625	4	88
162.56482425	1	89
163.02636225	2	89
163.48790025	3	89
163.94943825	4	89
164.41097625	1	90
164.87251425	2	90
165.33405225	3	90
165.79559025	4	90
166.25712825	1	91
166.71866625	2	91
167.18020425	3	91
167.64174225	4	91
168.10328025	1	92
168.56481825	2	92
169.02635625	3	92
169.48789425	4	92
169.94943225	1	93
170.41097025	2	93
170.87250825	3	93
171.33404625	4	93
171.79558425	1	94
172.25712225	2	94
172.71866025	3	94
173.18019825	4	94
173.64173625	1	95
174.10327425	2	95
174.56481225	3	95
175.02635025	4	95
175.48788825	1	96
175.94942625	2	96
176.41096425	3	96
176.87250225	4	96
177.33404025	1	97
177.79557825	2	97
178.25711625	3	97
178.71865425	4	97
179.18019225	1	98
179.64173025	2	98
180.10326825	3	98
180.56480625	4	98
181.02634425	1	99
181.48788225	2	99
181.94942025	3	99
182.41095825	4	99
182.87249625	1	100
183.33403425	2	100
183.79557225	3	100
184.25711025	4	100
184.71864825	1	101
185.18018625	2	101
185.64172425	3	101
186.10326225	4	101
186.56480025	1	102
187.02633825	2	102
187.48787625	3	102
187.94941425	4	102
188.41095225	1	103
188.87249025	2	103
189.33402825	3	103
189.79556625	4	103
190.25710425	1	104
190.71864225	2	104
191.18018025	3	104
191.64171825	4	104
192.10325625	1	105
192.56479425	2	105
193.02633225	3	105
193.48787025	4	105
193.94940825	1	106
194.41094625	2	106
194.87248425	3	106
195.33402225	4	106
195.79556025	1	107
196.25709825	2	107
196.71863625	3	107
197.18017425	4	107
197.64171225	1	108
198.10325025	2	108
198.56478825	3	108
199.02632625	4	108
199.48786425	1	109
199.94940225	2	109
200.41094025	3	109
200.87247825	4	109
201.33401625	1	110
201.79555425	2	110
202.25709225	3	110
202.71863025	4	110
203.18016825	1	111
203.64170625	2	111
204.10324425	3	111
204.56478225	4	111
205.02632025	1	112
205.48785825	2	112
205.94939625	3	112
206.41093425	4	112
206.87247225	1	113
207.33401025	2	113
207.79554825	3	113
208.25708625	4	113
208.71862425	1	114
209.18016225	2	114
209.64170025	3	114
210.10323825	4	114
210.56477625	1	115
211.02631425	2	115
211.48785225	3	115
211.94939025	4	115
212.41092825	1	116
212.87246625	2	116
213.33400425	3	116
213.79554225	4	116
214.25708025	1	117
214.71861825	2	117
215.18015625	3	117
215.64169425	4	117
216.10323225	1	118
216.56477025	2	118
217.02630825	3	118
217.48784625	4	118
217.94938425	1	119
218.41092225	2	119
218.87246025	3	119
219.33399825	4	119
219.79553625	1	120
220.25707425	2	120
220.71861225	3	120
221.18015025	4	120
221.64168825	1	121
222.10322625	2	121
222.56476425	3	121
