0.320856	1	1
0.707953	2	1
1.09505	3	1
1.482147	4	1
1.869244	1	2
2.256341	2	2
2.643438	3	2
3.030535	4	2
3.417632	1	3
3.804729	2	3
4.191826	3	3
4.578923	4	3
4.96602	1	4
5.353117	2	4
5.740214	3	4
6.127311	4	4
6.514408	1	5
6.901505	2	5
7.288602	3	5
7.675699	4	5
8.062796	1	6
8.449893	2	6
8.83699	3	6
9.224087	4	6
9.611184	1	7
9.998281	2	7
10.385378	3	7
10.772475	4	7
11.159572	1	8
11.546669	2	8
11.933766	3	8
12.320863	4	8
12.70796	1	9
13.095057	2	9
13.482154	3	9
13.869251	4	9
14.256348	1	10
14.643445	2	10
15.030542	3	10
15.417639	4	10
15.804736	1	11
16.191833	2	11
16.57893	3	11
16.966027	4	11
17.353124	1	12
17.740221	2	12
18.127318	3	12
18.514415	4	12
18.901512	1	13
19.288609	2	13
19.675706	3	13
20.062803	4	13
20.4499	1	14
20.836997	2	14
21.224094	3	14
21.611191	4	14
21.998288	1	15
22.385385	2	15
22.772482	3	15
23.159579	4	15
23.546676	1	16
23.933773	2	16
24.32087	3	16
24.707967	4	16
25.095064	1	17
25.482161	2	17
25.869258	3	17
26.256355	4	17
26.643452	1	18
27.030549	2	18
27.417646	3	18
27.804743	4	18
28.19184	1	19
28.578937	2	19
28.966034	3	19
29.353131	4	19
29.740228	1	20
30.127325	2	20
30.514422	3	20
30.901519	4	20
31.288616	1	21
31.675713	2	21
32.06281	3	21
32.449907	4	21
32.837004	1	22
33.224101	2	22
33.611198	3	22
33.998295	4	22
34.385392	1	23
34.772489	2	23
35.159586	3	23
35.546683	4	23
35.93378	1	24
36.320877	2	24
36.707974	3	24
37.095071	4	24
37.482168	1	25
37.869265	2	25
38.256362	3	25
38.643459	4	25
39.030556	1	26
39.417653	2	26
39.80475	3	26
40.191847	4	26
40.578944	1	27
40.966041	2	27
41.353138	3	27
41.740235	4	27
42.127332	1	28
42.514429	2	28
42.901526	3	28
43.288623	4	28
43.67572	1	29
44.062817	2	29
44.449914	3	29
44.837011	4	29
45.224108	1	30
45.611205	2	30
45.998302	3	30
46.385399	4	30
46.772496	1	31
47.159593	2	31
47.54669	3	31
47.933787	4	31
48.320884	1	32
48.707981	2	32
49.095078	3	32
49.482175	4	32
49.869272	1	33
50.256369	2	33
50.643466	3	33
51.030563	4	33
51.41766	1	34
51.804757	2	34
52.191854	3	34
52.578951	4	34
52.966048	1	35
53.353145	2	35
53.740242	3	35
54.127339	4	35
54.514436	1	36
54.901533	2	36
55.28863	3	36
55.675727	4	36
56.062824	1	37
56.449921	2	37
56.837018	3	37
57.224115	4	37
57.611212	1	38
57.998309	2	38
58.385406	3	38
58.772503	4	38
59.1596	1	39
59.546697	2	39
59.933794	3	39
60.320891	4	39
60.707988	1	40
61.095085	2	40
61.482182	3	40
61.869279	4	40
62.256376	1	41
62.643473	2	41
63.03057	3	41
63.417667	4	41
63.804764	1	42
64.191861	2	42
64.578958	3	42
64.966055	4	42
65.353152	1	43
65.740249	2	43
66.127346	3	43
66.514443	4	43
66.90154	1	44
67.288637	2	44
67.675734	3	44
68.062831	4	44
68.449928	1	45
68.837025	2	45
69.224122	3	45
69.611219	4	45
69.998316	1	46
70.385413	2	46
70.77251	3	46
71.159607	4	46
71.546704	1	47
71.933801	2	47
72.320898	3	47
72.707995	4	47
73.095092	1	48
73.482189	2	48
73.869286	3	48
74.256383	4	48
74.64348	1	49
75.030577	2	49
75.417674	3	49
75.804771	4	49
76.191868	1	50
76.578965	2	50
76.966062	3	50
77.353159	4	50
77.740256	1	51
78.127353	2	51
78.51445	3	51
78.901547	4	51
79.288644	1	52
79.675741	2	52
80.062838	3	52
80.449935	4	52
80.837032	1	53
81.224129	2	53
81.611226	3	53
81.998323	4	53
82.38542	1	54
82.772517	2	54
83.159614	3	54
83.546711	4	54
83.933808	1	55
84.320905	2	55
84.708002	3	55
85.095099	4	55
85.482196	1	56
85.869293	2	56
86.25639	3	56
86.643487	4	56
87.030584	1	57
87.417681	2	57
87.804778	3	57
88.191875	4	57
88.578972	1	58
88.966069	2	58
89.353166	3	58
89.740263	4	58
90.12736	1	59
90.514457	2	59
90.901554	3	59
91.288651	4	59
91.675748	1	60
92.062845	2	60
92.449942	3	60
92.837039	4	60
93.224136	1	61
93.611233	2	61
93.99833	3	61
94.385427	4	61
94.772524	1	62
95.159621	2	62
95.546718	3	62
95.933815	4	62
96.320912	1	63
96.708009	2	63
97.095106	3	63
97.482203	4	63
97.8693	1	64
98.256397	2	64
98.643494	3	64
99.030591	4	64
99.417688	1	65
99.804785	2	65
100.191882	3	65
100.578979	4	65
100.966076	1	66
101.353173	2	66
101.74027	3	66
102.127367	4	66
102.514464	1	67
102.901561	2	67
103.288658	3	67
103.675755	4	67
104.062852	1	68
104.449949	2	68
104.837046	3	68
105.224143	4	68
105.61124	1	69
105.998337	2	69
106.385434	3	69
106.772531	4	69
107.159628	1	70
107.546725	2	70
107.933822	3	70
108.320919	4	70
108.708016	1	71
109.095113	2	71
109.48221	3	71
109.869307	4	71
110.256404	1	72
110.643501	2	72
111.030598	3	72
111.417695	4	72
111.804792	1	73
112.191889	2	73
112.578986	3	73
112.966083	4	73
113.35318	1	74
113.740277	2	74
114.127374	3	74
114.514471	4	74
114.901568	1	75
115.288665	2	75
115.675762	3	75
116.062859	4	75
116.449956	1	76
116.837053	2	76
117.22415	3	76
117.611247	4	76
117.998344	1	77
118.385441	2	77
118.772538	3	77
119.159635	4	77
119.546732	1	78
119.933829	2	78
120.320926	3	78
120.708023	4	78
121.09512	1	79
121.482217	2	79
121.869314	3	79
122.256411	4	79
122.643508	1	80
123.030605	2	80
123.417702	3	80
123.804799	4	80
124.191896	1	81
124.578993	2	81
124.96609	3	81
125.353187	4	81
125.740284	1	82
126.127381	2	82
126.514478	3	82
126.901575	4	82
127.288672	1	83
127.675769	2	83
128.062866	3	83
128.449963	4	83
128.83706	1	84
129.224157	2	84
129.611254	3	84
129.998351	4	84
130.385448	1	85
130.772545	2	85
131.159642	3	85
131.546739	4	85
131.933836	1	86
132.320933	2	86
132.70803	3	86
133.095127	4	86
133.482224	1	87
133.869321	2	87
134.256418	3	87
134.643515	4	87
135.030612	1	88
135.417709	2	88
135.804806	3	88
136.191903	4	88
136.579	1	89
136.966097	2	89
137.353194	3	89
137.740291	4	89
138.127388	1	90
138.514485	2	90
138.901582	3	90
139.288679	4	90
139.675776	1	91
140.062873	2	91
140.44997	3	91
140.837067	4	91
141.224164	1	92
141.611261	2	92
141.998358	3	92
142.385455	4	92
142.772552	1	93
143.159649	2	93
143.546746	3	93
143.933843	4	93
144.32094	1	94
144.708037	2	94
145.095134	3	94
145.482231	4	94
145.869328	1	95
146.256425	2	95
146.643522	3	95
147.030619	4	95
147.417716	1	96
147.804813	2	96
148.19191	3	96
148.579007	4	96
148.966104	1	97
149.353201	2	97
149.740298	3	97
150.127395	4	97
150.514492	1	98
150.901589	2	98
151.288686	3	98
151.675783	4	98
152.06288	1	99
152.449977	2	99
152.837074	3	99
153.224171	4	99
153.611268	1	100
153.998365	2	100
154.385462	3	100
154.772559	4	100
155.159656	1	101
155.546753	2	101
155.93385	3	101
156.320947	4	101
156.708044	1	102
157.095141	2	102
157.482238	3	102
157.869335	4	102
158.256432	1	103
158.643529	2	103
159.030626	3	103
159.417723	4	103
159.80482	1	104
160.191917	2	104
160.579014	3	104
160.966111	4	104
161.353208	1	105
161.740305	2	105
162.127402	3	105
162.514499	4	105
162.901596	1	106
163.288693	2	106
163.67579	3	106
164.062887	4	106
164.449984	1	107
164.837081	2	107
165.224178	3	107
165.611275	4	107
165.998372	1	108
166.385469	2	108
166.772566	3	108
167.159663	4	108
167.54676	1	109
167.933857	2	109
168.320954	3	109
168.708051	4	109
169.095148	1	110
169.482245	2	110
169.869342	3	110
170.256439	4	110
170.643536	1	111
171.030633	2	111
171.41773	3	111
171.804827	4	111
172.191924	1	112
172.579021	2	112
172.966118	3	112
173.353215	4	112
173.740312	1	113
174.127409	2	113
174.514506	3	113
174.901603	4	113
175.2887	1	114
175.675797	2	114
176.062894	3	114
176.449991	4	114
176.837088	1	115
177.224185	2	115
177.611282	3	115
177.998379	4	115
178.385476	1	116
178.772573	2	116
179.15967	3	116
179.546767	4	116
179.933864	1	117
180.320961	2	117
180.708058	3	117
181.095155	4	117
181.482252	1	118
181.869349	2	118
182.256446	3	118
182.643543	4	118
183.03064	1	119
183.417737	2	119
183.804834	3	119
184.191931	4	119
184.579028	1	120
184.966125	2	120
185.353222	3	120
185.740319	4	120
186.127416	1	121
186.514513	2	121
186.90161	3	121
187.288707	4	121
187.675804	1	122
188.062901	2	122
188.449998	3	122
188.837095	4	122
189.224192	1	123
189.611289	2	123
189.998386	3	123
190.385483	4	123
190.77258	1	124
191.159677	2	124
191.546774	3	124
191.933871	4	124
192.320968	1	125
192.708065	2	125
193.095162	3	125
193.482259	4	125
193.869356	1	126
194.256453	2	126
194.64355	3	126
195.030647	4	126
195.417744	1	127
195.804841	2	127
196.191938	3	127
196.579035	4	127
196.966132	1	128
197.353229	2	128
197.740326	3	128
198.127423	4	128
198.51452	1	129
198.901617	2	129
199.288714	3	129
199.675811	4	129
200.062908	1	130
200.450005	2	130
200.837102	3	130
201.224199	4	130
201.611296	1	131
201.998393	2	131
202.38549	3	131
202.772587	4	131
203.159684	1	132
203.546781	2	132
203.933878	3	132
204.320975	4	132
204.708072	1	133
205.095169	2	133
205.482266	3	133
205.869363	4	133
206.25646	1	134
206.643557	2	134
207.030654	3	134
207.417751	4	134
207.804848	1	135
208.191945	2	135
208.579042	3	135
208.966139	4	135
209.353236	1	136
209.740333	2	136
210.12743	3	136
210.514527	4	136
210.901624	1	137
211.288721	2	137
211.675818	3	137
212.062915	4	137
212.450012	1	138
212.837109	2	138
213.224206	3	138
213.611303	4	138
213.9984	1	139
214.385497	2	139
214.772594	3	139
215.159691	4	139
215.546788	1	140
215.933885	2	140
216.320982	3	140
216.708079	4	140
217.095176	1	141
217.482273	2	141
217.86937	3	141
218.256467	4	141
218.643564	1	142
219.030661	2	142
219.417758	3	142
219.804855	4	142
220.191952	1	143
220.579049	2	143
220.966146	3	143
221.353243	4	143
221.74034	1	144
222.127437	2	144
222.514534	3	144
222.901631	4	144
223.288728	1	145
223.675825	2	145
224.062922	3	145
224.450019	4	145
224.837116	1	146
