0.05859375	1	1
0.52734375	2	1
0.99609375	3	1
1.46484375	4	1
1.93359375	1	2
2.40234375	2	2
2.87109375	3	2
3.33984375	4	2
3.80859375	1	3
4.27734375	2	3
4.74609375	3	3
5.21484375	4	3
5.68359375	1	4
6.15234375	2	4
6.62109375	3	4
7.08984375	4	4
7.55859375	1	5
8.02734375	2	5
8.49609375	3	5
8.96484375	4	5
9.43359375	1	6
9.90234375	2	6
10.37109375	3	6
10.83984375	4	6
11.30859375	1	7
11.77734375	2	7
12.24609375	3	7
12.71484375	4	7
13.18359375	1	8
13.65234375	2	8
14.12109375	3	8
14.58984375	4	8
15.05859375	1	9
15.52734375	2	9
15.99609375	3	9
16.46484375	4	9
16.93359375	1	10
17.40234375	2	10
17.87109375	3	10
18.33984375	4	10
18.80859375	1	11
19.27734375	2	11
19.74609375	3	11
20.21484375	4	11
20.68359375	1	12
21.15234375	2	12
21.62109375	3	12
22.08984375	4	12
22.55859375	1	13
23.02734375	2	13
23.49609375	3	13
23.96484375	4	13
24.43359375	1	14
24.90234375	2	14
25.37109375	3	14
25.83984375	4	14
26.30859375	1	15
26.77734375	2	15
27.24609375	3	15
27.71484375	4	15
28.18359375	1	16
28.65234375	2	16
29.12109375	3	16
29.58984375	4	16
30.05859375	1	17
30.52734375	2	17
30.99609375	3	17
31.46484375	4	17
31.93359375	1	18
32.40234375	2	18
32.87109375	3	18
33.33984375	4	18
33.80859375	1	19
34.27734375	2	19
34.74609375	3	19
35.21484375	4	19
35.68359375	1	20
36.15234375	2	20
36.62109375	3	20
37.08984375	4	20
37.55859375	1	21
38.02734375	2	21
38.49609375	3	21
38.96484375	4	21
39.43359375	1	22
39.90234375	2	22
40.37109375	3	22
40.83984375	4	22
41.30859375	1	23
41.77734375	2	23
42.24609375	3	23
42.71484375	4	23
43.18359375	1	24
43.65234375	2	24
44.12109375	3	24
44.58984375	4	24
45.05859375	1	25
45.52734375	2	25
45.99609375	3	25
46.46484375	4	25
46.93359375	1	26
47.40234375	2	26
47.87109375	3	26
48.33984375	4	26
48.80859375	1	27
49.27734375	2	27
49.74609375	3	27
50.21484375	4	27
50.68359375	1	28
51.15234375	2	28
51.62109375	3	28
52.08984375	4	28
52.55859375	1	29
53.02734375	2	29
53.49609375	3	29
53.96484375	4	29
54.43359375	1	30
54.90234375	2	30
55.37109375	3	30
55.83984375	4	30
56.30859375	1	31
56.77734375	2	31
57.24609375	3	31
57.71484375	4	31
58.18359375	1	32
58.65234375	2	32
59.12109375	3	32
59.58984375	4	32
60.05859375	1	33
60.52734375	2	33
60.99609375	3	33
61.46484375	4	33
61.93359375	1	34
62.40234375	2	34
62.87109375	3	34
63.33984375	4	34
63.80859375	1	35
64.27734375	2	35
64.74609375	3	35
65.21484375	4	35
65.68359375	1	36
66.15234375	2	36
66.62109375	3	36
67.08984375	4	36
67.55859375	1	37
68.02734375	2	37
68.49609375	3	37
68.96484375	4	37
69.43359375	1	38
69.90234375	2	38
70.37109375	3	38
70.83984375	4	38
71.30859375	1	39
71.77734375	2	39
72.24609375	3	39
72.71484375	4	39
73.18359375	1	40
73.65234375	2	40
74.12109375	3	40
74.58984375	4	40
75.05859375	1	41
75.52734375	2	41
75.99609375	3	41
76.46484375	4	41
76.93359375	1	42
77.40234375	2	42
77.87109375	3	42
78.33984375	4	42
78.80859375	1	43
79.27734375	2	43
79.74609375	3	43
80.21484375	4	43
80.68359375	1	44
81.15234375	2	44
81.62109375	3	44
82.08984375	4	44
82.55859375	1	45
83.02734375	2	45
83.49609375	3	45
83.96484375	4	45
84.43359375	1	46
84.90234375	2	46
85.37109375	3	46
85.83984375	4	46
86.30859375	1	47
86.77734375	2	47
87.24609375	3	47
87.71484375	4	47
88.18359375	1	48
88.65234375	2	48
89.12109375	3	48
89.58984375	4	48
90.05859375	1	49
90.52734375	2	49
90.99609375	3	49
91.46484375	4	49
91.93359375	1	50
92.40234375	2	50
92.87109375	3	50
93.33984375	4	50
93.80859375	1	51
94.27734375	2	51
94.74609375	3	51
95.21484375	4	51
95.68359375	1	52
96.15234375	2	52
96.62109375	3	52
97.08984375	4	52
97.55859375	1	53
98.02734375	2	53
98.49609375	3	53
98.96484375	4	53
99.43359375	1	54
99.90234375	2	54
100.37109375	3	54
100.83984375	4	54
101.30859375	1	55
101.77734375	2	55
102.24609375	3	55
102.71484375	4	55
103.18359375	1	56
103.65234375	2	56
104.12109375	3	56
104.58984375	4	56
105.05859375	1	57
105.52734375	2	57
105.99609375	3	57
106.46484375	4	57
106.93359375	1	58
107.40234375	2	58
107.87109375	3	58
108.33984375	4	58
108.80859375	1	59
109.27734375	2	59
109.74609375	3	59
110.21484375	4	59
110.68359375	1	60
111.15234375	2	60
111.62109375	3	60
112.08984375	4	60
112.55859375	1	61
113.02734375	2	61
113.49609375	3	61
113.96484375	4	61
114.43359375	1	62
114.90234375	2	62
115.37109375	3	62
115.83984375	4	62
116.30859375	1	63
116.77734375	2	63
117.24609375	3	63
117.71484375	4	63
118.18359375	1	64
118.65234375	2	64
119.12109375	3	64
119.58984375	4	64
120.05859375	1	65
120.52734375	2	65
120.99609375	3	65
121.46484375	4	65
121.93359375	1	66
122.40234375	2	66
122.87109375	3	66
123.33984375	4	66
123.80859375	1	67
124.27734375	2	67
124.74609375	3	67
125.21484375	4	67
125.68359375	1	68
126.15234375	2	68
126.62109375	3	68
127.08984375	4	68
127.55859375	1	69
128.02734375	2	69
128.49609375	3	69
128.96484375	4	69
129.43359375	1	70
129.90234375	2	70
130.37109375	3	70
130.83984375	4	70
131.30859375	1	71
131.77734375	2	71
132.24609375	3	71
132.71484375	4	71
133.18359375	1	72
133.65234375	2	72
134.12109375	3	72
134.58984375	4	72
135.05859375	1	73
135.52734375	2	73
135.99609375	3	73
136.46484375	4	73
136.93359375	1	74
137.40234375	2	74
137.87109375	3	74
138.33984375	4	74
138.80859375	1	75
139.27734375	2	75
139.74609375	3	75
140.21484375	4	75
140.68359375	1	76
141.15234375	2	76
141.62109375	3	76
142.08984375	4	76
142.55859375	1	77
143.02734375	2	77
143.49609375	3	77
143.96484375	4	77
144.43359375	1	78
144.90234375	2	78
145.37109375	3	78
145.83984375	4	78
146.30859375	1	79
146.77734375	2	79
147.24609375	3	79
147.71484375	4	79
148.18359375	1	80
148.65234375	2	80
149.12109375	3	80
149.58984375	4	80
150.05859375	1	81
150.52734375	2	81
150.99609375	3	81
151.46484375	4	81
151.93359375	1	82
152.40234375	2	82
152.87109375	3	82
153.33984375	4	82
153.80859375	1	83
154.27734375	2	83
154.74609375	3	83
155.21484375	4	83
155.68359375	1	84
156.15234375	2	84
156.62109375	3	84
157.08984375	4	84
157.55859375	1	85
158.02734375	2	85
158.49609375	3	85
158.96484375	4	85
159.43359375	1	86
159.90234375	2	86
160.37109375	3	86
160.83984375	4	86
161.30859375	1	87
161.77734375	2	87
162.24609375	3	87
162.71484375	4	87
163.18359375	1	88
163.65234375	2	88
164.12109375	3	88
164.58984375	4	88
165.05859375	1	89
165.52734375	2	89
165.99609375	3	89
166.46484375	4	89
166.93359375	1	90
167.40234375	2	90
167.87109375	3	90
168.33984375	4	90
168.80859375	1	91
169.27734375	2	91
169.74609375	3	91
170.21484375	4	91
170.68359375	1	92
171.15234375	2	92
171.62109375	3	92
172.08984375	4	92
172.55859375	1	93
173.02734375	2	93
173.49609375	3	93
173.96484375	4	93
174.43359375	1	94
174.90234375	2	94
175.37109375	3	94
175.83984375	4	94
176.30859375	1	95
176.77734375	2	95
177.24609375	3	95
177.71484375	4	95
178.18359375	1	96
178.65234375	2	96
179.12109375	3	96
179.58984375	4	96
180.05859375	1	97
180.52734375	2	97
180.99609375	3	97
181.46484375	4	97
181.93359375	1	98
182.40234375	2	98
182.87109375	3	98
183.33984375	4	98
183.80859375	1	99
184.27734375	2	99
184.74609375	3	99
185.21484375	4	99
185.68359375	1	100
186.15234375	2	100
186.62109375	3	100
187.08984375	4	100
187.55859375	1	101
188.02734375	2	101
188.49609375	3	101
188.96484375	4	101
189.43359375	1	102
189.90234375	2	102
190.37109375	3	102
190.83984375	4	102
191.30859375	1	103
191.77734375	2	103
192.24609375	3	103
192.71484375	4	103
193.18359375	1	104
193.65234375	2	104
194.12109375	3	104
194.58984375	4	104
195.05859375	1	105
195.52734375	2	105
195.99609375	3	105
196.46484375	4	105
196.93359375	1	106
197.40234375	2	106
197.87109375	3	106
198.33984375	4	106
198.80859375	1	107
199.27734375	2	107
199.74609375	3	107
200.21484375	4	107
200.68359375	1	108
201.15234375	2	108
201.62109375	3	108
202.08984375	4	108
202.55859375	1	109
203.02734375	2	109
203.49609375	3	109
203.96484375	4	109
204.43359375	1	110
204.90234375	2	110
205.37109375	3	110
205.83984375	4	110
206.30859375	1	111
206.77734375	2	111
207.24609375	3	111
207.71484375	4	111
208.18359375	1	112
208.65234375	2	112
209.12109375	3	112
209.58984375	4	112
210.05859375	1	113
210.52734375	2	113
210.99609375	3	113
211.46484375	4	113
211.93359375	1	114
212.40234375	2	114
212.87109375	3	114
213.33984375	4	114
213.80859375	1	115
214.27734375	2	115
214.74609375	3	115
215.21484375	4	115
215.68359375	1	116
216.15234375	2	116
216.62109375	3	116
217.08984375	4	116
217.55859375	1	117
218.02734375	2	117
218.49609375	3	117
218.96484375	4	117
219.43359375	1	118
219.90234375	2	118
220.37109375	3	118
220.83984375	4	118
221.30859375	1	119
221.77734375	2	119
222.24609375	3	119
222.71484375	4	119
223.18359375	1	120
223.65234375	2	120
224.12109375	3	120
224.58984375	4	120
225.05859375	1	121
225.52734375	2	121
225.99609375	3	121
226.46484375	4	121
226.93359375	1	122
227.40234375	2	122
227.87109375	3	122
228.33984375	4	122
228.80859375	1	123
229.27734375	2	123
229.74609375	3	123
230.21484375	4	123
230.68359375	1	124
231.15234375	2	124
231.62109375	3	124
232.08984375	4	124
232.55859375	1	125
233.02734375	2	125
233.49609375	3	125
233.96484375	4	125
234.43359375	1	126
234.90234375	2	126
235.37109375	3	126
235.83984375	4	126
236.30859375	1	127
236.77734375	2	127
237.24609375	3	127
237.71484375	4	127
238.18359375	1	128
238.65234375	2	128
239.12109375	3	128
239.58984375	4	128
240.05859375	1	129
240.52734375	2	129
240.99609375	3	129
241.46484375	4	129
241.93359375	1	130
242.40234375	2	130
242.87109375	3	130
243.33984375	4	130
243.80859375	1	131
244.27734375	2	131
244.74609375	3	131
245.21484375	4	131
245.68359375	1	132
246.15234375	2	132
246.62109375	3	132
247.08984375	4	132
247.55859375	1	133
248.02734375	2	133
248.49609375	3	133
248.96484375	4	133
249.43359375	1	134
249.90234375	2	134
250.37109375	3	134
250.83984375	4	134
251.30859375	1	135
251.77734375	2	135
252.24609375	3	135
252.71484375	4	135
253.18359375	1	136
253.65234375	2	136
254.12109375	3	136
254.58984375	4	136
255.05859375	1	137
255.52734375	2	137
255.99609375	3	137
256.46484375	4	137
256.93359375	1	138
257.40234375	2	138
257.87109375	3	138
258.33984375	4	138
258.80859375	1	139
259.27734375	2	139
259.74609375	3	139
260.21484375	4	139
260.68359375	1	140
261.15234375	2	140
261.62109375	3	140
262.08984375	4	140
262.55859375	1	141
263.02734375	2	141
263.49609375	3	141
263.96484375	4	141
264.43359375	1	142
264.90234375	2	142
265.37109375	3	142
265.83984375	4	142
266.30859375	1	143
266.77734375	2	143
267.24609375	3	143
267.71484375	4	143
268.18359375	1	144
268.65234375	2	144
269.12109375	3	144
269.58984375	4	144
270.05859375	1	145
270.52734375	2	145
270.99609375	3	145
271.46484375	4	145
271.93359375	1	146
272.40234375	2	146
272.87109375	3	146
273.33984375	4	146
273.80859375	1	147
274.27734375	2	147
274.74609375	3	147
275.21484375	4	147
275.68359375	1	148
276.15234375	2	148
276.62109375	3	148
277.08984375	4	148
277.55859375	1	149
278.02734375	2	149
278.49609375	3	149
278.96484375	4	149
279.43359375	1	150
279.90234375	2	150
280.37109375	3	150
280.83984375	4	150
281.30859375	1	151
281.77734375	2	151
282.24609375	3	151
282.71484375	4	151
283.18359375	1	152
283.65234375	2	152
284.12109375	3	152
284.58984375	4	152
285.05859375	1	153
285.52734375	2	153
285.99609375	3	153
286.46484375	4	153
286.93359375	1	154
287.40234375	2	154
287.87109375	3	154
288.33984375	4	154
288.80859375	1	155
289.27734375	2	155
289.74609375	3	155
290.21484375	4	155
290.68359375	1	156
291.15234375	2	156
291.62109375	3	156
292.08984375	4	156
292.55859375	1	157
293.02734375	2	157
293.49609375	3	157
293.96484375	4	157
294.43359375	1	158
294.90234375	2	158
295.37109375	3	158
295.83984375	4	158
296.30859375	1	159
296.77734375	2	159
297.24609375	3	159
297.71484375	4	159
298.18359375	1	160
298.65234375	2	160
299.12109375	3	160
299.58984375	4	160
300.05859375	1	161
300.52734375	2	161
300.99609375	3	161
301.46484375	4	161
301.93359375	1	162
302.40234375	2	162
302.87109375	3	162
303.33984375	4	162
303.80859375	1	163
304.27734375	2	163
304.74609375	3	163
305.21484375	4	163
305.68359375	1	164
306.15234375	2	164
306.62109375	3	164
307.08984375	4	164
307.55859375	1	165
308.02734375	2	165
308.49609375	3	165
308.96484375	4	165
309.43359375	1	166
309.90234375	2	166
310.37109375	3	166
310.83984375	4	166
311.30859375	1	167
311.77734375	2	167
312.24609375	3	167
312.71484375	4	167
313.18359375	1	168
313.65234375	2	168
314.12109375	3	168
314.58984375	4	168
315.05859375	1	169
315.52734375	2	169
315.99609375	3	169
316.46484375	4	169
316.93359375	1	170
317.40234375	2	170
317.87109375	3	170
318.33984375	4	170
318.80859375	1	171
319.27734375	2	171
319.74609375	3	171
320.21484375	4	171
320.68359375	1	172
321.15234375	2	172
321.62109375	3	172
322.08984375	4	172
322.55859375	1	173
323.02734375	2	173
323.49609375	3	173
323.96484375	4	173
324.43359375	1	174
324.90234375	2	174
325.37109375	3	174
325.83984375	4	174
326.30859375	1	175
326.77734375	2	175
327.24609375	3	175
327.71484375	4	175
328.18359375	1	176
328.65234375	2	176
329.12109375	3	176
329.58984375	4	176
330.05859375	1	177
330.52734375	2	177
330.99609375	3	177
331.46484375	4	177
331.93359375	1	178
332.40234375	2	178
332.87109375	3	178
333.33984375	4	178
333.80859375	1	179
334.27734375	2	179
334.74609375	3	179
335.21484375	4	179
335.68359375	1	180
336.15234375	2	180
336.62109375	3	180
337.08984375	4	180
337.55859375	1	181
338.02734375	2	181
338.49609375	3	181
338.96484375	4	181
339.43359375	1	182
339.90234375	2	182
340.37109375	3	182
340.83984375	4	182
341.30859375	1	183
341.77734375	2	183
342.24609375	3	183
342.71484375	4	183
343.18359375	1	184
343.65234375	2	184
344.12109375	3	184
344.58984375	4	184
345.05859375	1	185
345.52734375	2	185
345.99609375	3	185
346.46484375	4	185
346.93359375	1	186
347.40234375	2	186
347.87109375	3	186
348.33984375	4	186
348.80859375	1	187
349.27734375	2	187
349.74609375	3	187
350.21484375	4	187
350.68359375	1	188
351.15234375	2	188
351.62109375	3	188
352.08984375	4	188
352.55859375	1	189
353.02734375	2	189
353.49609375	3	189
353.96484375	4	189
354.43359375	1	190
354.90234375	2	190
355.37109375	3	190
355.83984375	4	190
356.30859375	1	191
356.77734375	2	191
357.24609375	3	191
357.71484375	4	191
358.18359375	1	192
358.65234375	2	192
359.12109375	3	192
359.58984375	4	192
360.05859375	1	193
360.52734375	2	193
360.99609375	3	193
361.46484375	4	193
361.93359375	1	194
362.40234375	2	194
362.87109375	3	194
363.33984375	4	194
363.80859375	1	195
364.27734375	2	195
364.74609375	3	195
365.21484375	4	195
365.68359375	1	196
366.15234375	2	196
366.62109375	3	196
367.08984375	4	196
367.55859375	1	197
368.02734375	2	197
368.49609375	3	197
368.96484375	4	197
369.43359375	1	198
