0.6	1	1
1.037956	2	1
1.475912	3	1
1.913868	4	1
2.351824	1	2
2.78978	2	2
3.227736	3	2
3.665692	4	2
4.103648	1	3
4.541604	2	3
4.97956	3	3
5.417516	4	3
5.855472	1	4
6.293428	2	4
6.731384	3	4
7.16934	4	4
7.607296	1	5
8.045252	2	5
8.483208	3	5
8.921164	4	5
9.35912	1	6
9.797076	2	6
10.235032	3	6
10.672988	4	6
11.110944	1	7
11.5489	2	7
11.986856	3	7
12.424812	4	7
12.862768	1	8
13.300724	2	8
13.73868	3	8
14.176636	4	8
14.614592	1	9
15.052548	2	9
15.490504	3	9
15.92846	4	9
16.366416	1	10
16.804372	2	10
17.242328	3	10
17.680284	4	10
18.11824	1	11
18.556196	2	11
18.994152	3	11
19.432108	4	11
19.870064	1	12
20.30802	2	12
20.745976	3	12
21.183932	4	12
21.621888	1	13
22.059844	2	13
22.4978	3	13
22.935756	4	13
23.373712	1	14
23.811668	2	14
24.249624	3	14
24.68758	4	14
25.125536	1	15
25.563492	2	15
26.001448	3	15
26.439404	4	15
26.87736	1	16
27.315316	2	16
27.753272	3	16
28.191228	4	16
28.629184	1	17
29.06714	2	17
29.505096	3	17
29.943052	4	17
30.381008	1	18
30.818964	2	18
31.25692	3	18
31.694876	4	18
32.132832	1	19
32.570788	2	19
33.008744	3	19
33.4467	4	19
33.884656	1	20
34.322612	2	20
34.760568	3	20
35.198524	4	20
35.63648	1	21
36.074436	2	21
36.512392	3	21
36.950348	4	21
37.388304	1	22
37.82626	2	22
38.264216	3	22
38.702172	4	22
39.140128	1	23
39.578084	2	23
40.01604	3	23
40.453996	4	23
40.891952	1	24
41.329908	2	24
41.767864	3	24
42.20582	4	24
42.643776	1	25
43.081732	2	25
43.519688	3	25
43.957644	4	25
44.3956	1	26
44.833556	2	26
45.271512	3	26
45.709468	4	26
46.147424	1	27
46.58538	2	27
47.023336	3	27
47.461292	4	27
47.899248	1	28
48.337204	2	28
48.77516	3	28
49.213116	4	28
49.651072	1	29
50.089028	2	29
50.526984	3	29
50.96494	4	29
51.402896	1	30
51.840852	2	30
52.278808	3	30
52.716764	4	30
53.15472	1	31
53.592676	2	31
54.030632	3	31
54.468588	4	31
54.906544	1	32
55.3445	2	32
55.782456	3	32
56.220412	4	32
56.658368	1	33
57.096324	2	33
57.53428	3	33
57.972236	4	33
58.410192	1	34
58.848148	2	34
59.286104	3	34
59.72406	4	34
60.162016	1	35
60.599972	2	35
61.037928	3	35
61.475884	4	35
61.91384	1	36
62.351796	2	36
62.789752	3	36
63.227708	4	36
63.665664	1	37
64.10362	2	37
64.541576	3	37
64.979532	4	37
65.417488	1	38
65.855444	2	38
66.2934	3	38
66.731356	4	38
67.169312	1	39
67.607268	2	39
68.045224	3	39
68.48318	4	39
68.921136	1	40
69.359092	2	40
69.797048	3	40
70.235004	4	40
70.67296	1	41
71.110916	2	41
71.548872	3	41
71.986828	4	41
72.424784	1	42
72.86274	2	42
73.300696	3	42
73.738652	4	42
74.176608	1	43
74.614564	2	43
75.05252	3	43
75.490476	4	43
75.928432	1	44
76.366388	2	44
76.804344	3	44
77.2423	4	44
77.680256	1	45
78.118212	2	45
78.556168	3	45
78.994124	4	45
79.43208	1	46
79.870036	2	46
80.307992	3	46
80.745948	4	46
81.183904	1	47
81.62186	2	47
82.059816	3	47
82.497772	4	47
82.935728	1	48
83.373684	2	48
83.81164	3	48
84.249596	4	48
84.687552	1	49
85.125508	2	49
85.563464	3	49
86.00142	4	49
86.439376	1	50
86.877332	2	50
87.315288	3	50
87.753244	4	50
88.1912	1	51
88.629156	2	51
89.067112	3	51
89.505068	4	51
89.943024	1	52
90.38098	2	52
90.818936	3	52
91.256892	4	52
91.694848	1	53
92.132804	2	53
92.57076	3	53
93.008716	4	53
93.446672	1	54
93.884628	2	54
94.322584	3	54
94.76054	4	54
95.198496	1	55
95.636452	2	55
96.074408	3	55
96.512364	4	55
96.95032	1	56
97.388276	2	56
97.826232	3	56
98.264188	4	56
98.702144	1	57
99.1401	2	57
99.578056	3	57
100.016012	4	57
100.453968	1	58
100.891924	2	58
101.32988	3	58
101.767836	4	58
102.205792	1	59
102.643748	2	59
103.081704	3	59
103.51966	4	59
103.957616	1	60
104.395572	2	60
104.833528	3	60
105.271484	4	60
105.70944	1	61
106.147396	2	61
106.585352	3	61
107.023308	4	61
107.461264	1	62
107.89922	2	62
108.337176	3	62
108.775132	4	62
109.213088	1	63
109.651044	2	63
110.089	3	63
110.526956	4	63
110.964912	1	64
111.402868	2	64
111.840824	3	64
112.27878	4	64
112.716736	1	65
113.154692	2	65
113.592648	3	65
114.030604	4	65
114.46856	1	66
114.906516	2	66
115.344472	3	66
115.782428	4	66
116.220384	1	67
116.65834	2	67
117.096296	3	67
117.534252	4	67
117.972208	1	68
118.410164	2	68
118.84812	3	68
119.286076	4	68
119.724032	1	69
120.161988	2	69
120.599944	3	69
121.0379	4	69
121.475856	1	70
121.913812	2	70
122.351768	3	70
122.789724	4	70
123.22768	1	71
123.665636	2	71
124.103592	3	71
124.541548	4	71
124.979504	1	72
125.41746	2	72
125.855416	3	72
126.293372	4	72
126.731328	1	73
127.169284	2	73
127.60724	3	73
128.045196	4	73
128.483152	1	74
128.921108	2	74
129.359064	3	74
129.79702	4	74
130.234976	1	75
130.672932	2	75
131.110888	3	75
131.548844	4	75
131.9868	1	76
132.424756	2	76
132.862712	3	76
133.300668	4	76
133.738624	1	77
134.17658	2	77
134.614536	3	77
135.052492	4	77
135.490448	1	78
135.928404	2	78
136.36636	3	78
136.804316	4	78
137.242272	1	79
137.680228	2	79
138.118184	3	79
138.55614	4	79
138.994096	1	80
139.432052	2	80
139.870008	3	80
140.307964	4	80
140.74592	1	81
141.183876	2	81
141.621832	3	81
142.059788	4	81
142.497744	1	82
142.9357	2	82
143.373656	3	82
143.811612	4	82
144.249568	1	83
144.687524	2	83
145.12548	3	83
145.563436	4	83
146.001392	1	84
146.439348	2	84
146.877304	3	84
147.31526	4	84
147.753216	1	85
148.191172	2	85
148.629128	3	85
149.067084	4	85
149.50504	1	86
149.942996	2	86
150.380952	3	86
150.818908	4	86
151.256864	1	87
151.69482	2	87
152.132776	3	87
152.570732	4	87
153.008688	1	88
153.446644	2	88
153.8846	3	88
154.322556	4	88
154.760512	1	89
155.198468	2	89
155.636424	3	89
156.07438	4	89
156.512336	1	90
156.950292	2	90
157.388248	3	90
157.826204	4	90
158.26416	1	91
158.702116	2	91
159.140072	3	91
159.578028	4	91
160.015984	1	92
160.45394	2	92
160.891896	3	92
161.329852	4	92
161.767808	1	93
162.205764	2	93
162.64372	3	93
163.081676	4	93
163.519632	1	94
163.957588	2	94
164.395544	3	94
164.8335	4	94
165.271456	1	95
165.709412	2	95
166.147368	3	95
166.585324	4	95
167.02328	1	96
167.461236	2	96
167.899192	3	96
168.337148	4	96
168.775104	1	97
169.21306	2	97
169.651016	3	97
170.088972	4	97
170.526928	1	98
170.964884	2	98
171.40284	3	98
171.840796	4	98
172.278752	1	99
172.716708	2	99
173.154664	3	99
173.59262	4	99
174.030576	1	100
174.468532	2	100
174.906488	3	100
175.344444	4	100
175.7824	1	101
176.220356	2	101
176.658312	3	101
177.096268	4	101
177.534224	1	102
177.97218	2	102
178.410136	3	102
178.848092	4	102
179.286048	1	103
179.724004	2	103
180.16196	3	103
180.599916	4	103
181.037872	1	104
181.475828	2	104
181.913784	3	104
182.35174	4	104
182.789696	1	105
183.227652	2	105
183.665608	3	105
184.103564	4	105
184.54152	1	106
184.979476	2	106
185.417432	3	106
185.855388	4	106
186.293344	1	107
186.7313	2	107
187.169256	3	107
187.607212	4	107
188.045168	1	108
188.483124	2	108
188.92108	3	108
189.359036	4	108
189.796992	1	109
190.234948	2	109
190.672904	3	109
191.11086	4	109
191.548816	1	110
191.986772	2	110
192.424728	3	110
192.862684	4	110
193.30064	1	111
193.738596	2	111
194.176552	3	111
194.614508	4	111
195.052464	1	112
195.49042	2	112
195.928376	3	112
196.366332	4	112
196.804288	1	113
