0.10714275	1	1
0.56515775	2	1
1.02317275	3	1
1.48118775	4	1
1.93920275	1	2
2.39721775	2	2
2.85523275	3	2
3.31324775	4	2
3.77126275	1	3
4.22927775	2	3
4.68729275	3	3
5.14530775	4	3
5.60332275	1	4
6.06133775	2	4
6.51935275	3	4
6.97736775	4	4
7.43538275	1	5
7.89339775	2	5
8.35141275	3	5
8.80942775	4	5
9.26744275	1	6
9.72545775	2	6
10.18347275	3	6
10.64148775	4	6
11.09950275	1	7
11.55751775	2	7
12.01553275	3	7
12.47354775	4	7
12.93156275	1	8
13.38957775	2	8
13.84759275	3	8
14.30560775	4	8
14.76362275	1	9
15.22163775	2	9
15.67965275	3	9
16.13766775	4	9
16.59568275	1	10
17.05369775	2	10
17.51171275	3	10
17.96972775	4	10
18.42774275	1	11
18.88575775	2	11
19.34377275	3	11
19.80178775	4	11
20.25980275	1	12
20.71781775	2	12
21.17583275	3	12
21.63384775	4	12
22.09186275	1	13
22.54987775	2	13
23.00789275	3	13
23.46590775	4	13
23.92392275	1	14
24.38193775	2	14
24.83995275	3	14
25.29796775	4	14
25.75598275	1	15
26.21399775	2	15
26.67201275	3	15
27.13002775	4	15
27.58804275	1	16
28.04605775	2	16
28.50407275	3	16
28.96208775	4	16
29.42010275	1	17
29.87811775	2	17
30.33613275	3	17
30.79414775	4	17
31.25216275	1	18
31.71017775	2	18
32.16819275	3	18
32.62620775	4	18
33.08422275	1	19
33.54223775	2	19
34.00025275	3	19
34.45826775	4	19
34.91628275	1	20
35.37429775	2	20
35.83231275	3	20
36.29032775	4	20
36.74834275	1	21
37.20635775	2	21
37.66437275	3	21
38.12238775	4	21
38.58040275	1	22
39.03841775	2	22
39.49643275	3	22
39.95444775	4	22
40.41246275	1	23
40.87047775	2	23
41.32849275	3	23
41.78650775	4	23
42.24452275	1	24
42.70253775	2	24
43.16055275	3	24
43.61856775	4	24
44.07658275	1	25
44.53459775	2	25
44.99261275	3	25
45.45062775	4	25
45.90864275	1	26
46.36665775	2	26
46.82467275	3	26
47.28268775	4	26
47.74070275	1	27
48.19871775	2	27
48.65673275	3	27
49.11474775	4	27
49.57276275	1	28
50.03077775	2	28
50.48879275	3	28
50.94680775	4	28
51.40482275	1	29
51.86283775	2	29
52.32085275	3	29
52.77886775	4	29
53.23688275	1	30
53.69489775	2	30
54.15291275	3	30
54.61092775	4	30
55.06894275	1	31
55.52695775	2	31
55.98497275	3	31
56.44298775	4	31
56.90100275	1	32
57.35901775	2	32
57.81703275	3	32
58.27504775	4	32
58.73306275	1	33
59.19107775	2	33
59.64909275	3	33
60.10710775	4	33
60.56512275	1	34
61.02313775	2	34
61.48115275	3	34
61.93916775	4	34
62.39718275	1	35
62.85519775	2	35
63.31321275	3	35
63.77122775	4	35
64.22924275	1	36
64.68725775	2	36
65.14527275	3	36
65.60328775	4	36
66.06130275	1	37
66.51931775	2	37
66.97733275	3	37
67.43534775	4	37
67.89336275	1	38
68.35137775	2	38
68.80939275	3	38
69.26740775	4	38
69.72542275	1	39
70.18343775	2	39
70.64145275	3	39
71.09946775	4	39
71.55748275	1	40
72.01549775	2	40
72.47351275	3	40
72.93152775	4	40
73.38954275	1	41
73.84755775	2	41
74.30557275	3	41
74.76358775	4	41
75.22160275	1	42
75.67961775	2	42
76.13763275	3	42
76.59564775	4	42
77.05366275	1	43
77.51167775	2	43
77.96969275	3	43
78.42770775	4	43
78.88572275	1	44
79.34373775	2	44
79.80175275	3	44
80.25976775	4	44
80.71778275	1	45
81.17579775	2	45
81.63381275	3	45
82.09182775	4	45
82.54984275	1	46
83.00785775	2	46
83.46587275	3	46
83.92388775	4	46
84.38190275	1	47
84.83991775	2	47
85.29793275	3	47
85.75594775	4	47
86.21396275	1	48
86.67197775	2	48
87.12999275	3	48
87.58800775	4	48
88.04602275	1	49
88.50403775	2	49
88.96205275	3	49
89.42006775	4	49
89.87808275	1	50
90.33609775	2	50
90.79411275	3	50
91.25212775	4	50
91.71014275	1	51
92.16815775	2	51
92.62617275	3	51
93.08418775	4	51
93.54220275	1	52
94.00021775	2	52
94.45823275	3	52
94.91624775	4	52
95.37426275	1	53
95.83227775	2	53
96.29029275	3	53
96.74830775	4	53
97.20632275	1	54
97.66433775	2	54
98.12235275	3	54
98.58036775	4	54
99.03838275	1	55
99.49639775	2	55
99.95441275	3	55
100.41242775	4	55
100.87044275	1	56
101.32845775	2	56
101.78647275	3	56
102.24448775	4	56
102.70250275	1	57
103.16051775	2	57
103.61853275	3	57
104.07654775	4	57
104.53456275	1	58
104.99257775	2	58
105.45059275	3	58
105.90860775	4	58
106.36662275	1	59
106.82463775	2	59
107.28265275	3	59
107.74066775	4	59
108.19868275	1	60
108.65669775	2	60
109.11471275	3	60
109.57272775	4	60
110.03074275	1	61
110.48875775	2	61
110.94677275	3	61
111.40478775	4	61
111.86280275	1	62
112.32081775	2	62
112.77883275	3	62
113.23684775	4	62
113.69486275	1	63
114.15287775	2	63
114.61089275	3	63
115.06890775	4	63
115.52692275	1	64
115.98493775	2	64
116.44295275	3	64
116.90096775	4	64
117.35898275	1	65
117.81699775	2	65
118.27501275	3	65
118.73302775	4	65
119.19104275	1	66
119.64905775	2	66
120.10707275	3	66
120.56508775	4	66
121.02310275	1	67
121.48111775	2	67
121.93913275	3	67
122.39714775	4	67
122.85516275	1	68
123.31317775	2	68
123.77119275	3	68
124.22920775	4	68
124.68722275	1	69
125.14523775	2	69
125.60325275	3	69
126.06126775	4	69
126.51928275	1	70
126.97729775	2	70
127.43531275	3	70
127.89332775	4	70
128.35134275	1	71
128.80935775	2	71
129.26737275	3	71
129.72538775	4	71
130.18340275	1	72
130.64141775	2	72
131.09943275	3	72
131.55744775	4	72
132.01546275	1	73
132.47347775	2	73
132.93149275	3	73
133.38950775	4	73
133.84752275	1	74
134.30553775	2	74
134.76355275	3	74
135.22156775	4	74
135.67958275	1	75
136.13759775	2	75
136.59561275	3	75
137.05362775	4	75
137.51164275	1	76
137.96965775	2	76
138.42767275	3	76
138.88568775	4	76
139.34370275	1	77
139.80171775	2	77
140.25973275	3	77
140.71774775	4	77
141.17576275	1	78
141.63377775	2	78
142.09179275	3	78
142.54980775	4	78
143.00782275	1	79
143.46583775	2	79
143.92385275	3	79
144.38186775	4	79
144.83988275	1	80
145.29789775	2	80
145.75591275	3	80
146.21392775	4	80
146.67194275	1	81
147.12995775	2	81
147.58797275	3	81
148.04598775	4	81
148.50400275	1	82
148.96201775	2	82
149.42003275	3	82
149.87804775	4	82
150.33606275	1	83
150.79407775	2	83
151.25209275	3	83
151.71010775	4	83
152.16812275	1	84
152.62613775	2	84
153.08415275	3	84
153.54216775	4	84
154.00018275	1	85
154.45819775	2	85
154.91621275	3	85
155.37422775	4	85
155.83224275	1	86
156.29025775	2	86
156.74827275	3	86
157.20628775	4	86
157.66430275	1	87
158.12231775	2	87
158.58033275	3	87
159.03834775	4	87
159.49636275	1	88
159.95437775	2	88
160.41239275	3	88
160.87040775	4	88
161.32842275	1	89
161.78643775	2	89
162.24445275	3	89
162.70246775	4	89
163.16048275	1	90
163.61849775	2	90
164.07651275	3	90
164.53452775	4	90
164.99254275	1	91
165.45055775	2	91
165.90857275	3	91
166.36658775	4	91
166.82460275	1	92
167.28261775	2	92
167.74063275	3	92
168.19864775	4	92
168.65666275	1	93
169.11467775	2	93
169.57269275	3	93
170.03070775	4	93
170.48872275	1	94
170.94673775	2	94
171.40475275	3	94
171.86276775	4	94
172.32078275	1	95
172.77879775	2	95
173.23681275	3	95
173.69482775	4	95
174.15284275	1	96
174.61085775	2	96
175.06887275	3	96
175.52688775	4	96
175.98490275	1	97
176.44291775	2	97
176.90093275	3	97
177.35894775	4	97
177.81696275	1	98
178.27497775	2	98
178.73299275	3	98
179.19100775	4	98
179.64902275	1	99
180.10703775	2	99
180.56505275	3	99
181.02306775	4	99
181.48108275	1	100
181.93909775	2	100
182.39711275	3	100
182.85512775	4	100
183.31314275	1	101
183.77115775	2	101
184.22917275	3	101
184.68718775	4	101
185.14520275	1	102
185.60321775	2	102
186.06123275	3	102
186.51924775	4	102
186.97726275	1	103
187.43527775	2	103
187.89329275	3	103
188.35130775	4	103
188.80932275	1	104
189.26733775	2	104
189.72535275	3	104
190.18336775	4	104
190.64138275	1	105
191.09939775	2	105
191.55741275	3	105
192.01542775	4	105
192.47344275	1	106
192.93145775	2	106
193.38947275	3	106
193.84748775	4	106
194.30550275	1	107
194.76351775	2	107
195.22153275	3	107
195.67954775	4	107
196.13756275	1	108
196.59557775	2	108
197.05359275	3	108
197.51160775	4	108
197.96962275	1	109
198.42763775	2	109
198.88565275	3	109
199.34366775	4	109
199.80168275	1	110
200.25969775	2	110
200.71771275	3	110
201.17572775	4	110
201.63374275	1	111
202.09175775	2	111
202.54977275	3	111
203.00778775	4	111
203.46580275	1	112
203.92381775	2	112
204.38183275	3	112
204.83984775	4	112
205.29786275	1	113
205.75587775	2	113
206.21389275	3	113
206.67190775	4	113
207.12992275	1	114
207.58793775	2	114
208.04595275	3	114
208.50396775	4	114
208.96198275	1	115
209.41999775	2	115
209.87801275	3	115
210.33602775	4	115
210.79404275	1	116
211.25205775	2	116
211.71007275	3	116
212.16808775	4	116
212.62610275	1	117
213.08411775	2	117
213.54213275	3	117
214.00014775	4	117
214.45816275	1	118
214.91617775	2	118
215.37419275	3	118
215.83220775	4	118
216.29022275	1	119
216.74823775	2	119
217.20625275	3	119
217.66426775	4	119
218.12228275	1	120
218.58029775	2	120
219.03831275	3	120
