0.065217375	1	1
0.530514375	2	1
0.995811375	3	1
1.461108375	4	1
1.926405375	1	2
2.391702375	2	2
2.856999375	3	2
3.322296375	4	2
3.787593375	1	3
4.252890375	2	3
4.718187375	3	3
5.183484375	4	3
5.648781375	1	4
6.114078375	2	4
6.579375375	3	4
7.044672375	4	4
7.509969375	1	5
7.975266375	2	5
8.440563375	3	5
8.905860375	4	5
9.371157375	1	6
9.836454375	2	6
10.301751375	3	6
10.767048375	4	6
11.232345375	1	7
11.697642375	2	7
12.162939375	3	7
12.628236375	4	7
13.093533375	1	8
13.558830375	2	8
14.024127375	3	8
14.489424375	4	8
14.954721375	1	9
15.420018375	2	9
15.885315375	3	9
16.350612375	4	9
16.815909375	1	10
17.281206375	2	10
17.746503375	3	10
18.211800375	4	10
18.677097375	1	11
19.142394375	2	11
19.607691375	3	11
20.072988375	4	11
20.538285375	1	12
21.003582375	2	12
21.468879375	3	12
21.934176375	4	12
22.399473375	1	13
22.864770375	2	13
23.330067375	3	13
23.795364375	4	13
24.260661375	1	14
24.725958375	2	14
25.191255375	3	14
25.656552375	4	14
26.121849375	1	15
26.587146375	2	15
27.052443375	3	15
27.517740375	4	15
27.983037375	1	16
28.448334375	2	16
28.913631375	3	16
29.378928375	4	16
29.844225375	1	17
30.309522375	2	17
30.774819375	3	17
31.240116375	4	17
31.705413375	1	18
32.170710375	2	18
32.636007375	3	18
33.101304375	4	18
33.566601375	1	19
34.031898375	2	19
34.497195375	3	19
34.962492375	4	19
35.427789375	1	20
35.893086375	2	20
36.358383375	3	20
36.823680375	4	20
37.288977375	1	21
37.754274375	2	21
38.219571375	3	21
38.684868375	4	21
39.150165375	1	22
39.615462375	2	22
40.080759375	3	22
40.546056375	4	22
41.011353375	1	23
41.476650375	2	23
41.941947375	3	23
42.407244375	4	23
42.872541375	1	24
43.337838375	2	24
43.803135375	3	24
44.268432375	4	24
44.733729375	1	25
45.199026375	2	25
45.664323375	3	25
46.129620375	4	25
46.594917375	1	26
47.060214375	2	26
47.525511375	3	26
47.990808375	4	26
48.456105375	1	27
48.921402375	2	27
49.386699375	3	27
49.851996375	4	27
50.317293375	1	28
50.782590375	2	28
51.247887375	3	28
51.713184375	4	28
52.178481375	1	29
52.643778375	2	29
53.109075375	3	29
53.574372375	4	29
54.039669375	1	30
54.504966375	2	30
54.970263375	3	30
55.435560375	4	30
55.900857375	1	31
56.366154375	2	31
56.831451375	3	31
57.296748375	4	31
57.762045375	1	32
58.227342375	2	32
58.692639375	3	32
59.157936375	4	32
59.623233375	1	33
60.088530375	2	33
60.553827375	3	33
61.019124375	4	33
61.484421375	1	34
61.949718375	2	34
62.415015375	3	34
62.880312375	4	34
63.345609375	1	35
63.810906375	2	35
64.276203375	3	35
64.741500375	4	35
65.206797375	1	36
65.672094375	2	36
66.137391375	3	36
66.602688375	4	36
67.067985375	1	37
67.533282375	2	37
67.998579375	3	37
68.463876375	4	37
68.929173375	1	38
69.394470375	2	38
69.859767375	3	38
70.325064375	4	38
70.790361375	1	39
71.255658375	2	39
71.720955375	3	39
72.186252375	4	39
72.651549375	1	40
73.116846375	2	40
73.582143375	3	40
74.047440375	4	40
74.512737375	1	41
74.978034375	2	41
75.443331375	3	41
75.908628375	4	41
76.373925375	1	42
76.839222375	2	42
77.304519375	3	42
77.769816375	4	42
78.235113375	1	43
78.700410375	2	43
79.165707375	3	43
79.631004375	4	43
80.096301375	1	44
80.561598375	2	44
81.026895375	3	44
81.492192375	4	44
81.957489375	1	45
82.422786375	2	45
82.888083375	3	45
83.353380375	4	45
83.818677375	1	46
84.283974375	2	46
84.749271375	3	46
85.214568375	4	46
85.679865375	1	47
86.145162375	2	47
86.610459375	3	47
87.075756375	4	47
87.541053375	1	48
88.006350375	2	48
88.471647375	3	48
88.936944375	4	48
89.402241375	1	49
89.867538375	2	49
90.332835375	3	49
90.798132375	4	49
91.263429375	1	50
91.728726375	2	50
92.194023375	3	50
92.659320375	4	50
93.124617375	1	51
93.589914375	2	51
94.055211375	3	51
94.520508375	4	51
94.985805375	1	52
95.451102375	2	52
95.916399375	3	52
96.381696375	4	52
96.846993375	1	53
97.312290375	2	53
97.777587375	3	53
98.242884375	4	53
98.708181375	1	54
99.173478375	2	54
99.638775375	3	54
100.104072375	4	54
100.569369375	1	55
101.034666375	2	55
101.499963375	3	55
101.965260375	4	55
102.430557375	1	56
102.895854375	2	56
103.361151375	3	56
103.826448375	4	56
104.291745375	1	57
104.757042375	2	57
105.222339375	3	57
105.687636375	4	57
106.152933375	1	58
106.618230375	2	58
107.083527375	3	58
107.548824375	4	58
108.014121375	1	59
108.479418375	2	59
108.944715375	3	59
109.410012375	4	59
109.875309375	1	60
110.340606375	2	60
110.805903375	3	60
111.271200375	4	60
111.736497375	1	61
112.201794375	2	61
112.667091375	3	61
113.132388375	4	61
113.597685375	1	62
114.062982375	2	62
114.528279375	3	62
114.993576375	4	62
115.458873375	1	63
115.924170375	2	63
116.389467375	3	63
116.854764375	4	63
117.320061375	1	64
117.785358375	2	64
118.250655375	3	64
118.715952375	4	64
119.181249375	1	65
119.646546375	2	65
120.111843375	3	65
120.577140375	4	65
121.042437375	1	66
121.507734375	2	66
121.973031375	3	66
122.438328375	4	66
122.903625375	1	67
123.368922375	2	67
123.834219375	3	67
124.299516375	4	67
124.764813375	1	68
125.230110375	2	68
125.695407375	3	68
126.160704375	4	68
126.626001375	1	69
127.091298375	2	69
127.556595375	3	69
128.021892375	4	69
128.487189375	1	70
128.952486375	2	70
129.417783375	3	70
129.883080375	4	70
130.348377375	1	71
130.813674375	2	71
131.278971375	3	71
131.744268375	4	71
132.209565375	1	72
132.674862375	2	72
133.140159375	3	72
133.605456375	4	72
134.070753375	1	73
134.536050375	2	73
135.001347375	3	73
135.466644375	4	73
135.931941375	1	74
136.397238375	2	74
136.862535375	3	74
137.327832375	4	74
137.793129375	1	75
138.258426375	2	75
138.723723375	3	75
139.189020375	4	75
139.654317375	1	76
140.120156375	2	76
140.585995375	3	76
141.051834375	4	76
141.517673375	1	77
141.983512375	2	77
142.449351375	3	77
142.915190375	4	77
143.381029375	1	78
143.846868375	2	78
144.312707375	3	78
144.778546375	4	78
145.244385375	1	79
145.710224375	2	79
146.176063375	3	79
146.641902375	4	79
147.107741375	1	80
147.573580375	2	80
148.039419375	3	80
148.505258375	4	80
148.971097375	1	81
149.436936375	2	81
149.902775375	3	81
150.368614375	4	81
150.834453375	1	82
151.300292375	2	82
151.766131375	3	82
152.231970375	4	82
152.697809375	1	83
153.163648375	2	83
153.629487375	3	83
154.095326375	4	83
154.561165375	1	84
155.027004375	2	84
155.492843375	3	84
155.958682375	4	84
156.424521375	1	85
156.890360375	2	85
157.356199375	3	85
157.822038375	4	85
158.287877375	1	86
158.753716375	2	86
159.219555375	3	86
159.685394375	4	86
160.151233375	1	87
160.617072375	2	87
161.082911375	3	87
161.548750375	4	87
162.014589375	1	88
162.480428375	2	88
162.946267375	3	88
163.412106375	4	88
163.877945375	1	89
164.343784375	2	89
164.809623375	3	89
165.275462375	4	89
165.741301375	1	90
166.207140375	2	90
166.672979375	3	90
167.138818375	4	90
167.604657375	1	91
168.070496375	2	91
168.536335375	3	91
169.002174375	4	91
169.468013375	1	92
169.933852375	2	92
170.399691375	3	92
170.865530375	4	92
171.331369375	1	93
171.797208375	2	93
172.263047375	3	93
172.728886375	4	93
173.194725375	1	94
173.660564375	2	94
174.126403375	3	94
174.592242375	4	94
175.058081375	1	95
175.523920375	2	95
175.989759375	3	95
176.455598375	4	95
176.921437375	1	96
177.387276375	2	96
177.853115375	3	96
178.318954375	4	96
178.784793375	1	97
179.250632375	2	97
179.716471375	3	97
180.182310375	4	97
180.648149375	1	98
181.113988375	2	98
181.579827375	3	98
182.045666375	4	98
182.511505375	1	99
182.977344375	2	99
183.443183375	3	99
183.909022375	4	99
184.374861375	1	100
184.840700375	2	100
185.306539375	3	100
185.772378375	4	100
186.238217375	1	101
186.704056375	2	101
187.169895375	3	101
187.635734375	4	101
188.101573375	1	102
188.567412375	2	102
189.033251375	3	102
189.499090375	4	102
189.964929375	1	103
190.430768375	2	103
190.896607375	3	103
191.362446375	4	103
191.828285375	1	104
192.294124375	2	104
192.759963375	3	104
193.225802375	4	104
193.691641375	1	105
194.157480375	2	105
194.623319375	3	105
195.089158375	4	105
195.554997375	1	106
196.020836375	2	106
196.486675375	3	106
196.952514375	4	106
197.418353375	1	107
197.884192375	2	107
198.350031375	3	107
198.815870375	4	107
199.281709375	1	108
199.747548375	2	108
200.213387375	3	108
200.679226375	4	108
201.145065375	1	109
201.610904375	2	109
202.076743375	3	109
202.542582375	4	109
203.008421375	1	110
203.474260375	2	110
203.940099375	3	110
204.405938375	4	110
204.871777375	1	111
205.337616375	2	111
205.803455375	3	111
206.269294375	4	111
206.735133375	1	112
207.200972375	2	112
207.666811375	3	112
208.132650375	4	112
208.598489375	1	113
209.064328375	2	113
209.530167375	3	113
209.996006375	4	113
210.461845375	1	114
210.928045375	2	114
211.394245375	3	114
211.860445375	4	114
212.326645375	1	115
212.792845375	2	115
213.259045375	3	115
213.725245375	4	115
214.191445375	1	116
214.657645375	2	116
215.123845375	3	116
215.590045375	4	116
216.056245375	1	117
216.522445375	2	117
216.988645375	3	117
217.454845375	4	117
217.921045375	1	118
218.387245375	2	118
218.853445375	3	118
219.319645375	4	118
219.785845375	1	119
220.252045375	2	119
220.718245375	3	119
221.184445375	4	119
221.650645375	1	120
222.116845375	2	120
222.583045375	3	120
223.049245375	4	120
223.515445375	1	121
223.981645375	2	121
224.447845375	3	121
224.914045375	4	121
225.380245375	1	122
225.846445375	2	122
226.312645375	3	122
226.778845375	4	122
227.245045375	1	123
227.711245375	2	123
228.177445375	3	123
228.643645375	4	123
229.109845375	1	124
229.576045375	2	124
230.042245375	3	124
230.508445375	4	124
230.974645375	1	125
231.440845375	2	125
231.907045375	3	125
232.373245375	4	125
232.839445375	1	126
233.305645375	2	126
233.771845375	3	126
234.238045375	4	126
234.704245375	1	127
235.170445375	2	127
235.636645375	3	127
236.102845375	4	127
236.569045375	1	128
237.035245375	2	128
237.501445375	3	128
237.967645375	4	128
238.433845375	1	129
238.900045375	2	129
239.366245375	3	129
239.832445375	4	129
240.298645375	1	130
240.764845375	2	130
241.231045375	3	130
241.697245375	4	130
242.163445375	1	131
242.629645375	2	131
243.095845375	3	131
243.562045375	4	131
244.028245375	1	132
244.494445375	2	132
244.960645375	3	132
245.426845375	4	132
245.893045375	1	133
246.359245375	2	133
246.825445375	3	133
247.291645375	4	133
247.757845375	1	134
248.224045375	2	134
248.690245375	3	134
249.156445375	4	134
249.622645375	1	135
250.088845375	2	135
250.555045375	3	135
251.021245375	4	135
251.487445375	1	136
251.953645375	2	136
252.419845375	3	136
252.886045375	4	136
253.352245375	1	137
253.818445375	2	137
254.284645375	3	137
254.750845375	4	137
255.217045375	1	138
255.683245375	2	138
256.149445375	3	138
256.615645375	4	138
257.081845375	1	139
257.548045375	2	139
258.014245375	3	139
258.480445375	4	139
258.946645375	1	140
259.412845375	2	140
259.879045375	3	140
260.345245375	4	140
260.811445375	1	141
261.277645375	2	141
261.743845375	3	141
262.210045375	4	141
262.676245375	1	142
263.142445375	2	142
263.608645375	3	142
264.074845375	4	142
264.541045375	1	143
265.007245375	2	143
265.473445375	3	143
265.939645375	4	143
266.405845375	1	144
266.872045375	2	144
267.338245375	3	144
267.804445375	4	144
268.270645375	1	145
268.736845375	2	145
269.203045375	3	145
269.669245375	4	145
270.135445375	1	146
270.601645375	2	146
271.067845375	3	146
271.534045375	4	146
272.000245375	1	147
272.466445375	2	147
272.932645375	3	147
273.398845375	4	147
273.865045375	1	148
274.331245375	2	148
274.797445375	3	148
275.263645375	4	148
275.729845375	1	149
276.196045375	2	149
276.662245375	3	149
277.128445375	4	149
277.594645375	1	150
278.060845375	2	150
278.527045375	3	150
278.993245375	4	150
279.459445375	1	151
279.925645375	2	151
280.391845375	3	151
280.858045375	4	151
281.324245375	1	152
281.790445375	2	152
282.256645375	3	152
282.722845375	4	152
283.189045375	1	153
283.655245375	2	153
284.121445375	3	153
284.587645375	4	153
285.053845375	1	154
285.520045375	2	154
285.986245375	3	154
286.452445375	4	154
286.918645375	1	155
287.384845375	2	155
287.851045375	3	155
288.317245375	4	155
288.783445375	1	156
289.249645375	2	156
289.715845375	3	156
290.182045375	4	156
290.648245375	1	157
291.114445375	2	157
291.580645375	3	157
292.046845375	4	157
292.513045375	1	158
292.979245375	2	158
293.445445375	3	158
293.911645375	4	158
294.377845375	1	159
294.844045375	2	159
295.310245375	3	159
295.776445375	4	159
296.242645375	1	160
296.708845375	2	160
297.175045375	3	160
297.641245375	4	160
298.107445375	1	161
298.573645375	2	161
299.039845375	3	161
299.506045375	4	161
299.972245375	1	162
300.438445375	2	162
300.904645375	3	162
301.370845375	4	162
301.837045375	1	163
302.303245375	2	163
302.769445375	3	163
303.235645375	4	163
303.701845375	1	164
304.168045375	2	164
304.634245375	3	164
305.100445375	4	164
305.566645375	1	165
306.032845375	2	165
306.499045375	3	165
306.965245375	4	165
307.431445375	1	166
307.897645375	2	166
308.363845375	3	166
308.830045375	4	166
309.296245375	1	167
