0.6164385	2	1
1.4059125	3	1
2.1953865	4	1
2.9848605	1	2
3.7743345	2	2
4.5638085	3	2
5.3532825	4	2
6.1427565	1	3
6.9322305	2	3
7.7217045	3	3
8.5111785	4	3
9.3006525	1	4
10.0901265	2	4
10.8796005	3	4
11.6690745	4	4
12.4585485	1	5
13.2480225	2	5
14.0374965	3	5
14.8269705	4	5
15.6164445	1	6
16.4059185	2	6
17.1953925	3	6
17.9848665	4	6
18.7743405	1	7
19.5638145	2	7
20.3532885	3	7
21.1427625	4	7
21.9322365	1	8
22.7217105	2	8
23.5111845	3	8
24.3006585	4	8
25.0901325	1	9
25.8796065	2	9
26.6690805	3	9
27.4585545	4	9
28.2480285	1	10
29.0375025	2	10
29.8269765	3	10
30.6164505	4	10
31.4059245	1	11
32.1953985	2	11
32.9848725	3	11
33.7743465	4	11
34.5638205	1	12
35.3532945	2	12
36.1427685	3	12
36.9322425	4	12
37.7217165	1	13
38.5111905	2	13
39.3006645	3	13
40.0901385	4	13
40.8796125	1	14
41.6690865	2	14
42.4585605	3	14
43.2480345	4	14
44.0375085	1	15
44.8269825	2	15
45.6164565	3	15
46.4059305	4	15
47.1954045	1	16
47.9848785	2	16
48.7743525	3	16
49.5638265	4	16
50.3533005	1	17
51.1427745	2	17
51.9322485	3	17
52.7217225	4	17
53.5111965	1	18
54.3006705	2	18
55.0901445	3	18
55.8796185	4	18
56.6690925	1	19
57.4585665	2	19
58.2480405	3	19
59.0375145	4	19
59.8269885	1	20
60.6164625	2	20
61.4059365	3	20
62.1954105	4	20
62.9848845	1	21
63.7743585	2	21
64.5638325	3	21
65.3533065	4	21
66.1427805	1	22
66.9322545	2	22
67.7217285	3	22
68.5112025	4	22
69.3006765	1	23
70.0901505	2	23
70.8796245	3	23
71.6690985	4	23
72.4585725	1	24
73.2480465	2	24
74.0375205	3	24
74.8269945	4	24
75.6164685	1	25
76.4059425	2	25
77.1954165	3	25
77.9848905	4	25
78.7743645	1	26
79.5638385	2	26
80.3533125	3	26
81.1427865	4	26
81.9322605	1	27
82.7217345	2	27
83.5112085	3	27
84.3006825	4	27
85.0901565	1	28
85.8796305	2	28
86.6691045	3	28
87.4585785	4	28
88.2480525	1	29
89.0375265	2	29
89.8270005	3	29
90.6164745	4	29
91.4059485	1	30
92.1954225	2	30
92.9848965	3	30
93.7743705	4	30
94.5638445	1	31
95.3533185	2	31
96.1427925	3	31
96.9322665	4	31
97.7217405	1	32
98.5112145	2	32
99.3006885	3	32
100.0901625	4	32
100.8796365	1	33
101.6691105	2	33
102.4585845	3	33
103.2480585	4	33
104.0375325	1	34
104.8270065	2	34
105.6164805	3	34
106.4059545	4	34
107.1954285	1	35
107.9849025	2	35
108.7743765	3	35
109.5638505	4	35
110.3533245	1	36
111.1427985	2	36
111.9322725	3	36
112.7217465	4	36
113.5112205	1	37
114.3006945	2	37
115.0901685	3	37
115.8796425	4	37
116.6691165	1	38
117.4585905	2	38
118.2480645	3	38
119.0375385	4	38
119.8270125	1	39
120.6164865	2	39
121.4059605	3	39
122.1954345	4	39
122.9849085	1	40
123.7743825	2	40
124.5638565	3	40
125.3533305	4	40
126.1428045	1	41
126.9322785	2	41
127.7217525	3	41
128.5112265	4	41
129.3007005	1	42
130.0901745	2	42
130.8796485	3	42
131.6691225	4	42
132.4585965	1	43
133.2480705	2	43
134.0375445	3	43
134.8270185	4	43
135.6164925	1	44
136.4059665	2	44
137.1954405	3	44
137.9849145	4	44
138.7743885	1	45
139.5638625	2	45
140.3533365	3	45
141.1428105	4	45
141.9322845	1	46
142.7217585	2	46
143.5112325	3	46
144.3007065	4	46
145.0901805	1	47
145.8796545	2	47
146.6691285	3	47
147.4586025	4	47
148.2480765	1	48
149.0375505	2	48
149.8270245	3	48
150.6164985	4	48
151.4059725	1	49
152.1954465	2	49
152.9849205	3	49
153.7743945	4	49
154.5638685	1	50
155.3533425	2	50
156.1428165	3	50
156.9322905	4	50
157.7217645	1	51
158.5112385	2	51
159.3007125	3	51
160.0901865	4	51
160.8796605	1	52
161.6691345	2	52
162.4586085	3	52
163.2480825	4	52
164.0375565	1	53
164.8270305	2	53
165.6165045	3	53
166.4059785	4	53
167.1954525	1	54
167.9849265	2	54
168.7744005	3	54
169.5638745	4	54
170.3533485	1	55
171.1428225	2	55
171.9322965	3	55
172.7217705	4	55
173.5112445	1	56
174.3007185	2	56
175.0901925	3	56
175.8796665	4	56
176.6691405	1	57
177.4586145	2	57
178.2480885	3	57
179.0375625	4	57
179.8270365	1	58
180.6165105	2	58
181.4059845	3	58
182.1954585	4	58
182.9849325	1	59
183.7744065	2	59
184.5638805	3	59
185.3533545	4	59
186.1428285	1	60
186.9323025	2	60
187.7217765	3	60
188.5112505	4	60
189.3007245	1	61
190.0901985	2	61
190.8796725	3	61
191.6691465	4	61
192.4586205	1	62
193.2480945	2	62
194.0375685	3	62
194.8270425	4	62
195.6165165	1	63
196.4059905	2	63
197.1954645	3	63
197.9849385	4	63
198.7744125	1	64
199.5638865	2	64
200.3533605	3	64
201.1428345	4	64
201.9323085	1	65
202.7217825	2	65
203.5112565	3	65
204.3007305	4	65
205.0902045	1	66
205.8796785	2	66
206.6691525	3	66
207.4586265	4	66
208.2481005	1	67
209.0375745	2	67
209.8270485	3	67
210.6165225	4	67
211.4059965	1	68
212.1954705	2	68
212.9849445	3	68
213.7744185	4	68
214.5638925	1	69
215.3533665	2	69
216.1428405	3	69
216.9323145	4	69
217.7217885	1	70
218.5112625	2	70
219.3007365	3	70
220.0902105	4	70
220.8796845	1	71
221.6691585	2	71
222.4586325	3	71
223.2481065	4	71
224.0375805	1	72
224.8270545	2	72
225.6165285	3	72
226.4060025	4	72
227.1954765	1	73
