0.065
1.795
3.535
5.285
7.04
8.79
10.54
12.295
14.055
15.81
17.56
19.315
21.065
22.815
24.575
26.33
28.08
29.83
31.585
33.335
35.09
36.845
38.595
40.35
42.1
43.85
45.605
47.355
49.105
50.855
52.61
54.36
56.115
57.87
59.62
61.375
63.125
64.875
66.63
68.38
70.135
71.885
73.64
75.39
77.14
78.895
80.645
82.395
84.15
85.9
87.65
89.4
91.155
92.905
94.66
96.415
98.165
99.92
101.67
103.42
105.17
106.92
108.67
110.43
112.18
113.93
115.69
117.44
119.19
120.94
122.69
124.44
126.2
127.95
129.71
131.46
133.21
134.96
136.71
138.47
140.22
141.97
143.72
145.47
147.22
148.97
150.72
152.47
154.23
