0.04
1.4
2.76
4.12
5.48
6.855
8.24
9.62
11
12.38
13.755
15.125
16.495
17.875
19.26
20.645
22.025
23.4
24.78
26.165
27.55
28.925
30.3
31.675
33.055
34.43
35.805
37.185
38.57
39.95
41.335
42.725
44.105
45.48
46.85
48.23
49.6
50.975
52.365
53.755
55.14
56.52
57.895
59.27
60.65
62.035
63.415
64.795
66.17
67.545
68.925
70.3
71.675
73.055
74.445
75.83
77.21
78.58
79.955
81.335
82.725
84.11
85.49
86.86
88.23
89.61
90.99
92.37
93.75
95.135
96.515
97.895
99.275
100.66
102.04
103.42
104.8
106.17
107.55
108.92
110.31
111.69
113.06
114.44
115.82
117.2
118.59
119.97
121.36
122.73
124.11
125.48
126.86
128.24
129.61
130.99
132.37
133.75
135.13
136.51
137.89
139.28
140.65
142.03
143.4
144.78
146.16
147.55
148.93
150.31
151.69
153.06
154.44
155.82
157.21
158.58
159.96
161.33
162.71
164.09
165.47
166.84
168.22
169.6
170.99
172.37
173.75
175.12
176.51
177.88
179.27
180.65
182.03
183.41
184.79
186.18
187.55
188.93
190.31
191.69
193.07
194.46
195.83
197.21
198.59
199.97
201.34
202.72
204.09
205.47
206.85
