0.795
2.055
3.31
4.575
5.84
7.105
8.37
9.655
10.955
12.26
13.555
15.96
17.23
18.49
19.755
21.015
22.275
23.53
24.785
26.045
27.31
28.585
29.86
31.135
32.4
33.66
34.925
36.185
37.45
38.715
39.975
41.24
42.5
43.765
45.03
46.29
47.555
48.815
51.02
52.28
53.545
54.805
56.07
57.33
58.59
59.85
61.115
62.38
63.645
64.905
66.165
67.43
68.695
69.965
71.23
72.5
74.08
75.97
77.865
79.76
81.655
83.545
85.44
87.335
89.23
91.125
93.02
94.92
97.76
99.02
100.28
101.54
102.8
104.06
105.33
106.59
107.86
109.12
110.38
111.64
112.91
114.17
115.44
116.7
117.96
119.22
120.48
121.75
123.02
124.28
125.55
126.81
128.06
129.32
130.59
131.85
133.12
134.38
135.65
136.91
138.17
139.44
140.7
141.96
143.22
144.49
145.75
147.01
148.28
149.54
150.8
152.06
153.32
154.59
155.85
157.12
158.39
159.66
160.91
162.18
163.44
164.71
165.97
167.24
168.5
169.76
171.03
172.28
173.55
174.81
176.07
177.34
178.6
179.86
181.12
182.38
183.65
184.91
186.16
187.43
188.7
189.97
191.22
192.49
193.75
195.01
196.28
197.54
198.81
198.97
200.22
201.49
202.75
204.01
205.28
206.54
207.81
209.07
210.34
211.59
212.86
214.13
215.4
216.66
217.93
219.19
220.45
221.72
222.97
224.24
225.5
226.76
228.03
229.29
230.56
