1.99
4.485
6.95
9.375
11.92
14.475
17.08
19.59
22.13
24.665
27.15
29.63
32.115
34.61
37.105
39.58
42.07
44.62
47.13
49.64
52.175
55.95
58.445
60.93
63.41
65.885
68.3
70.755
73.21
75.66
78.095
80.545
82.995
85.44
87.9
90.38
92.885
95.41
96.665
99.17
101.66
104.12
106.61
109.06
111.48
113.91
116.34
118.77
121.19
123.62
126.08
128.54
130.98
133.46
137.21
139.71
142.21
144.66
147.12
149.56
151.98
154.38
156.79
159.22
161.62
164.04
166.5
168.93
171.4
173.88
176.4
178.89
181.35
183.78
186.19
188.56
190.91
193.25
195.58
197.91
200.2
202.38
204.56
206.79
209.09
211.38
213.63
215.87
218.1
220.27
