0.745
2.15
3.565
4.985
6.405
7.815
9.235
12.39
15.025
17.7
20.525
23.315
26.155
28.99
31.8
34.59
37.43
40.28
43.095
45.91
48.555
51.15
53.755
56.355
58.965
61.575
64.18
66.795
68.545
70.285
72.02
73.76
75.505
77.245
78.975
80.71
82.45
84.185
85.92
87.66
89.4
91.135
92.865
94.595
96.33
98.07
99.8
101.53
103.27
105
106.74
108.49
110.25
112
113.73
115.46
117.2
118.94
120.69
122.42
124.16
125.89
127.64
129.38
131.12
132.87
134.61
136.35
138.09
139.83
141.56
143.28
145
146.74
148.49
150.23
151.97
153.7
155.44
157.19
158.94
160.68
162.41
164.16
165.89
167.62
169.36
171.1
172.84
174.56
176.32
178.07
179.81
181.53
183.27
185
186.74
189.35
191.96
194.59
197.19
199.78
202.39
205.01
207.63
210.23
212.84
215.46
218.06
220.67
223.26
225.88
228.5
231.09
232.84
234.58
236.31
238.05
239.79
241.53
243.26
245
246.75
248.49
250.22
251.97
253.71
255.46
257.2
258.94
260.67
262.41
264.15
265.88
267.61
269.35
271.09
272.83
274.57
276.31
278.92
280.66
282.4
284.14
285.88
287.61
289.35
291.09
292.82
294.55
296.29
298.03
299.78
301.52
303.27
305.01
306.75
308.49
