0.54
2.31
4.07
5.825
7.57
9.325
11.07
12.82
14.57
16.315
18.065
19.815
21.575
23.325
25.08
26.83
28.575
30.32
32.075
33.825
35.57
37.32
39.07
40.82
42.57
44.32
46.075
47.825
49.575
51.325
53.075
54.825
56.575
58.325
60.33
62.33
64.33
66.325
68.325
70.32
72.32
74.325
76.33
78.33
80.325
82.33
84.335
86.33
88.33
90.33
92.325
94.325
96.33
98.33
100.33
102.33
104.58
106.33
108.08
109.83
111.58
113.33
115.07
117.07
119.08
121.08
123.08
125.08
127.08
129.07
131.08
133.09
135.09
137.08
139.09
141.08
143.07
145.07
147.08
149.07
151.06
153.07
155.08
157.08
159.08
160.09
162.09
164.08
166.08
168.07
170.07
172.07
174.07
176.08
178.09
180.09
182.07
183.91
185.59
188.51
190.18
191.85
193.53
195.22
196.94
198.68
200.41
203.09
204.82
206.57
208.32
210.07
211.82
213.57
215.32
217.07
218.82
220.57
222.32
224.07
225.82
227.57
229.32
231.07
232.82
234.57
236.32
238.07
239.82
241.57
243.32
245.06
246.82
248.57
250.32
252.07
253.82
255.82
257.83
260
