0.51
1.755
3
4.25
5.505
6.755
8.785
10.04
11.295
12.545
13.795
15.045
16.29
17.54
18.795
20.045
21.29
22.54
23.795
25.045
26.295
27.545
28.8
30.055
31.305
32.55
33.795
35.045
36.295
37.545
38.795
40.04
41.285
42.53
43.78
45.035
46.29
47.54
48.79
50.04
51.29
52.54
53.79
55.04
56.29
57.54
58.795
60.045
61.29
62.54
63.795
65.045
66.3
67.55
68.805
70.05
71.295
72.545
73.795
75.05
76.3
77.545
78.79
80.04
81.29
82.54
83.79
85.04
86.295
87.55
88.805
90.05
91.29
92.535
93.785
95.035
96.285
97.535
98.785
100.03
101.28
102.53
103.78
105.03
106.28
107.53
108.78
110.03
111.29
112.55
113.8
115.04
116.29
117.54
118.8
120.05
121.3
122.55
123.8
125.05
126.3
127.55
128.79
130.03
131.28
132.53
133.78
135.03
136.28
137.53
138.78
140.03
141.28
142.53
143.78
145.03
146.28
147.53
