0.025
1.305
2.59
3.865
5.145
6.43
7.72
9.01
10.295
11.57
12.835
14.095
15.365
16.655
17.935
19.215
20.495
21.775
23.05
24.325
25.6
26.88
28.15
29.42
30.7
31.99
33.28
34.56
35.83
37.095
38.36
39.63
40.91
42.19
43.465
44.74
46.015
47.295
48.57
49.84
51.12
52.4
53.675
54.955
56.235
57.515
58.785
60.055
61.325
62.605
63.88
65.16
66.44
67.72
68.995
70.275
71.55
72.82
74.095
75.37
76.65
77.93
79.21
80.48
81.75
83.02
84.3
85.585
86.865
88.145
89.42
90.695
91.965
93.24
94.52
95.8
97.08
98.35
99.625
100.91
102.19
103.47
104.73
106.01
107.28
108.56
109.84
111.11
112.39
113.66
114.93
116.21
117.49
118.77
120.05
121.33
122.6
123.88
125.16
126.43
127.71
128.99
130.26
131.54
132.82
134.1
135.38
136.65
137.92
139.19
140.47
141.75
143.03
144.31
145.59
146.87
148.15
149.42
150.69
151.97
153.24
154.51
155.79
157.07
158.35
159.62
160.9
162.16
163.44
164.72
166
167.28
168.56
169.83
171.1
172.37
173.66
175
176.31
177.65
179
180.42
181.83
183.34
