1.72
3.71
5.715
7.71
9.705
11.71
13.715
15.71
17.71
19.71
21.715
23.715
25.715
27.71
29.705
31.705
33.705
35.705
37.71
39.71
41.705
43.7
45.7
47.705
49.7
51.705
53.71
55.715
57.71
59.71
61.705
63.705
65.71
67.045
68.38
69.71
71.035
72.37
73.7
75.04
76.375
77.705
79.04
80.37
81.7
83.035
84.365
85.705
87.04
88.37
89.705
91.035
92.365
93.695
95.035
96.37
97.7
99.03
100.36
101.69
103.03
104.36
105.7
107.03
108.36
109.69
111.03
112.36
113.7
115.03
116.36
117.69
119.03
120.36
121.69
123.03
124.36
125.69
127.03
128.37
129.7
131.03
132.36
133.69
135.03
136.35
137.69
139.03
140.36
141.69
143.03
144.36
145.69
147.01
148.34
149.68
151.01
152.35
153.69
155.01
156.35
