0.045
1.725
3.395
5.065
6.74
8.42
10.105
11.79
13.47
15.145
16.82
18.495
20.175
21.86
23.54
25.215
26.895
28.57
30.25
31.925
33.6
35.28
36.955
38.63
40.31
41.99
43.675
45.355
47.03
48.7
50.38
52.06
53.745
55.425
57.105
58.78
60.46
62.13
63.8
65.48
67.165
68.845
70.525
72.21
73.885
75.555
77.235
78.92
80.595
82.27
83.945
85.62
87.3
88.98
90.66
92.335
94.01
95.7
97.385
99.06
100.73
102.42
104.09
105.77
107.44
109.13
110.81
112.49
114.14
115.75
117.34
118.93
120.52
122.11
123.7
125.29
126.88
128.47
130.06
131.65
133.24
134.82
136.41
138
139.59
141.19
142.77
144.36
145.94
147.53
149.12
150.72
152.31
153.9
155.49
157.07
158.66
160.25
161.84
163.43
165.01
166.61
168.2
169.79
171.38
172.97
174.56
176.16
177.74
179.32
180.91
182.5
184.09
185.69
187.28
188.87
190.46
192.03
193.62
195.22
196.81
198.4
199.99
201.57
203.16
204.75
206.34
207.94
209.53
211.11
212.7
214.29
215.88
217.47
219.05
220.59
222.1
223.59
225.03
226.04
227.07
228.09
229.1
230.12
231.15
232.16
233.19
234.19
235.21
236.22
237.23
238.25
239.28
240.3
241.32
242.33
243.34
244.35
245.37
246.38
247.41
248.43
249.45
250.47
251.48
252.5
253.51
254.53
255.55
256.56
257.58
258.59
259.6
260.62
261.64
262.66
263.69
264.71
265.74
267.1
268.45
269.8
271.16
272.52
273.87
275.23
276.59
277.95
279.3
280.66
282.01
283.37
284.72
286.08
287.44
288.79
290.15
291.51
292.86
294.22
295.57
296.93
298.28
298.96
300.31
301.67
303.03
304.39
305.74
307.09
308.45
309.8
311.16
312.52
313.88
315.23
316.59
317.95
319.3
320.65
321.99
323.34
324.69
326.06
327.42
328.77
330.13
331.49
332.85
334.2
335.56
336.92
338.27
339.62
340.98
342.33
343.68
345.04
346.4
347.76
349.11
350.47
351.83
353.18
354.54
355.9
357.25
358.6
359.95
361.31
362.67
364.03
365.38
366.73
368.08
369.43
370.79
372.15
373.52
374.88
376.23
377.59
378.94
380.3
381.65
383.01
384.36
385.72
387.08
388.43
389.79
391.14
392.49
393.83
395.08
396.31
397.55
398.78
400.01
401.25
402.47
403.7
404.92
406.15
407.38
408.61
409.84
411.07
412.31
413.54
414.77
416
417.23
418.46
419.7
420.93
422.16
423.39
424.62
425.84
427.07
428.31
429.54
430.77
432
433.23
434.46
435.69
436.92
438.14
439.38
440.62
441.85
443.08
444.3
445.53
446.76
447.99
449.23
450.46
451.69
452.93
454.16
455.38
456.61
457.85
459.08
460.31
461.55
462.78
464.01
465.24
466.47
467.7
468.93
470.16
471.39
472.64
473.88
475.13
476.36
477.58
478.78
480
481.23
482.46
483.69
484.92
486.16
487.39
488.62
489.85
491.08
492.31
493.54
494.77
496.01
497.25
498.48
499.71
500.93
502.16
503.39
504.61
507.09
508.49
509.94
511.42
514.12
515.5
516.88
518.26
519.67
521.11
522.55
524
525.45
526.88
528.29
529.54
530.79
532.04
533.28
534.51
535.74
536.97
538.2
539.43
540.67
541.92
543.15
544.39
545.61
546.85
