1.22
2.8
4.38
5.96
7.54
9.51
11.09
12.675
14.26
15.84
17.42
19
20.575
22.155
23.74
25.325
26.905
28.475
30.055
31.64
33.225
34.805
36.375
37.945
39.125
40.705
42.29
43.865
45.445
47.025
48.6
50.18
51.76
53.345
54.935
56.515
58.085
59.66
61.24
62.815
64.4
65.99
67.585
69.175
70.735
72.295
73.865
75.445
77.025
79
80.58
82.155
83.735
85.315
86.895
88.48
90.055
91.625
93.2
94.785
96.37
97.955
99.535
101.11
102.68
104.25
105.83
107.42
108.99
110.56
112.14
113.73
115.31
116.89
118.47
120.05
121.63
123.21
124.78
126.36
127.94
129.51
131.09
132.67
134.25
135.83
138.79
141.15
143.41
