0.055
2.14
4.225
6.315
8.405
10.5
12.59
14.665
16.755
18.845
20.93
23.02
25.11
27.2
29.28
31.37
33.46
35.545
37.63
39.715
41.8
43.875
45.965
48.06
50.15
52.235
54.325
56.41
58.495
60.58
62.67
64.755
66.845
68.93
71.02
73.105
75.19
77.28
79.365
81.455
83.54
85.625
87.715
89.8
91.89
93.98
96.065
98.15
100.24
102.33
104.41
106.5
108.58
110.67
112.76
114.84
116.93
119.02
121.11
123.19
125.28
127.36
129.46
131.54
133.63
135.72
137.8
139.88
141.97
144.06
146.15
148.24
150.32
152.41
154.5
156.59
158.66
160.75
162.84
164.93
167.02
169.1
171.19
173.28
175.36
177.44
179.54
181.65
183.72
185.79
187.88
189.97
192.06
194.15
196.24
198.32
200.41
202.5
204.58
