0.035
1.905
3.775
5.65
7.515
9.38
11.265
13.155
15.035
16.905
18.785
20.66
22.535
24.41
26.285
28.16
30.035
31.905
33.79
35.67
37.525
39.39
41.28
43.165
45.02
46.89
48.77
50.65
52.52
54.395
56.285
58.155
60.02
61.91
63.79
65.66
67.535
69.415
71.3
73.17
75.03
76.9
78.785
80.66
82.52
84.385
86.275
88.165
90.025
91.89
93.77
95.645
97.52
99.395
101.28
103.16
105.03
106.91
108.78
110.67
112.55
114.42
116.3
118.17
120.05
121.92
123.79
125.65
127.52
129.39
131.28
133.16
135.06
136.93
138.78
140.65
142.52
144.4
146.27
148.15
150.03
151.89
153.75
155.64
157.51
