0.38
1.765
3.145
4.525
5.905
7.285
8.665
10.045
11.085
12.465
13.84
15.22
16.605
17.99
19.37
20.745
22.12
23.495
24.875
26.255
27.635
29.015
30.395
31.775
33.155
34.53
35.91
37.29
38.67
40.05
41.43
42.805
44.185
45.565
46.945
48.325
49.705
51.085
52.465
53.845
55.225
56.6
57.98
59.36
60.74
62.12
63.495
64.875
66.255
67.635
69.015
70.395
71.775
73.155
74.535
75.915
77.29
78.67
80.045
81.425
82.81
84.19
85.57
86.95
88.33
89.705
91.085
92.46
93.84
95.22
96.6
97.98
99.36
100.75
102.12
103.5
104.88
106.26
107.64
109.02
110.4
111.78
113.16
114.53
115.92
117.3
118.67
120.06
121.43
122.81
124.18
125.56
126.95
128.33
129.71
131.09
132.48
133.87
135.25
136.62
137.97
139.32
140.69
