0.065
1.935
3.805
5.685
7.57
9.445
11.305
13.175
15.06
16.94
18.81
20.685
22.56
24.435
26.31
28.185
30.055
31.93
33.805
35.68
37.55
39.425
41.3
43.175
45.05
46.925
48.805
50.68
52.55
54.42
56.315
58.205
60.065
61.925
63.8
65.685
67.56
69.435
71.31
73.185
75.06
76.935
78.805
80.68
82.56
84.435
86.31
88.185
90.07
91.945
93.805
95.67
97.565
99.445
101.31
103.18
105.06
106.94
108.81
110.69
112.56
114.44
116.32
118.19
120.06
121.92
123.81
125.69
127.56
129.44
131.31
133.19
135.06
136.94
138.81
140.68
142.56
144.44
146.31
148.19
