0.06
1.18
2.305
3.425
4.55
5.68
6.82
7.965
9.1
10.225
11.355
12.455
14.88
16.49
18.105
20.61
22.27
23.935
25.605
27.255
28.875
31.81
33.41
35
36.585
38.17
39.755
41.335
42.905
43.95
44.99
46.035
47.08
48.13
49.18
50.235
51.29
52.35
53.41
54.475
55.54
56.605
57.665
58.72
59.775
60.835
61.9
62.975
64.06
65.14
66.215
67.29
68.36
69.43
70.495
71.56
72.625
73.685
74.75
75.815
76.885
77.96
79.04
80.115
81.195
82.265
83.325
84.38
85.43
86.475
87.53
88.585
89.645
90.71
91.775
92.84
93.9
94.96
96.015
97.065
98.12
99.175
100.23
101.3
102.34
103.39
104.44
105.5
106.56
107.62
108.67
109.72
110.77
111.81
112.86
113.92
114.98
116.06
117.12
118.19
119.24
120.3
121.36
122.43
123.5
124.58
125.64
126.7
127.77
128.84
129.91
130.98
133.16
134.8
136.44
138.07
139.71
141.33
142.94
144.53
146.12
147.71
149.3
150.89
152.47
154.06
155.66
157.25
158.31
159.37
160.44
161.51
162.59
163.66
164.73
165.8
166.87
167.94
169
170.07
171.15
172.23
173.31
174.4
175.49
176.57
177.66
178.75
179.88
180.99
182.09
183.19
184.31
185.43
186.53
187.64
188.74
189.83
190.92
192.01
193.1
194.21
195.32
196.43
197.51
198.59
199.66
200.72
201.79
202.85
203.92
204.99
206.05
207.12
208.18
209.24
210.29
211.35
212.41
213.49
214.56
215.62
216.68
217.73
218.79
219.85
220.92
222
223.06
224.12
225.18
226.24
227.29
228.35
229.43
230.5
231.56
232.62
233.69
234.76
235.84
236.91
237.97
239.03
240.09
241.15
242.22
243.28
244.36
245.44
246.53
247.63
248.72
249.81
250.88
251.94
253
254.05
255.1
256.15
257.21
258.26
259.31
260.36
261.41
262.47
263.52
264.57
265.62
266.67
267.72
268.77
269.8
270.75
271.74
272.73
273.72
274.71
275.69
276.67
277.66
278.65
279.65
280.65
281.65
282.64
283.63
284.62
