0.28
2.285
4.295
6.245
8.17
10.135
12.18
14.215
16.285
18.395
19.97
21.985
23.975
25.97
27.98
29.985
31.98
33.98
35.985
37.98
39.975
41.98
43.985
45.98
47.98
49.985
51.99
53.99
55.99
57.99
59.99
61.99
63.99
65.99
67.98
69.98
71.985
73.98
75.98
77.985
79.99
81.985
83.98
85.985
87.98
89.97
91.98
93.985
95.99
97.985
99.99
101.99
103.98
105.98
107.98
109.99
112
114
115.99
117.98
119.98
121.98
123.98
125.98
127.98
129.99
131.99
134
135.99
137.98
139.99
142
144
145.99
147.99
149.99
151.98
153.97
155.98
157.99
159.99
161.99
164
165.99
167.99
169.99
171.99
173.99
175.99
177.99
179.99
181.99
183.99
185.99
187.99
189.99
191.99
194
195.99
197.99
199.99
201.98
204
206
207.99
209.99
211.98
213.99
215.97
217.96
219.97
221.99
223.99
225.99
227.99
