0.04
1.55
3.065
4.58
6.09
7.595
9.095
10.595
12.1
13.6
15.095
16.59
18.085
19.58
21.075
22.57
24.07
25.57
27.075
28.57
30.07
31.565
33.055
34.66
36.07
37.45
38.825
40.195
41.57
42.94
44.305
45.68
47.055
48.425
49.8
51.17
52.54
53.91
55.285
56.655
58.025
59.395
60.765
62.14
63.51
64.88
66.255
67.625
69
70.37
71.74
73.11
74.48
75.85
77.225
78.595
79.965
81.335
82.71
84.085
85.455
86.825
88.2
89.57
90.945
92.315
93.685
95.05
96.425
97.795
99.17
100.55
101.92
103.28
104.66
106.03
107.4
108.77
110.14
111.51
112.88
114.25
115.62
117
118.36
119.74
121.11
122.49
123.86
125.23
126.61
127.97
129.34
130.72
132.09
133.47
134.84
136.2
137.56
138.94
140.31
141.68
143.05
144.43
145.8
147.17
148.54
149.91
151.28
152.66
154.03
155.4
156.77
158.14
159.51
160.88
162.25
163.62
165
166.38
167.75
169.11
170.48
171.85
173.23
174.6
175.97
177.34
178.71
180.08
181.45
182.82
184.2
185.57
186.94
188.31
189.69
191.06
192.43
193.79
195.16
196.53
197.91
199.28
200.66
202.03
203.4
204.77
206.15
207.55
208.97
210.43
211.94
212.97
214.01
215.05
216.09
217.14
218.18
219.22
220.25
221.29
223.13
224.71
226.28
227.84
229.41
230.97
232.53
234.08
235.62
237.17
238.72
240.28
241.81
243.33
244.34
245.37
246.4
247.42
248.48
250.85
252.25
253.62
254.99
256.35
257.72
259.09
260.47
261.84
263.21
264.58
265.95
267.32
268.69
270.06
271.43
272.81
274.18
275.55
276.92
278.29
279.67
281.04
282.41
283.78
285.15
286.52
287.89
289.26
290.63
292
293.37
294.74
296.12
297.49
298.86
300.23
301.6
302.98
304.35
305.72
307.09
308.46
309.84
311.21
312.58
313.94
315.32
316.69
318.06
319.43
320.8
322.18
323.55
324.92
326.29
327.66
329.03
330.41
331.78
333.15
334.52
335.89
337.26
338.64
340.01
341.38
342.75
344.12
345.49
346.86
348.23
349.6
350.98
352.35
353.72
355.09
356.46
