0.05
1.42
2.8
4.18
5.565
6.95
8.335
9.715
11.085
12.45
13.81
15.165
16.52
17.87
19.22
20.565
21.91
23.25
24.595
25.94
27.295
28.65
30
31.35
32.695
34.025
35.35
36.675
38.005
39.35
40.695
42.045
43.395
44.745
46.085
47.425
48.775
50.13
51.485
52.84
54.19
56.715
58.73
60.775
62.795
64.8
66.835
68.86
70.89
74.14
75.845
77.185
78.505
79.845
81.2
82.555
83.905
85.255
86.605
87.95
89.285
90.62
91.96
93.3
94.64
95.975
97.31
98.64
99.965
101.29
102.62
103.97
105.31
106.65
107.99
109.33
110.66
111.98
113.3
114.62
115.96
117.3
118.64
119.96
121.28
122.58
123.89
125.2
126.55
127.89
129.22
130.56
131.91
133.24
134.56
135.89
137.22
138.57
139.91
141.23
142.55
143.87
145.19
146.52
148.53
150.53
152.51
154.51
156.51
158.5
160.49
162.49
164.49
166.5
168.5
170.5
172.52
174.53
176.53
178.53
180.52
182.5
184.5
186.51
188.53
190.53
192.54
193.89
195.24
196.58
197.92
199.25
200.59
201.92
203.26
204.62
205.97
207.3
208.63
209.96
211.29
212.62
213.96
215.28
216.62
217.96
219.29
220.62
221.96
223.28
224.6
225.93
227.25
228.57
229.9
231.22
232.55
233.89
235.23
236.55
237.86
239.19
240.5
241.84
243.16
244.51
245.87
247.23
248.59
249.94
251.3
252.65
254
255.32
256.62
257.93
259.26
260.6
261.94
263.27
264.59
265.9
267.2
268.52
269.84
271.16
272.32
273.63
274.94
276.25
277.56
278.87
280.17
281.47
282.78
284.09
285.4
286.7
288
289.3
290.6
291.89
293.19
294.49
295.79
297.09
298.39
299.68
300.98
302.28
303.58
304.88
306.18
307.48
308.79
310.11
311.43
312.75
314.06
315.37
316.68
319.13
320.75
322.03
323.32
324.61
325.89
327.16
328.44
329.72
331.01
332.3
333.59
334.88
336.17
337.45
338.72
339.99
341.27
342.55
343.84
345.12
346.39
347.67
348.95
350.23
351.51
352.79
354.06
355.33
356.59
357.84
359.09
360.34
361.59
362.86
364.14
365.43
367.82
369.09
370.35
371.63
372.91
374.19
375.46
376.74
378.01
379.27
380.54
381.8
383.08
384.35
385.62
386.9
389.43
390.86
392.3
393.58
394.85
396.13
397.4
398.67
401.03
402.28
403.53
404.79
406.04
407.29
408.54
409.8
411.07
412.34
413.62
414.89
416.16
417.43
418.71
419.99
421.27
422.55
423.82
425.1
426.38
427.66
428.93
430.19
