0.045
1.885
3.725
5.565
7.405
9.24
11.085
12.925
14.765
16.605
18.45
20.285
22.115
23.96
25.8
27.64
29.48
31.32
33.165
35.01
36.85
38.69
40.53
42.375
44.22
46.06
47.895
49.73
51.575
53.425
55.265
57.105
58.945
60.785
62.62
64.46
66.305
68.15
69.995
71.835
73.675
75.515
77.35
79.18
81.03
82.88
84.725
86.565
88.405
90.245
92.085
93.925
95.765
97.61
99.455
101.3
103.14
104.98
106.82
108.66
110.5
112.34
114.19
116.03
117.87
119.7
121.55
123.38
125.22
127.08
128.93
130.76
132.6
134.44
136.28
138.12
139.97
141.81
143.65
145.49
147.34
149.17
151.01
152.85
154.69
156.56
