0.03
2.475
4.925
7.36
9.805
12.23
14.685
17.13
19.565
22.005
24.455
26.905
29.34
31.785
34.22
36.655
39.105
41.545
43.985
46.42
48.865
51.315
53.755
56.195
58.635
61.08
63.525
65.955
68.395
70.83
73.28
75.73
78.17
80.61
83.06
85.5
87.935
90.375
92.82
95.25
97.695
100.13
102.57
105.02
107.47
109.92
112.36
114.8
117.23
119.67
122.11
124.55
127
129.44
131.88
134.32
136.76
139.21
141.66
144.09
146.53
148.97
151.41
153.86
156.31
158.74
161.18
163.62
166.06
168.5
170.96
173.4
175.82
178.26
180.72
183.16
185.59
188.03
190.47
192.92
195.37
197.81
200.25
202.68
205.11
207.56
210.01
212.44
214.89
217.34
219.79
222.23
224.66
227.1
229.55
231.99
234.43
236.88
239.31
241.75
244.19
246.63
249.09
251.54
