0.32
2.2
4.06
5.93
7.805
9.665
11.54
13.425
15.305
17.17
19.035
22.55
24.425
26.295
28.17
30.045
31.92
33.79
35.66
37.535
39.415
41.29
43.165
45.04
46.915
48.79
50.66
52.53
54.405
56.28
58.15
60.015
61.895
63.78
65.665
67.535
69.395
71.265
73.155
75.035
76.91
78.78
80.655
82.535
84.415
86.29
88.165
90.04
91.915
93.79
95.665
97.545
99.415
101.28
103.17
105.05
106.91
108.78
110.66
112.53
114.41
116.28
118.16
120.03
121.91
123.78
125.66
127.54
129.41
131.27
133.15
135.03
136.91
138.78
140.65
142.53
144.41
146.28
148.15
150.03
151.89
153.76
