0.025
2
3.97
5.935
7.9
9.87
11.835
13.805
15.77
17.74
19.705
21.675
23.645
25.61
27.58
29.545
31.515
33.485
35.45
37.42
39.385
41.35
43.315
45.285
47.25
49.22
51.19
53.155
55.125
57.09
59.055
61.02
62.99
64.96
66.925
68.895
70.865
72.83
74.795
76.765
78.735
80.7
82.665
84.635
86.6
88.565
90.53
92.5
94.465
96.435
98.4
100.37
102.34
104.31
106.27
108.24
110.2
112.16
114.12
116.09
118.07
120.04
122.01
123.97
125.94
127.91
129.88
131.84
133.81
135.78
137.75
139.72
141.68
143.64
145.6
147.59
149.56
151.52
153.49
155.46
157.42
159.38
161.34
163.32
165.29
167.25
169.22
171.19
173.15
175.12
177.09
179.06
181.03
182.99
184.96
186.93
188.9
190.86
192.82
194.78
196.75
198.72
200.69
202.66
204.62
206.59
208.56
210.53
212.5
214.47
216.44
218.4
220.37
222.34
224.31
226.28
228.25
230.21
232.18
234.14
236.1
238.07
240.04
