0.425
2.635
4.835
7.04
9.245
11.46
13.67
15.87
18.08
20.285
21.76
23.24
24.715
26.18
27.645
29.115
30.59
32.065
33.54
35.015
36.49
37.96
39.425
40.9
42.375
43.855
45.33
46.8
48.27
49.74
51.21
52.68
54.15
55.625
57.1
58.575
60.05
61.52
62.99
64.46
65.935
67.405
68.88
70.35
71.82
73.295
74.765
76.24
77.725
79.205
80.67
82.135
83.605
85.075
86.545
88.015
89.49
90.97
92.45
93.735
95.21
96.675
98.145
99.615
101.08
102.56
104.03
105.51
106.98
108.44
109.92
111.38
112.85
114.33
115.81
117.3
118.77
120.23
121.7
123.17
124.64
126.12
127.59
129.07
130.54
132.01
133.48
134.95
136.42
137.91
