0.97
2.79
4.61
6.425
8.235
10.05
11.87
13.69
15.505
17.325
19.14
20.96
22.775
24.595
26.415
28.24
30.055
31.865
33.685
35.515
37.34
39.165
40.98
42.795
44.615
46.435
48.26
50.07
51.875
53.69
55.51
57.33
59.145
60.97
62.795
64.615
66.425
68.235
70.055
71.875
73.69
75.51
77.325
79.15
80.965
82.785
84.6
86.42
88.235
90.05
91.875
93.695
95.515
97.335
99.145
100.97
102.78
104.6
106.42
108.23
110.06
111.87
113.69
115.5
117.33
119.14
120.97
122.8
124.62
126.44
128.25
130.06
131.88
133.71
135.53
137.34
139.16
140.97
142.78
144.6
146.42
148.24
