0.13
1.54
2.96
4.375
5.785
7.2
8.625
10.035
11.43
12.83
14.24
15.66
17.07
18.47
19.87
21.275
22.69
24.1
25.51
26.925
28.335
29.745
31.16
32.575
33.985
35.39
36.805
38.225
39.635
41.045
42.45
43.865
45.285
46.7
48.11
49.52
50.935
52.34
53.745
55.155
56.57
57.985
59.4
60.82
62.235
63.645
65.06
66.47
67.875
69.28
70.69
72.1
73.51
74.925
76.335
77.75
79.16
80.57
81.985
83.4
84.81
86.22
87.63
89.045
90.46
91.875
93.285
94.7
96.11
97.515
98.925
100.34
101.77
103.19
104.59
106
107.41
108.82
110.23
111.64
113.05
114.45
115.86
117.28
118.69
120.11
121.52
122.94
124.34
125.75
127.15
128.56
129.98
131.4
132.81
134.22
135.63
137.05
138.46
139.87
141.28
142.69
144.1
145.51
146.93
148.34
149.75
151.17
152.58
154
155.41
156.81
158.22
159.63
161.06
162.47
163.88
165.29
166.71
168.12
169.53
170.94
172.34
173.75
175.16
176.57
177.99
179.4
180.81
182.22
