1.52
3.285
5.015
6.715
8.415
10.11
11.815
13.525
15.24
16.955
18.665
20.375
22.09
23.805
25.52
27.235
28.955
30.67
32.38
34.095
35.81
37.52
39.225
40.95
42.69
44.425
46.145
47.855
49.555
51.255
52.97
54.68
56.39
58.105
59.82
61.535
63.25
64.96
66.675
68.395
69.25
71.8
74.375
76.95
79.52
82.095
84.67
87.245
89.81
92.375
94.94
97.53
99.255
100.97
102.69
104.4
106.11
107.83
109.54
111.25
112.97
114.68
116.39
118.11
119.82
121.53
123.25
124.97
126.68
128.34
129.99
131.65
133.34
135.06
136.81
138.6
140.38
142.1
143.82
145.54
147.28
149.01
150.75
152.44
154.13
155.86
157.59
159.29
160.98
162.68
164.4
166.12
167.84
169.57
171.29
173
174.7
176.4
178.12
179.83
181.53
183.25
184.97
186.68
188.39
190.1
191.82
193.53
195.25
196.97
198.69
200.39
202.1
203.82
205.54
207.25
208.97
210.68
212.39
214.1
215.82
217.53
219.25
