1.635
3.395
5.16
6.925
8.69
10.455
12.22
13.98
15.745
17.51
19.275
21.04
22.81
24.575
26.34
28.11
29.875
31.635
33.4
35.16
36.925
38.695
40.46
42.225
43.99
45.755
47.515
49.285
50.46
51.635
52.805
53.98
55.16
56.335
57.515
58.69
59.87
61.045
62.22
63.395
64.57
65.75
66.925
68.105
69.28
70.46
71.635
72.81
73.985
75.155
76.33
77.505
78.685
79.865
81.045
82.225
83.4
84.575
85.75
86.925
88.1
89.28
90.455
91.63
92.805
93.98
95.16
96.335
97.515
98.69
99.865
101.04
102.22
103.39
104.58
105.75
106.93
108.11
109.28
110.45
111.64
112.81
113.98
115.16
116.33
117.51
118.69
119.86
121.04
122.22
123.39
124.57
125.75
126.92
128.1
129.28
130.46
131.63
132.8
133.97
135.16
136.33
137.51
138.69
139.87
141.04
142.22
143.4
144.57
145.75
146.92
148.09
149.27
150.44
151.62
152.8
153.99
155.16
156.34
157.51
158.69
159.87
161.04
162.22
163.39
164.56
165.75
166.93
168.1
169.28
170.45
171.62
172.8
173.98
175.16
176.33
177.5
178.68
179.85
181.03
182.21
183.38
184.57
185.75
186.93
188.1
189.28
190.46
191.63
192.81
193.99
195.16
196.34
197.51
198.69
199.86
201.03
202.21
203.38
204.56
205.74
206.92
208.09
209.27
210.45
211.62
212.8
213.98
215.16
216.33
217.51
218.69
219.86
