0.18
1.42
2.67
3.915
5.16
6.405
7.65
8.895
10.14
11.385
12.63
13.87
15.11
16.355
17.605
18.85
20.1
21.35
22.595
23.835
25.08
26.33
27.575
28.81
30.045
31.29
32.545
33.8
35.05
36.295
37.535
38.78
40.03
41.27
42.515
43.76
45.005
46.25
47.495
48.74
49.985
51.235
52.48
53.725
54.97
56.22
57.465
58.715
59.955
61.2
62.445
63.69
64.935
66.18
67.425
68.67
69.915
71.165
72.41
73.65
74.885
76.115
77.355
78.61
79.86
81.105
82.355
83.6
84.845
86.095
87.345
88.59
89.835
91.08
92.325
93.575
94.82
96.065
97.31
98.555
99.795
101.04
102.28
103.53
104.78
106.03
107.27
108.52
109.77
111.01
112.25
113.49
114.73
115.97
117.22
118.46
119.7
120.94
122.19
123.44
124.69
125.93
127.18
128.42
129.66
130.91
132.16
133.4
134.65
135.89
137.14
138.39
139.63
140.88
142.12
143.37
144.6
145.85
147.09
148.34
149.59
150.84
152.09
153.34
154.59
155.84
157.08
158.32
159.56
160.81
162.06
163.31
164.55
165.79
167.03
168.28
169.53
170.78
172.02
173.26
174.51
175.75
177
178.25
179.49
180.73
181.97
183.22
184.46
185.71
186.96
188.2
189.44
190.69
191.94
193.19
194.44
195.68
196.92
198.16
199.41
200.66
201.9
203.15
204.4
205.64
206.88
208.12
209.37
210.62
211.86
213.1
214.35
215.59
216.84
218.09
219.33
220.57
221.82
223.06
224.31
225.56
226.79
228.04
229.29
230.54
231.78
233.03
234.27
235.51
236.76
238
239.25
240.49
241.74
242.97
244.22
245.46
246.7
247.94
