0.42
2.545
4.66
6.76
8.86
10.965
13.065
15.17
17.28
19.39
21.485
23.59
25.705
27.82
29.93
32.04
34.14
36.25
38.36
40.465
42.565
44.675
46.78
48.87
50.97
53.085
55.19
57.3
59.405
61.5
63.6
65.705
67.815
69.925
72.03
74.13
76.245
78.345
80.445
82.565
84.665
86.765
88.875
90.985
93.085
95.185
97.295
99.415
101.52
103.61
105.72
107.83
109.94
112.05
114.15
116.25
118.35
120.44
122.55
124.66
126.77
128.88
130.99
133.08
135.18
137.28
139.4
141.5
143.61
145.72
147.82
149.93
152.03
154.14
156.25
158.34
160.44
162.55
164.66
166.78
168.88
170.99
173.09
175.21
177.31
179.4
181.5
183.61
185.72
187.83
189.93
192.03
194.13
196.24
198.34
200.44
202.55
204.66
206.77
208.87
210.97
213.08
215.19
217.29
219.4
221.5
