0.1
1.615
3.11
4.61
6.11
7.605
9.095
10.59
12.09
13.59
15.09
16.59
18.09
19.59
21.09
22.59
24.09
25.59
27.095
28.595
30.095
31.595
33.095
34.59
36.09
37.59
39.09
40.59
42.08
43.575
45.08
46.59
48.095
49.595
51.095
52.595
54.095
55.595
57.09
58.59
60.09
61.595
63.095
64.595
66.095
67.595
69.095
70.59
72.09
73.59
75.09
76.595
78.1
79.605
81.1
82.59
84.09
85.59
87.09
88.59
90.09
91.59
93.09
94.59
96.09
97.59
99.09
100.59
102.09
103.59
105.09
106.59
108.09
109.59
111.09
112.59
114.08
115.58
117.08
118.59
120.09
121.59
123.09
124.59
126.09
127.59
129.09
130.59
132.09
133.59
135.09
136.59
138.09
139.59
141.09
142.59
144.09
145.59
147.09
148.6
150.11
151.61
153.1
154.59
156.09
157.59
159.09
160.59
162.09
163.59
165.09
166.59
168.09
169.59
171.09
172.59
174.09
175.59
177.09
178.59
180.09
181.59
183.09
184.59
186.09
187.58
189.08
190.59
192.09
193.59
195.09
196.59
198.09
199.57
201.56
203.02
204.5
205.99
207.46
210.07
211.59
213.09
214.59
216.09
217.59
219.09
220.59
222.09
223.59
225.09
226.59
228.09
229.59
231.09
232.59
