0.41
2.72
5.03
7.325
9.615
11.91
14.205
16.5
18.78
21.055
23.325
25.585
27.825
30.05
32.3
34.555
36.815
39.08
41.335
43.58
45.825
48.09
50.345
52.585
54.83
57.09
59.35
61.595
63.835
66.075
68.305
70.535
72.77
74.98
77.205
79.45
81.685
83.92
86.16
88.4
90.645
92.905
95.14
97.31
99.495
101.7
103.91
106.09
108.29
110.5
112.74
114.98
117.21
119.46
121.73
124
126.25
128.5
130.75
132.99
135.22
137.46
139.72
141.97
144.23
146.49
148.73
150.97
153.2
155.44
157.69
159.93
162.17
164.41
166.65
168.88
171.1
173.33
175.57
177.81
180.06
182.31
184.55
186.79
189.02
191.22
193.44
195.69
197.93
200.16
202.38
204.61
206.82
209.03
