0.345
2.635
4.95
7.23
9.455
11.595
13.04
14.48
15.915
17.37
18.86
21.6
23.045
24.485
25.91
27.335
28.765
30.19
31.615
33.035
34.47
35.9
37.325
38.755
40.18
41.605
43.04
44.54
46.045
47.515
48.945
50.37
51.79
53.22
54.645
56.07
57.495
58.93
60.365
61.795
63.22
64.65
66.08
67.47
68.84
70.215
71.62
73.055
74.49
75.91
77.32
78.735
80.165
81.605
83.05
84.49
85.91
87.325
88.745
90.19
91.63
93.06
94.48
95.905
97.335
98.765
100.19
101.62
103.05
104.47
105.9
107.33
108.77
111.25
113.04
114.83
116.26
117.69
119.13
120.56
121.98
123.41
124.83
126.26
127.69
129.12
130.56
131.97
133.4
134.81
136.25
137.69
139.12
140.56
141.99
143.4
144.82
146.25
147.68
150.18
151.61
153.04
154.47
155.9
157.32
158.74
160.17
161.61
163.06
164.49
165.91
167.33
168.75
170.16
171.59
173.03
174.48
175.92
177.34
178.75
180.18
181.62
183.07
184.5
185.91
187.33
188.76
190.19
191.63
193.06
194.48
195.91
197.34
198.76
200.19
201.62
203.04
204.47
