0.35
3.07
5.815
8.55
11.23
13.84
16.515
18.33
20.145
21.97
23.795
25.595
27.405
29.22
31.04
32.855
34.68
36.5
38.32
40.135
41.945
43.77
45.595
47.415
49.235
51.05
52.87
54.685
56.505
58.325
60.145
61.96
63.77
65.59
67.41
69.225
71.045
72.865
74.675
76.49
78.315
80.125
81.935
83.76
85.585
87.41
89.225
91.035
92.855
94.67
96.49
98.33
100.16
101.97
103.78
105.6
107.42
109.23
111.05
112.86
114.69
116.5
118.32
120.14
121.96
123.76
125.58
127.42
129.24
131.05
132.87
134.69
136.5
138.32
140.15
141.97
143.78
145.59
147.41
149.23
151.04
152.86
154.68
156.5
158.31
160.13
161.94
163.75
165.58
167.41
169.23
171.04
172.85
174.68
176.49
178.3
180.13
181.97
183.78
185.59
187.4
189.22
191.04
192.88
194.69
196.49
198.31
200.13
201.96
203.77
205.59
207.41
209.22
211.03
