0.125
1.775
3.425
5.08
6.735
8.385
10.04
11.695
13.355
15.005
16.66
18.32
19.975
21.63
23.285
24.94
26.595
28.245
29.9
31.56
33.215
34.87
36.525
38.18
39.835
41.49
43.145
44.8
46.455
48.11
49.765
51.42
53.075
54.73
56.385
58.04
59.695
61.355
63.01
64.665
66.32
67.975
69.63
71.285
72.94
74.595
76.25
77.905
79.56
81.215
82.87
84.525
86.18
87.835
89.49
91.145
92.8
94.455
96.11
97.765
99.42
101.08
102.73
104.39
106.04
107.69
109.35
111
112.66
114.31
115.97
117.62
119.28
120.94
122.59
124.25
125.9
127.55
129.2
130.85
132.51
134.18
135.84
137.5
139.15
140.8
142.46
144.11
145.76
147.41
149.07
150.73
152.4
154.06
155.71
157.35
159.01
160.66
162.32
163.98
165.63
167.29
168.94
170.6
172.25
173.91
175.56
177.22
178.87
180.53
182.18
183.84
185.49
187.15
188.8
190.46
192.11
193.76
