0.095
1.86
3.62
5.375
7.12
8.875
10.635
12.4
14.16
15.9
17.645
19.43
21.2
22.95
24.71
26.48
28.25
30.01
31.77
33.535
35.3
37.055
38.82
40.585
42.35
44.11
45.865
47.625
49.385
51.145
52.91
54.67
56.435
58.2
59.955
61.715
63.47
65.23
66.985
68.745
70.51
72.28
74.05
75.805
77.56
79.32
81.08
82.84
84.6
86.36
88.12
89.88
91.65
93.42
95.18
96.94
98.695
100.46
102.22
103.98
105.75
107.51
109.27
111.03
112.79
114.55
116.31
118.06
119.83
121.59
123.36
125.11
126.88
128.65
130.41
132.18
133.93
135.69
137.45
139.22
140.98
142.75
144.51
146.27
148.03
149.79
151.54
153.3
155.06
156.83
158.59
160.37
162.13
163.9
165.65
167.4
169.16
170.91
172.68
174.44
176.21
177.97
179.74
181.49
183.25
185.01
186.78
188.54
190.31
192.06
193.82
195.59
197.36
199.12
200.88
202.63
204.38
