1.52
3.175
4.815
6.41
7.99
9.585
11.195
12.805
14.385
15.97
17.575
19.195
20.8
22.395
23.99
25.6
27.2
28.79
30.385
31.985
33.585
35.185
36.785
38.385
39.99
41.59
43.19
44.79
46.385
47.985
49.585
51.185
52.785
54.39
55.99
57.585
59.185
60.79
62.39
63.99
65.585
67.185
68.785
70.39
71.99
73.585
75.185
76.785
78.385
79.985
81.575
83.175
84.78
86.385
87.985
89.585
91.185
92.785
94.385
95.98
97.575
99.18
100.78
102.39
103.99
105.59
107.19
108.78
110.39
111.98
113.58
115.19
116.79
118.39
119.99
121.59
123.19
124.79
126.39
127.98
129.59
131.19
132.78
134.39
135.99
137.59
139.19
140.79
142.39
143.99
145.59
147.19
148.79
150.38
151.99
153.59
155.19
156.78
158.38
159.99
161.59
163.19
164.79
166.38
167.99
169.59
171.19
172.78
174.38
175.98
177.59
179.19
180.78
182.38
183.99
185.59
187.19
188.78
190.38
191.99
193.59
195.19
196.78
198.38
199.99
201.59
203.19
204.79
206.38
208
209.61
211.21
212.79
214.4
216
217.6
219.19
220.78
222.38
224
225.61
227.21
228.79
230.38
231.98
233.58
235.17
236.76
238.37
239.99
241.59
243.19
244.8
246.38
247.91
