0.315
1.995
3.675
5.35
7.03
8.71
10.385
12.065
13.75
15.435
17.115
18.795
20.475
22.145
23.815
25.495
27.18
28.855
30.525
32.205
33.89
35.565
37.235
38.915
40.6
42.28
43.96
45.64
47.32
48.995
50.675
52.35
54.025
55.7
57.38
59.06
60.745
62.425
64.1
65.78
67.455
69.135
70.815
72.495
74.18
75.855
77.525
79.195
80.88
82.56
84.235
85.915
87.595
89.275
90.945
92.62
94.305
95.985
97.665
99.345
101.03
102.71
104.38
106.05
107.72
109.4
111.08
112.77
114.46
116.14
117.82
119.49
121.17
122.84
124.53
126.21
127.89
129.56
131.24
132.91
134.59
136.26
137.94
139.63
141.31
142.98
144.66
146.34
148.01
149.69
151.37
153.05
154.74
156.41
158.09
159.76
161.44
163.12
164.79
166.47
168.16
169.84
171.53
173.2
174.88
176.55
178.23
179.91
181.59
183.27
184.94
186.62
188.29
189.97
191.65
193.34
195
196.68
198.36
200.04
201.72
203.4
205.07
206.75
208.44
210.18
211.9
