0.095
2.095
4.095
6.095
8.095
10.085
12.08
14.075
16.075
18.07
20.065
22.07
24.085
26.09
28.09
30.085
32.085
34.09
36.09
38.09
40.09
42.085
44.09
46.09
48.09
50.085
52.085
54.085
56.075
58.075
60.075
62.075
64.08
66.08
68.085
70.09
72.09
74.085
76.085
78.09
80.09
82.09
84.09
86.09
88.09
90.09
92.09
94.09
96.095
98.085
100.08
102.08
104.09
106.08
108.08
110.09
112.08
114.08
116.08
118.08
120.08
122.07
124.07
126.08
128.07
130.08
132.09
134.09
136.09
138.09
140.09
142.09
144.08
146.08
148.09
150.09
152.09
154.09
156.09
158.09
160.09
162.09
164.09
166.08
168.07
170.07
172.07
174.07
176.08
178.08
180.09
182.08
184.07
186.08
188.09
190.09
192.08
194.09
196.09
198.09
200.09
202.1
