0.105
1.79
3.475
5.165
6.855
8.545
10.235
11.92
13.605
15.295
16.985
18.675
20.365
22.055
23.74
25.425
27.12
28.81
30.5
32.19
33.875
35.565
37.25
38.945
40.645
42.345
44.025
45.7
47.385
49.07
50.755
52.44
54.13
55.82
57.51
59.2
60.885
62.57
64.26
65.95
67.64
69.33
71.02
72.715
74.4
76.08
77.77
79.46
81.145
82.835
84.525
86.215
87.905
89.58
91.265
92.965
94.655
96.345
98.03
99.72
101.41
103.09
104.78
106.48
108.17
109.85
111.54
113.22
114.91
116.6
118.29
119.97
121.66
123.35
125.04
126.73
128.42
130.11
131.79
133.49
135.18
136.87
138.55
140.24
141.93
143.62
145.31
146.97
148.66
150.35
152.05
153.73
155.41
157.12
158.81
160.5
162.19
163.87
165.56
167.25
168.94
170.63
172.31
174
175.69
177.38
179.08
180.76
182.44
184.13
185.82
187.51
189.21
190.89
192.57
194.26
195.96
197.65
199.34
201.01
202.71
204.4
206.09
207.77
