0.775
2.64
4.495
6.335
8.175
10.045
11.49
13.44
15.335
17.185
19.025
20.875
22.72
24.56
26.4
28.24
30.09
31.94
33.785
35.63
37.475
39.325
41.18
43.02
44.85
46.69
48.535
50.385
52.23
54.075
55.925
57.785
59.645
61.495
63.325
65.165
67.01
68.855
70.7
72.55
74.395
76.245
78.1
79.945
81.785
83.64
85.48
87.315
89.165
91.02
92.87
94.71
96.55
98.4
100.25
102.09
103.94
105.8
107.64
109.48
111.33
113.17
115.02
116.86
118.7
120.55
122.39
124.23
126.08
127.94
129.8
131.65
133.47
135.31
137.16
139.01
140.85
142.71
144.56
146.41
148.25
150.09
151.94
153.79
155.64
157.47
159.32
161.18
163.03
164.87
166.71
168.56
170.41
172.25
174.1
175.94
177.79
179.63
181.48
183.34
185.2
187.04
188.87
190.71
192.55
194.4
196.25
198.09
199.95
201.79
203.63
205.48
207.33
209.18
211.02
212.87
214.72
216.56
218.41
220.25
