1.375
3.09
4.795
6.505
8.225
9.94
11.655
13.37
15.085
16.8
18.505
20.21
21.925
23.64
25.355
27.065
28.775
30.485
32.205
33.92
35.635
37.345
39.06
40.775
42.48
44.195
45.905
47.62
49.335
51.055
52.77
54.48
56.19
57.905
59.62
61.325
63.04
64.755
66.465
68.18
69.89
71.605
73.325
75.04
76.75
78.465
80.19
81.905
83.615
85.315
87.02
88.725
90.445
92.17
93.885
95.595
97.305
99.015
100.72
102.44
104.16
105.88
107.59
109.31
111.02
112.73
114.44
116.14
117.86
119.58
121.31
123.02
124.72
126.44
128.15
129.85
131.57
133.29
135.01
136.72
138.43
140.15
141.85
143.56
145.28
146.99
148.71
150.43
152.13
153.84
155.55
157.26
158.99
160.71
162.41
164.12
165.84
167.56
169.26
170.97
172.68
174.4
176.12
177.83
179.54
181.25
182.97
184.69
186.41
188.12
189.83
191.53
193.24
194.96
196.69
198.41
200.12
201.82
203.54
205.25
206.95
208.66
210.38
212.09
213.81
215.53
217.24
218.95
220.66
222.38
224.09
225.81
227.51
229.23
230.94
232.66
234.37
236.07
237.79
239.5
241.22
242.93
244.64
246.37
248.09
249.79
251.5
253.21
254.92
256.64
258.36
260.07
261.79
263.5
265.21
266.91
268.61
270.33
272.06
273.77
