0.105
1.825
3.54
5.255
6.975
8.69
10.4
12.11
13.825
15.545
17.255
18.975
20.695
22.415
24.13
25.85
27.565
29.29
31.01
32.715
34.42
36.14
37.855
39.57
41.28
42.995
44.71
46.425
48.145
49.855
51.57
52.855
54.57
56.28
57.995
59.71
61.425
63.145
64.87
66.585
68.305
70.025
71.745
73.465
75.185
76.905
78.625
80.345
82.065
83.78
85.49
87.205
88.925
90.645
92.36
94.085
95.805
97.52
99.24
100.97
102.69
104.41
106.14
107.86
109.57
111.28
113
114.72
116.88
118.61
120.33
122.05
123.77
125.48
127.2
128.93
130.65
132.37
134.09
135.81
137.52
139.24
140.95
142.68
144.4
146.11
147.82
149.54
151.26
152.97
154.68
156.4
158.11
159.82
161.53
163.25
164.97
166.69
168.41
170.12
171.83
173.54
175.26
176.97
178.69
180.4
182.11
183.82
185.54
187.26
188.98
190.71
192.42
194.11
195.81
197.54
199.27
201
202.72
204.44
206.16
207.88
209.59
211.3
213.02
214.74
216.45
218.16
219.88
221.59
223.31
225.02
226.73
228.44
230.16
231.87
233.59
235.3
237.01
238.74
240.44
242.16
243.88
245.59
247.31
249.01
250.73
252.44
254.16
255.88
257.6
259.35
261.12
262.89
264.65
266.41
268.14
269.9
