0.085
1.93
3.775
5.62
7.465
9.315
11.16
13.005
14.85
16.695
18.545
20.39
22.24
24.085
25.935
27.78
29.625
31.47
33.315
35.165
37.01
38.855
40.7
42.55
44.395
46.24
48.085
49.93
51.775
53.625
55.47
57.32
59.165
61.005
62.845
64.695
66.545
68.39
70.24
72.085
73.93
75.78
77.625
79.475
81.32
83.165
85.01
86.86
88.71
90.56
92.395
94.24
96.09
97.935
99.78
101.62
103.47
105.32
107.17
109.01
110.86
112.7
114.55
116.4
118.25
120.09
121.94
123.79
125.63
127.47
129.32
131.17
133.01
134.85
136.7
138.54
140.39
142.24
144.09
145.94
147.78
149.62
151.47
153.32
155.16
157.01
158.85
160.71
162.55
164.4
166.24
168.09
169.93
171.78
173.63
175.47
177.32
179.16
181.01
182.85
184.71
186.55
188.4
190.24
192.09
193.94
195.78
197.62
199.47
201.32
203.16
205.01
