0.12
1.49
2.865
4.235
5.61
6.98
8.35
9.725
11.095
12.47
13.845
15.215
16.585
17.96
19.33
20.7
22.07
23.44
24.81
26.185
27.555
28.925
30.3
31.67
33.04
34.41
35.785
37.155
38.525
39.895
41.265
42.64
44.01
45.385
46.755
48.13
49.5
50.87
52.24
53.61
54.985
56.355
57.725
59.1
60.47
61.84
63.21
64.585
65.955
67.325
68.7
70.07
71.445
72.815
74.185
75.56
76.93
78.295
79.665
81.035
82.41
83.785
85.155
86.53
87.9
89.27
90.64
92.015
93.385
94.755
96.125
97.5
98.87
100.24
101.61
102.98
104.36
105.73
107.1
108.47
109.84
111.21
112.58
113.95
115.33
116.7
118.08
119.44
120.82
122.19
123.56
124.93
126.3
127.67
129.04
130.41
131.79
133.16
134.53
135.9
137.27
138.65
140.02
141.39
142.76
144.13
145.51
146.88
148.25
149.62
150.99
152.36
153.74
155.1
156.47
157.84
159.21
160.59
161.96
163.32
164.69
166.07
167.44
168.81
170.19
171.56
172.93
174.29
175.67
177.04
178.41
179.78
181.16
182.53
183.91
185.28
186.66
188.03
189.4
190.76
192.13
