1.305
3.185
5.06
6.935
8.81
10.685
12.56
14.44
16.305
18.17
20.045
21.92
23.795
25.67
27.545
29.425
31.295
33.165
35.04
36.915
38.785
40.665
42.535
44.405
46.285
48.16
50.035
51.91
53.785
55.665
57.54
59.41
61.295
63.18
65.055
66.93
68.8
70.675
72.555
74.43
76.3
78.175
80.05
81.92
83.8
85.68
87.555
89.43
91.3
93.175
95.05
96.925
98.8
100.67
102.55
104.42
106.3
108.17
110.03
111.91
113.79
115.67
117.53
119.41
121.29
123.18
125.06
126.93
128.81
130.69
132.56
134.44
136.31
138.18
140.05
141.93
143.8
145.68
147.55
149.43
151.3
153.17
155.04
156.92
158.79
160.67
162.55
164.42
166.29
168.16
170.04
171.92
173.79
175.67
177.54
179.42
181.3
183.18
185.06
186.93
188.8
190.68
192.56
194.44
196.31
198.18
200.04
201.92
203.79
205.68
207.55
209.43
211.3
213.18
215.05
216.93
218.8
220.68
222.55
224.43
226.3
228.17
230.04
231.92
233.79
