0.095
1.61
3.115
4.615
6.105
7.595
9.095
10.6
12.105
13.605
15.1
16.6
18.1
19.6
21.095
22.6
24.105
25.605
27.105
28.605
30.105
31.605
33.105
34.605
36.11
37.605
39.1
40.605
42.105
43.605
45.1
46.605
48.11
49.615
51.105
52.605
54.105
55.61
57.115
58.61
60.1
61.6
63.105
64.605
66.1
67.595
69.095
70.595
72.09
73.6
75.105
76.6
78.1
79.6
81.1
82.6
84.1
85.6
87.1
88.6
90.1
91.605
93.105
94.605
96.11
97.61
99.105
100.6
102.11
103.61
105.11
106.61
108.11
109.61
111.11
112.61
114.11
115.61
117.1
118.6
120.1
121.59
123.09
124.61
126.11
127.61
129.1
130.6
132.1
133.6
135.1
136.6
138.1
139.59
141.09
142.59
144.1
145.6
147.1
148.6
150.11
151.61
153.11
154.61
156.11
157.62
159.12
160.61
162.1
163.61
165.12
166.62
168.12
169.63
171.13
172.62
174.11
175.62
177.12
178.62
180.11
181.6
183.09
184.6
186.11
187.61
189.1
190.6
192.11
193.62
195.1
196.6
198.1
199.61
201.11
202.61
204.1
205.6
207.1
208.6
210.09
211.59
213.1
214.6
216.1
217.6
219.1
220.61
222.1
223.6
225.1
226.6
228.09
229.59
231.09
232.59
234.1
235.6
237.1
238.6
240.11
241.61
243.1
244.6
246.1
