0.145
1.315
2.485
3.66
4.835
6.01
7.19
8.365
9.54
10.71
11.88
13.05
14.23
15.405
16.58
17.75
18.925
20.1
21.275
22.45
23.625
24.8
25.97
27.14
28.31
29.48
30.655
31.825
33
34.18
35.355
36.53
37.7
38.87
40.04
41.215
42.395
43.57
44.745
45.925
47.105
48.285
49.46
50.635
51.81
52.98
54.15
55.325
56.505
57.685
58.865
60.035
61.21
62.375
63.545
64.715
65.89
67.065
68.24
69.415
70.59
71.76
72.935
74.105
75.28
76.46
77.635
78.81
79.985
81.165
82.34
83.51
84.675
85.84
87.01
88.185
89.36
90.54
91.715
92.89
94.06
95.23
96.4
97.575
98.75
99.93
101.11
102.28
103.47
104.64
105.82
107
108.17
109.34
110.51
111.69
112.86
114.05
115.22
116.39
117.56
118.73
119.91
121.08
122.25
123.42
124.58
125.76
126.93
128.11
129.28
130.47
131.63
132.81
133.98
135.15
136.32
137.5
138.68
139.86
141.04
142.22
143.4
144.57
145.74
146.91
148.09
149.26
150.44
151.62
152.79
153.97
155.14
156.31
157.47
158.64
159.81
160.98
162.16
163.34
164.51
165.69
166.86
168.03
169.21
170.38
171.55
172.72
173.9
175.08
176.25
177.43
178.6
179.78
180.96
182.13
183.31
184.48
185.66
186.83
188
189.18
190.35
191.52
192.69
193.87
