0.045
1.96
3.86
5.77
7.675
9.58
11.49
13.395
15.3
17.205
19.105
21.01
22.92
24.83
26.735
28.635
30.545
32.445
34.34
36.24
38.165
40.1
42.01
43.905
45.81
47.725
49.635
51.53
53.42
55.315
57.22
59.125
61.03
62.935
64.845
66.74
68.595
70.455
72.35
74.26
76.165
78.07
79.97
81.895
83.85
85.78
87.685
89.585
91.49
93.395
95.295
97.195
99.11
101.02
102.92
104.83
106.72
108.64
110.53
112.43
114.36
116.29
118.2
120.1
122
123.92
125.82
127.72
129.6
131.5
133.41
135.31
137.22
139.13
141.03
142.93
144.79
146.66
148.58
150.53
152.44
154.3
156.2
158.14
160.08
162
163.9
165.79
167.69
169.6
171.53
173.44
175.34
177.25
179.15
181.05
182.94
184.84
186.75
188.65
190.53
192.38
192.62
194.5
196.41
198.31
200.22
202.15
204.09
