0.655
2.155
3.65
5.15
6.65
8.155
9.655
11.155
12.655
14.15
15.645
17.145
18.645
20.145
21.65
23.15
24.65
26.15
27.65
29.15
30.65
32.15
33.65
35.15
36.65
38.15
39.65
41.15
42.65
44.15
45.65
47.15
48.65
50.155
51.655
53.15
54.65
56.15
57.65
59.15
60.65
62.15
63.65
65.15
66.65
68.155
69.655
71.155
72.655
74.155
75.655
77.15
78.65
80.15
81.645
83.145
84.645
86.15
87.65
89.15
90.65
92.15
93.65
95.15
96.65
98.15
99.65
101.15
102.65
104.15
105.65
107.15
108.65
110.16
111.66
113.15
114.65
116.16
117.65
119.14
120.65
122.15
123.65
125.15
126.65
128.16
129.66
131.15
132.66
134.16
135.66
137.15
138.65
140.15
141.65
143.15
144.65
146.15
147.65
149.15
150.65
152.16
153.66
155.16
156.66
158.16
159.65
161.15
162.66
164.16
165.65
167.15
168.65
170.15
171.66
173.15
174.65
176.16
177.65
179.15
180.65
182.15
183.65
185.15
186.65
188.16
189.66
191.16
192.66
194.16
195.65
197.15
198.66
200.16
201.66
203.15
204.65
206.16
207.66
209.16
210.66
212.16
213.66
