1.785
4.595
7.255
9.81
12.415
15.005
17.585
20.15
22.74
25.34
27.93
30.505
33.075
35.66
38.255
40.835
43.405
45.975
48.545
51.125
53.705
56.295
58.885
61.46
64.04
66.625
69.2
71.77
74.355
76.945
79.54
82.12
84.69
87.265
89.845
92.42
95.01
97.595
100.17
102.75
105.33
107.93
110.52
113.1
115.67
118.25
120.84
123.42
126
128.57
131.15
133.74
136.31
138.89
141.47
144.04
146.62
149.22
151.81
154.4
156.95
159.52
162.12
164.72
167.28
169.84
172.43
175
177.59
180.18
182.75
185.33
187.91
190.49
193.07
195.68
198.25
200.81
203.39
205.99
208.57
211.13
213.72
216.31
218.9
221.46
