0.095
1.93
3.765
5.615
7.47
9.325
11.18
13.04
14.9
16.755
18.615
20.48
22.33
24.175
26.035
27.9
29.755
31.6
33.455
35.325
37.185
39.035
40.9
42.76
44.605
46.45
48.305
50.165
52.025
53.875
55.735
57.6
59.455
61.3
63.155
65.015
66.87
68.72
70.58
72.44
74.285
76.125
77.975
79.845
81.695
83.535
85.39
87.26
89.12
90.96
92.805
94.66
96.515
98.365
100.22
102.08
103.94
105.79
107.64
109.5
111.35
113.2
115.06
116.92
118.76
120.59
122.44
124.31
126.16
128
129.85
131.71
133.56
135.39
137.24
139.1
140.96
142.81
144.67
146.53
148.37
150.22
152.07
153.94
155.78
157.62
159.48
161.34
163.18
165.02
166.87
168.72
170.57
172.41
174.27
176.12
177.97
179.81
181.67
183.53
185.37
187.21
189.06
190.91
192.76
194.62
196.46
198.31
200.16
202
203.85
205.7
207.54
209.39
211.24
213.09
214.94
216.78
218.62
220.47
222.32
224.17
226.01
227.86
229.71
231.56
233.4
235.25
