0.04
1.84
3.67
5.515
7.355
9.185
11.01
12.835
14.665
16.5
18.335
20.175
22.01
23.835
25.66
27.495
29.32
31.14
32.97
34.815
36.655
38.485
40.315
42.15
43.985
45.815
47.65
49.485
51.315
53.15
54.98
56.81
58.635
60.465
62.3
64.135
65.965
67.795
69.625
71.46
73.295
75.125
76.96
78.8
80.635
82.46
84.285
86.115
87.95
89.78
91.605
93.445
95.28
97.11
98.94
100.78
102.61
104.44
106.28
108.11
109.94
111.77
113.6
115.43
117.27
119.09
120.92
122.75
124.59
126.42
128.26
130.09
131.93
133.75
135.58
137.4
139.24
141.07
142.91
144.75
146.57
148.41
150.25
152.09
153.9
155.74
157.57
159.41
161.24
163.07
164.9
166.73
168.56
170.4
172.24
174.06
175.9
177.72
179.54
181.38
183.21
185.03
186.94
188.97
