0.095
2.05
4
5.96
7.92
9.88
11.84
13.8
15.755
17.705
19.655
21.62
23.575
25.525
27.47
29.425
31.385
33.345
35.3
37.26
39.215
41.17
43.125
45.075
47.03
48.99
50.945
52.895
54.845
56.8
58.75
60.695
62.645
64.605
66.565
68.525
70.48
72.435
74.385
76.34
78.29
80.24
82.19
84.145
86.105
88.085
90.05
91.985
93.925
95.87
97.815
99.76
101.7
103.65
105.6
107.56
109.52
111.47
113.46
115.42
117.32
119.27
121.22
123.17
125.12
127.08
129.03
130.98
132.94
134.9
136.84
138.78
140.73
142.69
144.63
146.57
148.52
150.48
152.43
154.37
156.31
158.26
160.22
162.18
164.13
166.1
168.06
170
171.94
173.88
175.82
177.76
179.7
181.65
183.59
185.54
187.49
189.45
191.44
193.38
195.29
197.23
199.19
201.13
203.07
205.01
206.96
208.91
210.86
212.81
214.75
216.69
218.63
