0.105
1.715
3.335
4.955
6.57
8.19
9.815
11.44
13.06
14.685
16.305
17.925
19.545
21.165
22.79
24.415
26.04
27.67
29.285
30.9
32.52
34.14
35.765
37.385
38.99
40.595
42.21
43.845
45.49
47.115
48.74
50.36
51.975
53.59
55.215
56.835
58.445
60.05
61.675
63.31
64.945
66.575
68.2
69.82
71.435
73.06
74.685
76.31
77.93
79.55
81.17
82.79
84.415
86.035
87.66
89.275
90.895
92.515
94.135
95.755
97.38
99
100.62
102.24
103.86
105.48
107.1
108.73
110.36
111.98
113.6
115.22
116.83
118.47
120.1
121.72
123.33
124.94
126.56
128.18
129.82
131.44
133.06
134.69
136.3
137.93
139.55
141.18
142.79
144.41
146.03
147.66
149.28
150.9
152.53
154.15
155.76
157.38
159.01
160.63
162.25
163.87
165.5
167.12
168.74
170.35
171.97
173.59
175.22
176.84
178.47
180.09
181.72
183.33
184.95
186.57
188.19
189.81
191.44
193.06
194.68
196.29
197.92
199.54
201.16
202.78
204.41
206.03
207.66
209.28
210.91
212.53
214.15
215.77
217.41
219.03
220.63
222.25
223.88
225.5
227.12
228.74
230.36
231.99
233.6
235.23
236.85
238.47
240.09
241.72
243.34
244.96
246.57
248.19
249.82
251.44
253.06
254.69
256.3
257.93
259.55
261.17
262.78
264.4
266.03
267.65
269.28
270.9
