0.725
2.46
4.2
5.935
7.675
9.415
11.15
12.885
14.62
16.355
18.095
19.84
21.57
23.31
25.05
26.785
28.525
30.26
32
33.735
35.475
37.215
38.95
40.69
42.425
44.165
45.9
47.635
49.375
51.11
52.85
54.585
56.325
58.06
59.795
61.535
63.275
65.01
66.75
68.485
70.225
71.96
73.7
75.44
77.18
78.915
80.655
82.39
84.13
85.865
87.605
89.34
91.08
92.815
94.545
96.285
98.025
99.765
101.5
103.24
104.98
106.72
108.45
110.19
111.93
113.67
115.41
117.14
118.88
120.61
122.35
124.09
125.83
127.57
129.31
131.04
132.78
134.52
136.26
138
139.74
141.47
143.21
144.94
146.69
148.42
150.16
151.9
153.63
155.38
157.11
158.84
160.59
162.32
164.06
165.79
167.53
169.27
171.01
172.75
174.49
176.22
177.96
179.7
