0.115
1.96
3.81
5.645
7.485
9.34
11.185
13.02
14.85
16.695
18.545
20.39
22.235
24.085
25.935
27.785
29.625
31.465
33.31
35.16
37.005
38.855
40.7
42.55
44.4
46.245
48.09
49.935
51.78
53.625
55.47
57.32
59.165
61.015
62.86
64.705
66.55
68.4
70.245
72.09
73.935
75.78
77.625
79.47
81.31
83.155
85.005
86.85
88.7
90.545
92.4
94.245
96.095
97.955
99.795
101.64
103.48
105.32
107.17
109.01
110.86
112.7
114.55
116.39
118.25
120.09
121.94
123.78
125.63
127.47
129.32
131.17
133.01
134.87
136.71
138.54
140.4
142.25
144.09
145.93
147.78
149.63
151.47
153.32
155.17
157.03
158.91
160.76
162.58
164.4
166.25
168.09
169.94
171.78
173.62
175.47
177.32
179.17
181.01
182.86
184.71
186.55
188.4
190.25
192.09
193.94
195.78
197.62
199.47
201.31
203.16
205.01
206.9
