0.105
1.985
3.87
5.75
7.635
9.515
11.4
13.285
15.16
17.035
18.915
20.8
22.68
24.565
26.45
28.33
30.215
32.095
33.975
35.855
37.74
39.62
41.505
43.39
45.265
47.135
49.01
50.9
52.79
54.675
56.56
58.44
60.32
62.205
64.09
65.97
67.85
69.725
71.605
73.485
75.37
77.255
79.135
81.015
82.905
84.795
86.675
88.55
90.435
92.315
94.2
96.085
97.965
99.845
101.72
103.61
105.49
107.37
109.25
111.14
113.02
114.89
116.78
118.66
120.55
122.42
124.31
126.19
128.07
129.96
131.84
133.72
135.6
137.49
139.37
141.24
143.1
144.97
146.85
148.73
150.61
152.49
154.38
156.25
158.14
160.02
161.9
163.78
165.66
167.54
169.42
171.3
173.18
175.05
176.93
178.81
180.7
182.57
184.46
186.34
188.22
190.09
191.97
193.85
195.74
197.62
199.51
201.38
203.26
205.14
207.03
208.91
210.79
212.67
214.55
216.43
218.31
220.19
222.08
223.96
