1.4
3.72
6.05
8.345
10.625
12.915
15.265
17.64
19.86
22.105
24.47
26.815
29.105
31.395
33.74
36.085
38.355
40.61
42.92
45.24
47.555
49.88
52.165
54.465
56.775
59.085
61.395
63.71
66.005
67.155
69.46
71.77
74.09
76.4
78.695
81.005
83.33
85.625
87.92
90.235
92.55
94.855
97.16
99.465
101.8
104.11
106.39
108.7
111.02
113.32
115.64
117.94
120.23
122.55
124.86
127.17
129.49
131.81
135.24
137.56
139.86
142.15
144.46
146.79
149.08
151.37
153.68
156
158.32
160.66
162.94
165.24
167.55
169.87
172.16
174.46
176.78
179.07
181.39
183.75
186.05
188.32
