0.235
2.035
3.845
5.67
7.52
9.385
11.24
13.09
14.93
16.755
18.595
20.44
22.285
24.135
25.98
27.825
29.67
31.515
33.365
35.21
37.055
38.905
40.75
42.595
44.44
46.285
48.14
49.985
51.825
53.67
55.52
57.365
59.21
61.06
62.905
64.75
66.595
68.44
70.29
72.135
73.98
75.825
77.67
79.515
81.365
83.21
85.06
86.905
88.75
90.595
92.44
94.29
96.135
97.985
99.83
101.67
103.52
105.36
107.25
109.17
111.01
112.83
114.66
116.49
118.36
120.21
122.02
123.83
125.67
127.52
129.37
131.22
133.06
134.92
136.76
138.6
140.44
142.29
144.13
145.98
147.82
149.68
151.52
153.37
155.21
157.06
158.91
160.75
162.59
164.44
166.29
168.13
169.98
171.83
173.69
175.54
177.38
179.22
181.06
182.98
184.81
186.66
188.52
190.35
192.19
194.08
195.86
197.68
199.51
201.37
203.22
205.06
206.91
208.76
210.62
212.46
214.31
216.16
