1.29
3.17
5.04
6.925
8.8
10.675
12.55
14.43
16.31
18.185
20.06
21.935
23.81
25.685
27.55
29.435
31.325
33.2
35.06
36.92
38.79
40.7
42.605
44.46
46.32
48.18
50.045
51.92
53.795
55.67
57.55
59.43
61.3
63.17
65.055
66.94
68.81
70.685
72.56
74.435
76.31
78.185
80.06
81.94
83.815
85.69
87.57
89.44
91.31
93.185
95.06
96.935
98.81
100.69
102.56
104.44
106.32
108.19
110.06
111.94
113.81
115.69
117.56
119.44
121.31
123.19
125.07
126.93
128.79
130.67
132.54
134.42
136.3
138.18
140.05
141.93
143.81
145.69
147.56
149.43
151.31
153.19
155.06
156.94
158.81
160.69
162.56
164.44
166.32
168.19
170.06
171.94
173.81
175.69
177.56
179.42
181.29
183.17
185.06
186.94
188.81
190.69
192.57
194.44
196.31
198.18
200.06
201.94
203.81
205.69
207.57
209.45
211.32
213.19
215.07
216.94
218.81
220.69
