0.615
1.735
3.605
5.11
6.61
8.11
9.61
11.11
12.61
14.11
15.61
17.11
18.605
20.105
21.605
23.11
24.615
26.115
27.615
29.11
30.61
32.115
33.61
35.105
36.605
38.11
39.615
41.11
42.615
44.115
45.615
47.115
48.615
50.11
51.605
53.105
54.605
56.105
57.61
59.115
60.615
62.11
63.61
65.11
66.615
68.11
69.61
71.11
72.61
74.11
75.61
77.105
78.605
80.105
81.605
83.105
84.61
86.105
87.605
89.105
90.61
92.11
93.61
95.11
96.61
98.11
99.61
101.11
102.61
104.11
105.61
107.11
108.61
110.11
111.61
113.11
114.61
116.11
117.61
119.11
120.61
122.11
123.6
125.09
126.59
128.1
129.6
131.1
132.6
134.09
135.59
137.09
138.6
140.11
141.61
143.11
144.61
146.11
147.61
149.12
150.61
152.1
153.62
155.13
156.65
158.16
159.66
161.15
162.65
165.56
167.1
168.61
170.11
171.61
173.11
174.61
176.1
177.6
179.1
180.6
182.1
183.6
185.1
186.61
188.11
189.6
191.1
192.6
194.1
195.6
197.1
198.6
200.1
201.6
203.1
204.61
206.12
208.57
210.04
211.53
213.03
214.54
216.04
