0.87
3.145
5.415
7.685
9.955
12.23
14.5
16.775
19.05
21.325
23.6
25.88
28.16
30.44
32.715
34.995
37.27
39.55
41.825
44.105
46.38
48.66
50.94
53.22
55.495
57.77
60.05
62.33
63.85
65.37
66.885
68.4
69.92
71.44
72.96
74.48
76
77.515
79.035
80.56
82.085
83.61
85.125
86.635
88.155
89.675
91.195
92.715
94.23
95.75
97.265
98.785
100.31
101.83
103.34
104.86
106.38
107.9
109.42
110.94
112.46
113.98
115.5
117.01
118.53
120.05
121.57
123.08
124.6
127.64
129.93
132.22
134.5
136.76
139.04
141.33
143.6
145.87
148.15
150.43
152.71
154.99
157.26
159.53
161.81
164.1
166.38
168.65
170.94
173.21
175.49
177.76
180.04
182.32
184.6
186.88
189.16
191.45
193.74
196
198.28
200.56
202.84
205.12
207.39
209.66
211.94
214.22
216.5
218.78
221.05
