0.105
1.94
3.77
5.605
7.445
9.275
11.11
12.945
14.78
16.61
18.44
20.27
22.105
23.94
25.77
27.6
29.435
31.265
33.095
34.93
36.765
38.6
40.43
42.26
44.09
45.925
47.76
49.59
51.42
53.25
55.08
56.915
58.75
60.58
62.415
64.25
66.08
67.915
69.75
71.58
73.415
75.245
77.075
78.905
80.74
82.57
84.405
86.235
88.07
89.895
91.725
93.56
95.395
97.225
99.06
100.89
102.72
104.55
106.38
108.22
110.06
111.89
113.72
115.56
117.39
119.22
121.05
122.88
124.72
126.55
128.38
130.21
132.04
133.88
135.71
137.54
139.38
141.21
143.04
144.87
146.71
148.54
150.38
152.21
154.03
155.87
157.7
159.53
161.37
163.21
165.03
166.86
168.69
170.53
172.36
174.19
176.03
177.85
179.69
181.51
183.35
185.18
187.01
188.85
190.68
192.51
194.34
196.18
198.01
199.84
201.67
203.5
205.34
207.18
209
210.84
212.67
214.5
216.34
218.17
220
221.83
223.66
225.5
227.33
229.16
231
232.83
234.66
236.48
238.31
240.15
241.99
