0.955
2.705
4.455
6.215
7.97
9.72
11.47
13.225
14.975
16.73
18.48
20.235
21.985
23.735
25.49
27.24
28.985
30.74
32.5
34.25
35.995
37.745
39.485
41.24
42.995
44.745
46.495
48.25
50.005
51.75
53.495
55.245
57
58.755
60.505
62.26
64.015
65.765
67.515
69.27
71.02
72.775
74.525
76.28
78.03
79.785
81.54
83.285
85.035
86.79
88.545
90.295
92.045
93.795
95.55
97.305
99.06
100.81
102.56
104.32
106.07
107.82
109.57
111.32
113.08
114.83
116.58
118.33
120.08
121.83
123.59
125.34
127.09
128.85
130.6
132.35
134.1
135.86
137.61
139.35
141.1
142.85
144.6
146.35
148.11
149.87
151.62
153.37
155.12
156.87
158.62
160.37
162.12
163.88
165.63
167.38
169.13
170.88
172.63
