1.555
3.31
5.08
6.86
8.635
10.405
12.185
13.97
15.755
17.535
19.305
21.08
22.865
24.64
26.41
28.19
29.975
31.75
33.535
35.315
37.085
38.86
40.64
42.42
44.205
45.98
47.75
49.535
51.315
53.09
54.86
56.62
58.395
60.185
61.97
63.75
65.53
67.305
69.085
70.865
72.64
74.415
76.19
77.965
79.75
81.53
83.305
85.08
86.855
88.635
90.415
92.19
93.97
95.745
97.525
99.305
101.09
102.86
104.64
106.42
108.2
109.98
111.75
113.53
115.31
117.08
118.86
120.64
122.42
124.19
125.97
127.75
129.53
131.31
133.09
134.88
136.65
138.42
140.19
141.97
143.76
145.54
147.31
149.08
150.86
152.64
154.42
156.19
157.97
159.75
161.53
163.3
165.08
166.86
168.64
170.41
172.19
173.99
175.78
177.55
179.32
181.1
182.88
184.67
186.44
188.21
189.98
191.75
193.53
195.31
197.09
198.87
200.65
202.43
204.22
206
207.77
209.55
211.33
213.1
214.87
216.66
218.44
220.21
221.99
223.77
225.54
