0.08
2
3.92
5.84
7.76
9.68
11.6
13.52
15.44
17.37
19.29
21.21
23.13
25.045
26.97
28.89
30.81
32.73
34.65
36.57
38.49
40.415
42.33
44.245
46.17
48.095
50.015
51.93
53.85
55.77
57.69
59.615
61.535
63.455
65.375
67.295
69.215
71.135
73.055
74.975
76.895
78.81
80.725
82.645
84.565
86.485
88.405
90.325
92.245
94.17
96.095
98.01
99.925
101.85
103.78
105.69
107.61
109.53
111.45
113.37
115.29
117.21
119.13
121.05
122.97
124.89
126.81
128.73
130.65
132.57
134.49
136.41
138.34
140.25
142.18
144.09
146.01
147.93
149.85
151.78
153.69
155.61
157.53
159.45
161.37
163.29
165.21
167.13
169.05
170.97
172.89
174.81
176.73
178.65
180.57
182.5
184.41
186.34
188.25
190.18
192.09
194.01
195.93
197.86
199.78
201.69
203.62
205.54
207.45
209.37
211.29
213.22
215.13
217.06
218.98
220.9
222.82
224.75
226.66
228.57
