0.09
1.76
3.42
5.075
6.73
8.385
10.04
11.695
13.345
15
16.655
18.31
19.965
21.62
23.275
24.925
26.59
28.265
29.93
31.585
33.24
34.895
36.55
38.205
39.855
41.5
43.155
44.815
46.47
48.115
49.77
51.435
53.1
54.76
56.41
58.065
59.72
61.375
63.035
64.705
66.375
68.035
69.695
71.35
73.005
74.665
76.32
77.975
79.625
81.275
82.935
84.59
86.245
87.9
89.56
91.215
92.855
94.495
96.14
97.79
99.44
101.09
102.73
104.39
106.06
107.72
109.38
111.02
112.68
114.33
115.98
117.64
119.34
121.02
122.67
124.33
125.98
127.64
129.29
130.94
132.6
134.25
135.91
137.56
139.22
140.88
142.53
144.19
145.82
147.44
149.09
150.75
152.4
154.06
155.71
157.36
159.01
160.67
162.33
163.99
165.65
167.3
168.95
170.6
172.26
173.91
175.56
177.21
178.85
180.51
182.16
183.82
185.47
187.13
188.79
190.44
192.1
193.75
195.41
197.07
198.73
200.4
202.09
203.77
205.43
207.08
208.74
210.4
212.05
213.71
215.36
217.01
218.67
220.32
221.98
223.63
225.29
226.94
228.59
230.24
231.89
233.54
235.19
236.82
238.47
240.11
241.75
243.41
245.06
246.72
248.37
