0.795
2.915
5.02
7.11
9.22
11.37
13.72
16.095
18.41
20.775
23.25
25.51
27.75
30.13
32.575
34.99
37.58
40.12
42.96
45.795
48.705
51.325
53.855
56.37
58.845
61.33
63.815
66.345
68.85
71.35
73.86
76.33
78.745
81.385
83.84
86.355
88.85
91.35
93.855
96.34
98.84
101.36
103.86
106.36
108.83
111.32
113.82
116.33
118.81
121.34
123.84
126.35
128.85
131.34
133.84
136.34
138.84
141.37
143.86
146.37
148.88
151.34
153.5
156.1
158.74
161.31
163.84
166.34
168.85
171.35
173.82
176.32
178.84
181.32
183.82
186.39
191.33
193.84
196.34
198.84
201.35
203.85
206.34
208.84
211.34
213.86
216.36
218.86
221.36
223.86
226.36
228.86
231.35
233.84
