0.105
1.99
3.86
5.72
7.595
9.475
11.345
13.22
15.1
16.98
18.85
20.725
22.6
24.475
26.35
28.23
30.105
31.965
33.835
35.715
37.595
39.465
41.35
43.23
45.095
46.96
48.84
50.715
52.59
54.47
56.345
58.22
60.095
61.97
63.845
65.715
67.59
69.465
71.35
73.23
75.1
76.965
78.85
80.735
82.6
84.46
86.335
88.215
90.08
91.95
93.83
95.71
97.6
99.48
101.36
103.22
105.1
106.97
108.85
110.72
112.6
114.47
116.34
118.22
120.09
121.97
123.84
125.72
127.59
129.47
131.34
133.22
135.09
136.97
138.84
140.72
142.58
144.45
146.35
148.24
150.1
151.96
153.82
155.71
157.59
159.47
161.34
163.22
165.1
166.97
168.84
170.72
172.59
174.46
176.34
178.22
180.1
181.98
183.85
185.73
187.6
189.48
191.35
193.23
195.1
196.97
198.84
200.72
202.6
204.47
206.34
208.23
210.1
211.97
213.84
215.72
217.59
