0.97
3.2
5.415
7.485
9.535
11.595
13.67
15.745
17.82
19.885
21.945
24.015
26.085
28.165
30.23
32.3
34.365
36.425
38.49
40.56
42.625
44.695
46.765
48.84
50.905
52.975
55.045
57.115
59.18
61.245
63.315
65.385
67.455
69.525
71.595
73.665
75.735
77.805
79.87
81.945
84.015
86.08
88.15
90.215
92.285
94.355
96.43
98.49
100.56
102.63
104.7
106.77
108.84
110.91
112.98
115.05
117.11
119.19
121.25
123.32
125.39
127.46
129.53
131.59
133.66
135.74
137.81
139.88
141.94
144.01
146.08
148.15
150.22
152.29
154.35
156.42
158.49
160.56
162.63
164.69
166.76
168.83
170.9
172.97
175.05
177.12
179.18
181.24
183.31
185.4
187.47
189.55
191.62
193.69
195.75
197.81
199.9
201.96
204.01
206.08
208.15
210.22
212.28
214.35
216.43
218.5
220.56
222.63
224.7
226.77
228.84
230.91
232.98
235.05
237.12
239.21
241.28
