3.53
7.51
11.49
15.73
19.925
25.96
28.495
31.2
34.06
36.895
39.715
42.535
45.355
48.175
50.995
53.83
56.66
59.465
62.285
65.11
67.935
70.76
73.585
76.41
79.24
84.81
87.71
90.54
93.35
96.185
98.995
101.8
104.64
107.48
110.3
113.12
115.94
118.77
121.58
124.41
127.25
130.07
132.88
135.7
138.53
141.35
144.18
147
149.82
152.64
155.47
158.28
161.11
163.93
166.75
169.58
172.42
175.25
178.06
180.9
183.72
186.53
189.37
192.19
195.03
197.84
200.64
203.47
206.29
209.12
211.94
214.75
217.59
220.37
223.11
225.46
227.84
230.27
232.66
