0.535
2.17
3.765
5.335
6.935
8.575
10.175
11.755
13.345
14.95
16.555
18.155
19.76
21.37
22.96
24.555
26.17
27.775
29.375
30.97
32.565
34.16
35.765
37.37
38.975
40.575
42.175
43.775
45.37
46.965
48.56
50.16
51.76
53.365
54.965
56.565
58.165
59.765
61.365
62.97
64.575
66.175
67.775
69.38
70.975
72.565
74.165
75.765
77.365
78.97
80.57
82.175
83.77
85.36
86.96
88.565
90.165
91.765
93.37
94.975
96.575
98.17
99.76
101.36
102.96
104.56
106.17
107.76
109.36
110.97
112.56
114.16
115.75
117.36
118.97
120.58
122.17
123.77
125.36
126.97
128.56
130.16
131.76
133.37
134.97
136.57
138.16
139.76
141.36
142.97
144.56
146.16
147.76
149.37
150.97
152.56
154.18
155.78
157.38
158.97
160.56
162.15
163.75
165.37
166.96
168.54
170.13
171.75
173.37
174.98
176.58
178.19
