0.1
1.94
3.79
5.64
7.48
9.32
11.16
13.01
14.86
16.715
18.56
20.4
22.245
24.1
25.94
27.78
29.62
31.465
33.32
35.17
37.01
38.855
40.7
42.545
44.395
46.24
48.08
49.925
51.775
53.625
55.475
57.315
59.155
61
62.845
64.695
66.545
68.4
70.25
72.1
73.94
75.78
77.63
79.48
81.325
83.165
85.01
86.855
88.705
90.555
92.395
94.24
96.085
97.93
99.775
101.62
103.47
105.31
107.16
109.01
110.86
112.69
114.54
116.39
118.23
120.08
121.92
123.78
125.62
127.47
129.32
131.16
133.01
134.85
136.69
138.55
140.4
142.25
144.09
145.94
147.78
149.63
151.48
153.32
155.17
157.01
158.86
160.71
162.54
164.39
166.24
168.08
169.93
171.77
173.62
175.47
177.31
179.16
181
182.85
184.69
186.54
188.38
190.24
192.09
193.93
195.77
