0.135
1.965
3.785
5.6
7.42
9.23
11.045
12.87
14.69
16.505
18.325
20.145
21.96
23.775
25.595
27.415
29.23
31.05
32.87
34.695
36.515
38.335
40.15
41.97
43.785
45.605
47.42
49.24
51.055
52.875
54.695
56.515
58.335
60.15
61.97
63.785
65.6
67.415
69.235
71.055
72.875
74.695
76.51
78.33
80.145
81.965
83.78
85.6
87.42
89.24
91.06
92.88
94.695
96.505
98.325
100.15
101.97
103.79
105.61
107.42
109.24
111.06
112.88
114.69
116.51
118.33
120.15
121.97
123.79
125.61
127.42
129.25
131.06
132.88
134.7
136.51
138.34
140.15
141.97
143.78
145.6
147.42
149.24
151.06
152.88
154.71
156.51
158.33
160.16
161.97
163.78
165.59
167.41
169.24
171.06
172.88
174.7
176.51
178.33
180.15
181.97
183.78
185.61
187.43
189.25
191.06
192.88
194.69
196.51
198.33
200.15
201.97
203.78
205.6
207.43
209.24
211.08
