0.485
1.67
2.85
4.035
5.21
6.385
7.56
8.74
9.92
11.105
12.28
13.46
14.635
15.815
16.995
18.17
19.34
20.515
21.695
22.875
24.05
25.22
26.39
27.565
28.74
29.92
31.095
32.275
33.45
34.63
35.805
36.98
38.16
39.335
40.51
41.69
42.865
44.035
45.21
46.385
47.565
48.745
49.92
51.1
52.275
53.45
54.625
55.8
56.98
58.165
59.345
60.52
61.69
62.86
64.035
65.215
66.39
67.565
68.745
69.92
71.1
72.275
73.455
74.63
75.805
76.985
78.16
79.335
80.51
81.68
82.855
84.035
85.215
86.39
87.57
88.745
89.925
91.1
92.275
93.455
94.63
95.805
96.98
98.15
99.33
100.5
101.69
102.86
104.03
105.2
106.38
107.56
108.73
109.91
111.08
112.26
113.44
114.61
115.8
116.97
118.16
119.33
120.51
121.69
122.86
124.03
125.2
126.39
127.56
128.74
129.91
131.09
132.27
133.45
134.62
135.81
136.98
138.16
139.34
140.51
141.69
142.87
144.04
145.22
146.4
147.56
148.74
149.91
151.09
152.27
153.45
154.63
155.81
156.98
158.16
159.34
160.51
161.69
162.87
164.04
165.22
166.39
167.56
