0.36
1.645
2.935
4.23
5.51
6.775
8.035
9.31
10.59
11.865
13.13
14.39
15.655
16.915
18.175
19.435
20.7
21.965
23.23
24.49
25.755
27.015
28.28
29.545
30.81
32.075
33.34
34.6
35.855
37.12
38.38
39.645
40.91
42.175
43.44
44.705
45.965
47.225
48.49
49.755
51.015
52.275
53.535
54.8
56.065
57.33
58.595
59.855
61.12
62.38
63.64
64.9
66.165
67.425
68.69
69.955
71.22
72.48
73.745
75.01
76.275
77.535
78.8
80.06
81.33
82.6
83.865
85.13
86.39
87.65
88.91
90.17
91.435
92.705
93.965
95.23
96.49
97.75
99.015
100.28
101.55
102.81
104.08
105.33
106.59
107.86
109.11
110.38
111.64
112.91
114.17
115.44
116.69
117.96
119.22
120.48
121.75
123.01
124.27
125.53
126.8
128.06
129.33
130.59
131.85
133.12
134.38
135.64
136.9
138.16
139.43
140.69
141.96
143.22
144.49
145.75
147.01
148.28
149.53
150.8
152.07
153.34
154.6
155.87
157.13
158.4
159.66
160.91
162.18
163.44
164.7
165.96
167.22
168.48
169.75
171.01
172.28
173.54
174.81
176.07
177.33
178.59
179.85
181.11
182.38
183.64
184.91
186.17
187.44
188.7
189.96
191.22
192.49
193.75
195.01
196.27
197.53
198.79
200.06
201.32
202.59
203.85
205.12
206.38
207.65
208.91
210.16
211.43
212.69
213.96
215.22
216.49
217.75
219
220.27
221.53
222.81
224.06
225.33
226.59
227.85
229.11
230.37
231.65
232.93
234.21
235.47
236.72
237.99
239.26
