0.065
1.945
3.815
5.69
7.565
9.44
11.315
13.195
15.075
16.955
18.825
20.7
22.575
24.45
26.325
28.2
30.075
31.95
33.83
35.705
37.58
39.455
41.33
43.205
45.085
46.955
48.82
50.695
52.575
54.455
56.33
58.205
60.075
61.945
63.825
65.7
67.575
69.45
71.32
73.2
75.08
76.955
78.825
80.705
82.585
84.455
86.325
88.2
90.075
91.95
93.825
95.7
97.575
99.45
101.33
103.2
105.08
106.94
108.83
110.7
112.58
114.45
116.33
118.2
120.07
121.94
123.83
125.7
127.58
129.45
131.32
133.2
135.08
136.96
138.82
140.71
142.58
144.46
146.34
148.21
150.07
151.96
153.83
155.71
157.59
159.46
161.33
163.21
165.08
166.96
168.84
170.71
172.59
174.46
176.33
178.21
180.08
181.96
183.83
185.71
187.59
189.46
191.33
193.2
195.07
196.96
198.83
200.71
202.58
204.46
206.33
208.21
210.07
211.95
213.83
215.71
217.57
219.45
221.32
223.2
225.07
226.95
228.82
230.71
232.57
234.46
236.33
