0.185
2.03
3.875
5.72
7.565
9.405
11.255
13.105
14.955
16.8
18.64
20.485
22.33
24.18
26.03
27.875
29.72
31.565
33.41
35.26
37.115
38.955
40.795
42.64
44.49
46.34
48.195
50.035
51.88
53.725
55.565
57.415
59.27
61.115
62.955
64.795
66.645
68.49
70.335
72.175
74.02
75.875
77.725
79.575
81.415
83.255
85.105
86.955
88.805
90.65
92.49
94.335
96.18
98.03
99.885
101.73
103.57
105.41
107.26
109.11
110.97
112.81
114.66
116.5
118.33
120.19
122.04
123.89
125.73
127.57
129.41
131.26
133.1
134.95
136.81
138.67
140.5
142.34
144.22
146.08
147.89
149.72
151.57
153.42
155.26
157.1
158.95
160.81
162.66
164.5
166.34
168.19
170.03
171.88
