0.07
2.26
4.445
6.62
8.8
10.985
13.17
15.35
17.53
19.715
21.895
24.08
26.26
28.44
30.625
32.805
34.985
37.17
39.35
41.535
43.715
45.895
48.08
50.26
52.445
54.625
56.805
58.99
61.175
63.355
65.54
67.72
69.9
72.08
74.26
76.44
78.625
80.805
82.99
85.17
87.35
89.53
91.715
93.895
96.08
98.26
100.44
102.62
104.81
106.98
109.17
111.36
113.53
115.72
117.9
120.08
122.26
124.43
126.61
128.79
130.97
133.16
135.34
137.53
139.72
141.9
144.09
146.28
148.44
150.62
152.81
154.99
157.18
159.38
161.55
163.72
165.9
168.08
170.26
172.44
174.62
176.81
178.99
181.18
183.35
185.53
187.72
