0.075
1.95
3.825
5.7
7.575
9.45
11.325
13.2
15.075
16.955
18.83
20.705
22.58
24.455
26.33
28.205
30.09
31.99
33.875
35.75
37.625
39.5
41.375
43.245
45.11
46.98
48.86
50.735
52.605
54.48
56.355
58.225
60.1
61.975
63.845
65.715
67.585
69.46
71.335
73.215
75.095
76.98
78.85
80.72
82.6
84.48
86.355
88.235
90.105
91.975
93.85
95.725
97.6
99.47
101.34
103.22
105.09
106.97
108.84
110.72
112.59
114.47
116.34
118.21
120.08
121.96
123.83
125.71
127.59
129.48
131.35
133.23
135.1
136.98
138.85
140.72
142.6
144.47
146.34
148.22
150.1
151.97
153.84
155.72
157.59
159.47
161.34
163.22
165.09
166.97
168.84
170.72
172.59
174.47
176.34
178.22
180.09
181.97
183.85
185.72
187.59
189.46
191.34
193.21
195.05
196.85
198.68
200.62
202.58
204.48
206.35
208.22
210.1
211.97
213.84
215.72
217.6
219.47
221.34
223.22
225.09
226.97
228.84
230.72
232.59
234.47
236.34
238.22
240.1
242
243.88
245.75
248.09
249.96
251.83
253.71
255.58
257.45
259.33
261.2
263.08
264.96
266.84
268.61
270.19
271.73
273.24
274.74
276.23
277.73
279.23
280.73
282.24
283.73
285.23
286.73
288.24
289.74
291.24
292.74
294.24
295.74
297.24
298.74
300.24
301.74
303.24
304.74
306.24
307.74
309.24
310.74
312.23
313.74
315.24
316.74
319.93
321.81
323.68
325.56
327.44
329.31
331.19
333.07
334.94
336.82
338.69
340.57
342.44
344.31
346.19
348.07
349.94
351.81
353.69
