0.45
2.325
4.2
6.075
7.945
9.815
11.695
13.57
15.445
17.325
19.2
21.075
22.945
24.82
26.695
28.565
30.44
32.32
34.19
36.06
37.94
39.81
41.685
43.56
45.435
47.31
49.19
51.06
52.925
54.805
56.69
58.565
60.435
62.31
64.185
66.06
67.935
69.81
71.685
73.56
75.435
77.31
79.185
81.065
82.935
84.805
86.685
88.555
90.43
92.31
94.19
96.065
97.94
99.815
101.69
103.56
105.44
107.31
109.19
111.06
112.94
114.81
116.69
118.56
120.43
122.31
124.18
126.06
127.93
129.82
131.73
133.6
135.47
137.35
139.22
141.09
142.95
144.82
146.7
148.56
150.44
152.31
154.19
156.06
157.94
159.81
161.69
163.56
