1.17
3.38
5.52
7.625
9.735
11.84
13.945
16.05
18.17
20.275
22.37
24.47
26.575
28.68
30.79
32.895
35
37.1
39.21
41.315
43.42
45.53
47.63
49.73
51.835
53.94
56.05
58.155
60.265
62.375
64.475
66.58
68.685
70.785
72.895
75
77.105
79.21
81.315
83.42
85.525
87.635
89.73
91.83
93.94
96.05
98.155
100.26
102.37
104.47
106.58
108.67
110.78
112.89
114.99
117.1
119.22
121.32
123.42
125.53
127.62
129.72
131.83
133.94
136.06
138.18
140.27
142.38
144.47
146.57
148.68
150.79
152.9
154.99
157.09
159.22
161.34
163.44
165.53
167.62
169.73
171.83
173.94
176.06
178.16
180.26
182.37
184.47
186.57
188.68
190.78
192.88
195
197.11
199.21
201.31
203.41
205.51
207.62
209.74
211.84
213.95
216.05
218.15
220.25
