0.105
2.22
4.325
6.425
8.535
10.65
12.765
14.865
16.965
19.08
21.195
23.31
25.415
27.29
29.16
31.025
32.9
34.77
36.645
38.515
40.39
42.27
44.15
46.02
47.89
49.77
51.645
53.515
55.39
57.27
59.15
61.025
62.9
64.785
66.665
68.54
70.405
72.275
74.145
76.02
77.89
79.77
81.65
83.52
85.395
87.27
89.145
91.02
94.55
96.43
98.305
100.18
102.05
103.92
105.81
107.67
109.55
111.42
113.3
115.17
118.23
120.1
121.97
123.83
125.71
127.58
129.45
131.32
133.21
135.09
136.96
138.82
140.71
142.59
144.46
146.32
148.21
150.09
151.96
153.84
155.71
157.59
159.46
161.34
163.21
165.09
166.96
168.83
170.71
172.59
174.46
176.34
178.21
180.09
181.96
183.83
185.7
187.57
189.45
191.33
193.2
195.07
196.96
198.83
200.71
202.57
204.46
206.33
