0.09
2.01
3.915
5.79
7.64
9.5
11.38
13.28
15.195
17.11
19
20.885
22.785
24.69
26.585
28.47
31.755
33.645
35.535
37.425
39.315
41.205
43.09
44.98
46.875
48.775
50.66
52.545
54.435
56.325
58.205
60.095
61.995
63.885
65.775
67.665
69.555
71.44
73.325
75.215
77.105
79
80.9
82.785
84.67
86.56
88.46
90.355
92.235
94.585
96.48
98.365
100.24
102.13
104.04
105.94
107.81
109.7
111.61
113.5
115.38
117.25
119.14
121.03
122.92
124.81
126.7
128.6
130.49
132.38
134.26
136.18
138.09
139.97
141.84
143.73
145.62
147.53
149.44
151.32
153.18
155.04
156.94
158.82
160.71
162.6
164.53
166.41
168.28
170.16
172.04
173.94
175.83
177.72
179.61
181.51
183.41
185.29
187.19
189.08
190.97
192.84
194.73
196.63
198.53
200.41
202.31
204.2
206.09
207.96
209.85
213.18
215.06
216.94
218.81
220.69
