0.02
1.335
2.645
3.95
5.255
6.55
7.85
9.155
10.46
11.765
13.065
14.365
15.665
16.97
18.28
19.59
20.895
22.195
23.495
24.8
26.11
27.415
28.72
30.02
31.325
32.625
33.93
35.235
36.54
37.845
39.15
40.455
41.765
43.07
44.37
45.67
46.975
48.28
49.585
50.885
52.19
53.495
54.8
56.105
57.405
58.71
60.015
61.32
62.625
63.925
65.23
66.535
67.84
69.145
70.45
71.755
73.06
74.365
75.67
76.975
78.28
79.585
80.89
82.19
83.49
84.795
86.1
87.405
88.71
90.01
91.315
92.62
93.93
95.23
96.535
97.84
99.15
100.46
101.77
103.06
104.36
105.67
106.97
108.28
109.58
110.89
112.19
113.5
114.8
116.11
117.41
118.72
120.02
121.32
122.62
123.93
125.23
126.53
127.84
129.15
130.45
131.75
133.06
134.37
135.67
136.97
138.28
139.59
140.89
142.19
143.5
144.8
146.1
147.41
148.72
150.03
151.34
152.63
153.94
155.25
156.55
157.85
159.16
160.46
161.75
163.06
164.37
165.68
166.98
168.28
169.59
170.9
172.19
173.5
174.81
176.12
177.41
178.72
180.03
181.32
182.62
183.93
185.24
186.54
187.85
189.15
190.46
191.75
193.05
194.35
195.66
196.97
198.28
199.59
200.89
202.19
203.5
204.8
206.1
207.41
208.72
210.02
211.32
212.62
213.93
215.24
216.54
217.84
219.15
220.45
221.75
