1.85
4.13
6.425
8.73
11.025
13.31
15.595
17.88
20.16
22.44
24.735
27.02
29.305
31.595
33.87
36.15
38.445
40.735
43.015
45.305
47.595
49.88
52.165
54.445
56.725
59.015
61.3
63.58
65.87
68.155
70.445
72.735
75.025
77.31
79.595
81.88
84.165
86.455
88.74
91.025
93.31
95.595
97.88
100.17
102.45
104.73
107.02
109.31
111.59
113.88
116.17
118.44
120.72
123.02
125.3
127.58
129.87
132.16
135.02
137.31
139.6
141.88
144.17
146.45
148.73
151.01
153.29
155.57
157.88
160.16
162.44
164.71
168.73
171.02
173.31
175.59
177.88
180.16
182.44
184.72
187.01
189.3
191.59
193.88
196.16
198.45
200.74
203.03
205.31
