0.16
2.09
4.01
5.915
7.82
9.725
11.625
13.53
15.435
17.34
19.25
21.155
23.06
24.965
26.87
28.775
30.68
32.585
34.49
36.395
38.3
40.205
42.11
44.015
45.915
47.815
49.715
51.62
53.535
55.44
57.335
59.245
61.155
63.06
64.96
66.865
68.77
70.675
72.58
74.485
76.385
78.295
80.2
82.105
84.015
85.92
87.82
89.725
91.63
93.54
95.445
97.35
99.255
101.16
103.06
104.97
106.86
108.77
110.67
112.58
114.48
116.39
118.28
120.19
122.11
124.03
125.92
127.82
129.72
131.63
133.54
135.44
137.34
139.25
141.17
143.07
144.98
146.87
148.76
150.67
152.59
154.48
156.38
158.28
160.2
162.1
164
165.91
167.82
169.72
171.62
173.53
175.44
177.34
179.25
181.15
183.05
184.96
186.86
188.77
190.68
192.58
