0.09
1.93
3.78
5.625
7.47
9.315
11.16
13.01
14.86
16.71
18.555
20.39
22.24
24.09
25.935
27.78
29.625
31.475
33.32
35.17
37.015
38.86
40.705
42.55
44.395
46.24
48.09
49.94
51.78
53.625
55.47
57.32
59.175
61.02
62.865
64.71
66.555
68.395
70.24
72.09
73.935
75.78
77.625
79.475
81.32
83.165
85.01
86.855
88.71
90.56
92.4
94.24
96.095
97.945
99.79
101.63
103.47
105.32
107.17
109.02
110.86
112.71
114.56
116.4
118.25
120.09
121.94
123.78
125.63
127.48
129.32
131.16
133.01
134.87
136.71
138.56
140.4
142.25
144.09
145.94
147.78
149.62
151.47
153.32
155.17
157.01
158.86
160.7
162.56
164.41
166.25
168.09
169.94
171.78
173.63
175.47
177.32
179.17
181.01
182.87
184.71
186.56
188.4
190.24
192.09
193.93
195.78
197.63
199.48
201.32
203.16
205.01
206.87
208.72
210.56
212.41
214.25
216.09
217.94
219.79
221.63
223.47
225.32
227.16
229.01
230.86
232.71
234.55
236.39
238.22
240.09
242.01
