0.52
1.905
3.29
4.67
6.045
7.425
8.805
10.185
11.565
12.94
14.32
15.695
17.08
18.46
19.84
21.215
22.59
23.965
25.345
26.725
28.1
29.475
30.865
32.25
33.63
35.01
36.39
37.775
39.16
40.535
41.905
43.3
44.715
46.14
47.56
48.8
50.2
51.58
52.95
54.33
55.715
57.115
58.535
61.215
62.6
63.975
65.35
66.73
68.11
69.49
70.875
72.26
73.64
75.015
76.395
77.78
79.16
80.535
81.91
83.285
84.67
86.05
87.425
88.805
90.18
91.56
92.94
94.32
95.7
97.08
98.455
99.83
101.21
102.59
103.97
105.36
106.75
108.12
109.5
110.89
112.26
113.64
115.02
116.39
117.77
119.15
120.53
121.92
123.3
124.67
126.05
127.42
128.81
130.19
131.57
132.95
134.33
135.71
137.09
138.47
139.85
141.23
142.6
143.98
145.36
146.74
148.12
149.5
150.88
152.26
153.63
155.01
156.38
157.76
159.15
160.53
161.91
163.28
164.66
166.06
167.44
168.82
170.21
171.59
172.97
174.34
175.72
177.09
178.47
179.84
181.22
182.59
183.98
185.36
186.75
188.13
189.51
190.88
192.26
193.65
195.03
196.41
197.78
199.16
200.54
201.91
203.28
204.66
206.05
207.44
208.81
210.2
211.57
212.95
214.32
215.72
217.1
218.47
219.84
221.25
222.7
224.13
225.56
226.94
228.24
229.51
