0.11
1.825
3.525
5.21
6.885
8.545
10.205
11.855
13.515
15.18
16.835
18.485
20.14
21.795
23.455
25.11
26.765
28.42
30.075
31.735
33.385
35.04
36.695
38.35
40
41.65
43.305
44.965
46.62
48.275
49.93
51.59
53.24
54.895
56.55
58.21
59.865
61.52
63.175
64.825
66.48
68.135
69.79
71.445
73.1
74.755
76.415
78.07
79.725
81.38
83.035
84.69
86.345
88
89.655
91.305
92.96
94.615
96.27
97.93
99.585
101.24
102.89
104.55
106.21
107.86
109.52
111.17
112.83
114.48
116.14
117.8
119.45
121.09
122.73
124.39
126.06
127.72
129.37
131.01
132.66
134.32
135.99
137.65
139.31
140.97
142.62
144.28
145.94
147.59
149.24
150.89
152.54
154.21
155.87
157.51
159.17
160.83
162.49
164.14
165.79
167.45
169.1
170.76
172.41
174.07
175.73
177.38
179.03
180.69
182.34
184
185.65
187.31
188.97
190.62
192.28
193.93
195.59
197.25
198.9
200.56
202.21
203.87
