2.075
4.31
6.56
8.785
10.995
13.22
15.445
17.655
19.875
22.1
24.32
26.545
28.765
30.99
33.215
35.455
37.68
39.885
42.105
44.33
46.56
48.79
51
53.22
55.44
57.66
59.885
62.105
64.33
66.56
68.785
71.005
73.225
75.44
77.66
79.885
82.11
84.33
86.55
88.765
90.99
93.21
95.435
97.66
99.89
102.11
104.33
106.55
108.78
111
113.22
115.44
117.67
119.89
122.11
124.33
126.56
128.78
131.01
133.22
135.44
137.66
139.88
142.1
144.32
146.53
148.76
150.99
153.21
155.46
157.72
159.91
162.09
164.31
166.56
168.79
171
173.22
175.44
177.66
179.89
182.12
184.34
186.56
188.77
190.99
193.22
195.44
197.66
199.88
202.1
204.32
206.54
208.78
211
213.22
215.44
217.66
219.89
222.12
224.33
