1.355
2.955
4.555
6.155
7.755
9.355
10.945
12.545
14.155
15.765
17.36
18.96
20.565
22.17
23.765
25.36
26.96
28.56
30.16
31.755
33.355
34.96
36.56
38.155
39.75
41.35
42.95
44.555
46.155
47.755
49.355
50.955
52.555
54.16
55.76
57.355
58.95
60.555
62.16
63.76
65.36
66.96
68.56
70.16
71.765
73.36
74.955
76.555
78.16
79.76
81.36
82.96
84.56
86.165
87.765
89.355
90.95
92.55
94.155
95.755
97.355
98.955
100.56
102.16
103.76
105.36
106.96
108.56
110.16
111.75
113.36
114.96
116.56
118.15
119.75
121.36
122.95
126.16
128.16
129.76
131.36
132.96
134.56
136.16
137.76
139.37
140.97
142.56
144.16
145.77
147.37
148.95
150.53
152.14
153.75
155.36
156.97
158.56
160.16
161.75
163.35
164.56
166.16
167.75
169.35
170.96
172.56
174.16
175.76
177.36
178.96
180.56
182.16
183.76
185.36
186.96
188.56
190.16
191.77
193.37
194.96
196.56
198.16
199.76
201.4
