0.4
3.255
6.07
8.84
11.615
14.39
17.16
19.935
22.71
25.47
28.225
31.005
33.795
36.555
39.335
42.1
44.855
47.66
50.45
53.22
55.995
58.78
61.55
64.325
67.11
69.88
72.65
75.42
78.205
80.97
83.745
86.52
89.295
92.07
94.845
97.615
100.39
103.17
105.94
108.72
111.5
114.28
117.03
119.8
122.58
125.36
128.12
130.9
133.68
136.46
139.24
142
144.78
147.56
150.34
153.11
155.9
158.66
161.44
164.21
166.99
169.75
172.53
175.31
178.09
180.86
183.63
186.41
189.18
191.96
194.73
197.51
200.28
203.06
205.84
208.6
211.38
214.16
216.93
219.71
222.49
225.25
