0.11
1.98
3.82
5.65
7.485
9.315
11.145
12.98
14.805
16.61
18.43
20.265
22.095
23.925
25.755
27.59
29.415
31.25
33.085
34.915
36.745
38.57
40.4
42.235
44.08
45.91
47.755
49.615
51.455
53.285
55.12
56.945
58.775
60.605
62.44
64.275
66.1
67.92
69.755
71.605
73.445
75.265
77.09
78.925
80.755
82.585
84.415
86.245
88.075
89.925
91.755
93.56
95.38
97.21
99.04
100.87
102.7
104.53
106.36
108.2
110.03
111.86
113.7
115.53
117.36
119.19
121.03
122.86
124.69
126.53
128.36
130.2
132.04
133.87
135.69
137.51
139.38
141.22
143.06
144.89
146.72
148.56
150.4
152.23
154.06
155.88
157.72
159.54
161.37
163.17
164.98
166.81
168.63
170.45
172.27
174.09
175.91
177.72
179.53
181.34
183.16
184.98
186.8
188.62
190.44
192.25
194.06
195.88
197.7
199.52
201.34
203.16
204.97
