0.265
1.815
3.355
4.89
6.43
7.97
9.505
11.045
12.58
14.125
15.665
17.195
18.725
20.27
21.815
23.35
24.885
26.425
27.965
29.505
31.045
32.59
34.125
35.655
37.185
38.73
40.265
41.8
43.345
44.89
46.43
47.965
49.5
51.045
52.58
54.12
55.66
57.205
58.74
60.275
61.81
63.355
64.895
66.43
67.965
69.5
71.035
72.575
74.115
75.655
77.195
78.735
80.27
81.81
83.355
84.895
86.43
87.97
89.51
91.04
92.575
94.115
95.66
97.205
98.74
100.27
101.81
103.34
104.88
106.42
107.96
109.5
111.05
112.58
114.12
115.66
117.2
118.73
120.28
121.81
123.36
124.89
126.44
128.01
129.59
131.2
132.9
134.56
136.21
137.9
139.59
141.26
142.94
144.68
146.44
148.18
149.87
151.54
153.19
155.02
156.56
158.1
159.64
161.18
162.72
164.25
165.79
167.33
168.87
170.4
171.94
173.47
175.01
176.55
178.09
179.62
181.16
182.71
184.25
185.78
187.32
188.86
190.4
191.93
193.47
195.01
196.56
198.09
199.62
201.16
202.71
204.25
205.78
