0.085
1.88
3.66
5.44
7.22
8.985
10.75
12.515
14.275
16.035
17.785
19.53
21.27
23.005
24.73
26.45
28.175
29.9
31.615
33.325
35.04
36.755
38.47
40.185
41.9
43.62
45.335
47.05
48.76
50.475
52.19
53.905
55.62
57.335
59.05
60.765
62.48
64.19
65.905
67.625
69.335
71.04
72.75
74.465
76.18
77.895
79.61
81.325
83.045
84.755
86.465
88.18
89.9
91.615
93.33
95.045
96.76
98.48
100.2
101.91
103.62
105.34
107.06
108.77
110.48
112.2
113.92
115.63
117.34
119.06
120.78
122.49
124.2
125.92
127.63
129.34
131.06
132.78
134.49
136.2
137.91
139.63
141.35
143.06
144.77
146.48
148.19
149.91
151.63
153.34
155.06
156.77
158.49
160.21
161.93
163.64
165.35
167.06
168.78
170.5
172.21
173.92
175.63
177.35
179.06
180.78
182.5
184.21
185.93
187.64
189.35
191.07
192.78
194.49
196.21
197.93
199.63
201.35
203.06
204.78
206.49
208.21
209.92
211.63
213.34
