0.11
2.36
4.63
6.895
9.16
11.425
13.685
15.95
18.21
20.475
22.74
24.995
27.245
29.505
31.79
34.065
36.315
38.57
40.84
43.12
45.37
47.605
49.895
52.18
54.425
56.66
58.955
61.235
63.505
65.765
68.015
70.285
72.555
74.82
77.07
79.335
81.6
83.845
86.115
88.39
90.645
92.91
95.18
97.44
99.69
101.94
104.22
106.51
108.78
111.05
113.31
115.57
117.84
120.1
122.36
124.62
126.89
129.16
131.41
133.69
135.96
138.22
140.48
142.75
145.01
147.27
149.53
151.8
154.06
156.32
158.57
160.84
163.12
165.37
167.63
169.91
172.18
174.44
176.69
178.97
181.24
183.49
185.75
188.03
190.29
192.55
194.82
197.09
