0.135
2.42
4.715
7.01
9.29
11.6
13.91
16.22
18.525
20.835
23.135
25.435
27.75
30.065
32.38
34.69
36.995
39.305
41.605
43.91
46.215
48.525
50.835
53.145
55.455
57.755
60.07
62.385
64.69
66.975
69.28
71.6
73.915
76.23
78.53
80.84
83.15
85.45
87.755
90.07
92.37
94.685
96.995
99.305
101.62
103.93
106.25
108.56
110.86
113.16
115.45
117.77
120.06
122.34
124.67
126.98
129.3
131.62
133.91
136.22
138.53
140.83
143.14
145.44
147.76
150.07
152.38
154.69
156.99
159.29
161.6
163.91
166.22
168.53
170.84
173.15
175.45
177.75
180.09
