0.11
1.985
3.86
5.73
7.605
9.48
11.355
13.23
15.11
16.985
18.86
20.735
22.61
24.485
26.36
28.24
30.115
31.99
33.865
35.74
37.615
39.49
41.365
43.24
45.12
46.995
48.875
50.75
52.625
54.5
56.375
58.25
60.12
61.995
63.87
65.745
67.615
69.49
71.37
73.245
75.12
76.99
78.87
80.74
82.615
84.49
86.37
88.245
90.115
91.995
93.875
95.75
97.62
99.5
101.38
103.26
105.13
107
108.88
110.75
112.62
114.5
116.38
118.25
120.12
122
123.88
125.75
127.63
129.5
131.38
133.25
135.13
137
138.88
140.75
142.63
144.5
146.38
148.25
150.13
152
153.88
155.75
157.63
159.5
161.38
163.26
165.13
167
168.88
170.75
172.62
174.5
176.38
178.25
180.12
182
183.88
185.75
187.63
189.51
191.38
193.26
195.13
197
198.88
200.75
202.62
204.5
206.38
208.25
210.12
212
213.88
215.75
217.63
219.5
221.38
223.25
225.12
227
228.87
230.75
232.62
234.5
236.37
238.25
240.14
242.03
243.9
245.78
247.65
249.53
251.4
253.27
255.14
257
258.88
260.76
262.64
264.51
266.38
268.26
270.13
272.01
273.89
275.77
277.64
279.51
281.39
283.27
285.14
287.01
288.89
290.77
292.64
294.51
296.38
298.26
300.14
302.01
303.89
305.75
307.63
309.5
311.38
313.25
315.13
317
318.88
320.75
322.63
324.5
326.38
328.25
330.13
332
333.87
335.74
337.63
339.5
341.37
343.24
345.13
347.01
348.89
350.75
352.62
354.5
356.37
358.25
360.12
362
363.87
365.75
367.62
369.5
371.37
373.25
375.12
377
378.87
380.74
382.62
384.5
386.38
388.25
390.12
392
393.87
395.74
397.62
399.5
401.37
403.25
405.12
407
408.87
410.74
412.62
414.5
416.37
418.25
420.12
422
423.87
425.28
427.15
429.03
430.9
