0.59
3.12
5.645
8.165
10.18
12.195
14.215
16.23
18.245
20.26
22.275
24.29
26.31
28.325
30.34
32.355
34.37
36.39
38.405
40.425
42.44
44.455
46.475
48.49
50.505
52.525
54.535
56.55
58.565
60.585
62.6
64.62
66.635
68.65
70.665
72.685
74.7
76.715
78.73
80.76
82.78
84.79
86.805
88.825
90.84
92.86
94.885
96.895
98.91
100.92
102.94
104.96
106.97
109
111
113.02
115.03
117.06
119.07
121.08
123.11
125.12
127.14
129.16
131.17
133.19
135.21
137.22
139.25
141.26
143.28
145.29
147.3
149.32
151.34
153.36
155.38
157.39
159.41
161.43
163.44
165.47
167.48
169.5
171.51
173.53
175.54
177.56
179.57
181.59
183.61
185.62
187.65
189.66
191.68
193.69
195.71
197.72
199.75
201.76
203.78
205.79
207.81
209.82
211.84
213.85
215.87
217.89
219.91
221.92
223.94
225.96
227.97
