0.15
1.88
3.6
5.335
7.08
8.825
10.57
12.315
14.055
15.795
17.55
19.31
21.06
22.8
24.54
26.285
28.025
29.76
31.505
33.25
34.99
36.735
38.48
40.225
41.97
43.705
45.445
47.185
48.935
50.69
52.435
54.175
55.915
57.655
59.4
61.15
62.89
64.635
66.38
68.12
69.86
71.605
73.35
75.1
76.845
78.59
80.335
82.08
83.82
85.56
87.305
89.055
90.8
92.545
94.29
96.035
97.775
99.515
101.26
103.01
104.75
106.48
108.23
109.98
111.73
113.47
115.22
116.97
118.71
120.45
122.2
123.94
125.67
127.42
129.16
130.91
132.66
134.41
136.16
137.89
139.63
141.37
143.12
144.87
146.62
148.36
150.1
151.84
153.59
155.33
157.07
158.82
160.57
162.31
164.06
165.79
167.54
169.28
171.03
172.78
174.53
176.27
178.02
179.76
181.5
183.24
184.99
186.73
188.47
190.22
191.97
193.72
195.46
197.19
198.93
200.68
202.42
204.16
205.91
207.66
209.4
211.15
212.89
214.63
216.37
218.11
219.85
221.6
223.34
225.09
226.84
228.59
230.33
232.07
233.81
235.56
237.31
239.05
240.79
242.54
244.29
246.03
247.78
249.53
251.28
