0.555
2.48
4.4
6.32
8.24
10.16
12.08
14
15.92
17.84
19.76
21.68
23.6
26.96
28.88
30.8
32.72
34.64
36.56
38.48
40.4
42.32
44.24
46.16
48.08
50
51.92
53.84
55.76
57.68
59.6
61.52
62.24
64.155
66.075
68
69.92
71.84
73.76
75.68
77.6
79.52
81.445
83.365
85.285
87.205
89.125
91.045
92.965
94.885
96.805
98.725
100.64
102.56
104.48
106.41
107.6
109.52
111.44
113.36
115.29
117.21
119.13
121.05
122.97
124.89
126.81
128.72
130.63
132.55
134.47
136.4
138.31
140.23
142.16
144.07
146
146.72
148.65
150.56
152.47
154.4
156.32
158.25
160.16
162.09
164
165.93
167.84
169.76
171.69
173.6
175.53
177.44
179.37
181.28
183.21
184.41
186.32
188.25
190.16
192.09
194
195.92
197.84
199.75
201.68
203.59
205.51
207.44
209.35
211.28
213.19
215.12
217.04
218.96
220.87
222.79
224.71
226.63
228.55
230.47
231.2
233.12
235.04
236.97
238.88
240.8
242.72
244.63
246.56
248.48
250.4
252.32
254.25
256.16
258.08
260
261.92
263.84
265.76
267.68
269.6
271.52
273.44
275.36
277.28
279.2
281.12
283.04
284.96
286.88
288.8
290.72
292.64
294.56
296.48
298.4
300.32
302.24
304.16
306.08
308
309.92
311.84
313.76
315.68
317.6
319.52
321.44
323.37
325.28
327.2
329.12
331.04
332.96
334.88
336.8
338.72
340.64
342.56
344.47
346.63
348.55
350.48
352.4
354.32
356.24
358.16
360.08
362
363.92
365.84
367.76
369.68
371.6
373.52
375.44
377.35
379.27
381.19
383.11
385.03
386.95
388.88
390.8
392.72
394.63
396.55
398.47
400.39
402.31
404.24
