1.67
3.545
5.42
7.275
9.125
10.98
12.845
14.705
16.555
18.43
20.305
22.155
24
25.86
27.725
29.585
31.435
33.28
35.14
37.01
38.87
40.735
42.605
44.465
46.29
48.11
49.96
51.825
53.685
55.545
57.405
59.26
61.13
62.995
64.86
66.71
68.565
70.425
72.28
74.16
76.09
77.98
79.84
81.705
83.54
85.39
87.27
89.135
90.98
92.825
94.655
96.48
98.33
100.19
102.06
103.92
105.79
107.66
109.52
111.39
113.25
115.1
116.95
118.81
120.66
122.53
124.42
126.32
128.19
130.04
131.91
133.77
135.63
137.49
139.34
141.21
143.09
144.94
146.8
148.66
150.52
152.38
154.2
156.02
157.88
159.74
161.59
163.46
165.31
167.18
169.05
170.92
172.78
174.62
176.48
178.34
180.21
182.06
183.93
185.79
187.66
189.53
191.4
193.25
195.12
