0.43
1.82
3.195
4.575
5.955
7.335
8.715
10.1
12.515
13.895
15.275
16.655
18.04
19.42
20.795
22.17
23.55
24.925
26.305
27.685
29.065
30.45
31.83
33.205
34.585
35.96
37.34
38.72
40.1
41.48
42.86
44.24
45.62
46.995
48.375
49.755
51.135
52.515
53.895
55.275
56.655
58.035
59.41
60.79
62.17
63.55
64.925
66.305
67.685
69.065
70.445
71.825
73.205
74.585
75.965
77.34
78.72
80.1
81.48
82.86
84.24
85.62
87
88.38
89.76
91.135
92.51
93.89
95.275
96.665
98.045
99.42
100.8
102.17
103.55
104.93
106.31
107.69
109.07
110.45
111.83
113.2
114.58
115.97
117.34
118.72
120.1
121.48
122.86
124.23
125.61
127
128.38
129.76
131.13
132.51
133.9
135.27
136.65
138.03
139.41
140.79
142.18
143.56
144.93
146.31
147.69
149.06
150.44
151.82
153.21
154.59
155.97
157.34
158.72
160.1
161.49
162.87
164.24
165.61
166.97
168.34
169.74
171.15
172.53
173.91
175.28
176.66
178.03
179.41
180.79
182.17
183.56
184.94
186.31
187.69
189.06
190.44
191.82
193.21
194.59
195.97
197.34
198.72
200.1
201.47
202.85
204.24
205.62
207
208.38
209.75
211.13
212.51
213.89
215.28
216.66
