0.965
2.25
3.53
4.81
6.1
7.395
8.685
9.975
11.265
12.555
13.845
15.14
16.435
17.72
19.01
20.295
21.59
22.88
24.17
25.46
26.75
28.04
29.335
30.62
31.91
33.2
34.49
35.78
37.07
38.36
39.65
40.94
42.23
43.52
44.81
46.1
47.395
48.685
49.975
51.265
52.555
53.845
55.14
56.43
57.725
59.015
60.3
61.59
62.88
64.17
65.46
66.75
68.04
69.33
70.62
71.91
73.2
74.495
75.785
77.075
78.365
79.655
80.945
82.235
83.525
84.815
86.105
87.395
88.685
89.975
91.265
92.56
93.85
95.145
96.43
97.725
99.015
100.31
101.59
102.88
104.17
105.47
106.75
108.05
109.33
110.62
111.91
113.2
114.5
115.78
117.08
118.36
119.66
120.94
122.23
123.52
124.81
126.11
127.39
128.69
129.97
131.26
132.56
133.84
135.13
136.43
137.72
139.01
140.3
141.59
142.88
144.17
145.47
146.76
148.06
149.35
150.65
151.93
153.21
154.49
155.78
157.07
158.37
159.66
160.94
162.24
163.53
164.81
166.1
167.4
168.69
169.98
171.26
172.56
173.84
175.14
176.43
177.72
179.01
180.3
181.59
182.88
184.17
185.46
186.75
188.04
189.33
190.62
191.91
193.21
194.5
195.78
197.07
198.37
199.65
200.94
202.23
203.52
204.81
206.1
207.4
208.69
209.97
211.26
212.56
