1.39
3.44
5.495
7.545
9.595
11.65
13.705
15.755
17.81
19.86
21.91
23.965
26.015
28.065
30.12
32.17
34.22
36.27
38.32
40.375
42.425
44.475
46.52
49.085
51.14
53.195
55.245
57.295
59.345
61.4
63.45
65.5
67.555
69.605
71.655
73.705
75.76
77.81
79.87
81.915
83.955
86.005
88.06
90.115
92.16
94.215
96.265
98.32
100.37
102.42
104.47
106.53
108.58
110.62
112.67
114.72
116.78
118.83
120.88
122.94
124.98
127.03
129.09
131.14
133.19
135.25
137.29
139.34
141.4
143.45
145.5
147.54
149.59
151.64
153.69
155.75
157.8
159.85
161.91
163.96
166
168.06
170.1
172.15
174.21
176.26
178.31
180.37
182.41
184.47
186.52
188.57
190.62
192.68
194.72
196.78
198.83
200.88
202.93
204.97
207.03
209.07
211.13
213.19
215.24
217.29
219.34
221.39
223.44
225.49
227.54
229.59
231.65
233.69
