0.105
2.025
3.965
5.915
7.855
9.79
11.73
13.665
15.6
17.54
19.475
21.41
23.35
25.285
27.225
29.16
31.1
33.035
34.97
36.91
38.845
40.78
42.715
44.65
46.59
48.525
50.46
52.39
54.32
56.255
58.19
60.125
62.06
63.995
65.93
67.865
69.795
71.73
73.665
75.605
77.54
79.47
81.405
83.34
85.275
87.21
89.15
91.075
93.005
94.94
96.875
98.81
100.75
102.67
104.61
106.53
108.47
110.41
112.34
114.28
116.21
118.14
120.06
121.99
123.92
125.86
127.78
129.72
131.65
133.59
135.53
137.46
139.39
141.32
143.25
145.18
147.11
149.04
150.97
152.91
154.83
156.75
158.68
160.62
162.54
164.47
166.41
168.34
170.26
172.19
174.12
176.06
177.99
179.91
181.84
183.78
185.7
187.62
189.55
191.5
193.41
195.32
197.26
199.21
201.13
203.06
204.99
206.91
208.84
210.78
212.7
214.63
216.56
218.49
220.41
222.34
224.26
226.19
228.12
230.04
231.97
233.9
235.82
237.76
239.69
241.62
243.54
