2.31
4.62
6.93
9.245
11.555
13.82
16.165
18.535
20.83
23.155
25.595
27.975
30.35
32.665
34.93
37.235
39.525
41.825
44.165
46.455
48.745
51.075
53.405
55.69
57.985
60.325
62.6
64.87
67.185
69.495
71.82
74.135
76.425
78.735
81.025
83.325
85.65
87.965
90.27
92.575
94.89
97.21
99.525
101.83
104.12
106.43
108.74
111.03
113.34
115.66
117.97
120.28
122.59
124.89
127.2
129.51
131.81
134.11
136.42
138.74
141.03
143.34
145.65
147.97
150.28
152.56
154.88
157.21
159.49
161.82
164.13
166.44
168.77
171.06
173.35
175.69
178
180.28
182.59
184.9
187.21
189.51
191.81
194.12
196.43
198.73
201.04
203.35
205.69
208
210.29
212.59
