0.72
2.17
3.62
5.065
6.51
7.955
9.4
10.845
12.3
13.75
15.195
16.635
18.08
19.525
20.975
22.42
23.865
25.31
26.76
28.205
29.65
31.095
32.54
33.985
35.435
36.88
38.32
39.765
41.57
43.38
44.825
46.27
47.72
49.165
50.615
52.06
53.505
54.95
56.395
57.84
59.29
60.74
62.185
63.63
65.075
66.515
67.96
70.13
71.58
73.025
74.47
75.915
77.36
78.805
80.25
81.7
83.145
84.59
86.035
87.48
88.925
90.37
91.82
93.265
94.71
96.155
97.595
99.04
100.49
101.94
103.39
104.83
106.28
107.72
109.17
110.61
112.06
113.5
114.95
116.39
117.83
119.28
120.72
122.17
123.62
125.06
126.5
127.94
129.39
130.84
132.29
133.74
135.19
136.64
138.09
139.53
140.97
142.41
143.87
145.31
146.76
148.21
149.66
151.1
152.54
153.99
155.44
156.88
158.33
159.77
161.21
162.66
164.1
165.55
167
168.45
169.89
171.33
