0.13
2.045
3.945
5.835
7.73
9.615
11.51
13.41
15.305
17.19
19.075
20.97
22.865
24.75
26.645
28.54
30.425
32.285
34.16
36.065
37.96
39.835
41.725
43.645
45.555
47.435
49.325
51.24
53.155
55.035
56.915
58.815
60.72
62.615
64.51
66.39
68.275
70.175
72.06
73.885
75.785
77.71
79.61
81.505
83.4
85.285
87.175
89.065
90.96
92.85
94.745
96.635
98.53
100.42
102.31
104.2
106.1
107.99
109.89
111.78
113.67
115.56
117.45
119.34
121.23
123.13
125.03
126.92
128.8
130.69
132.57
134.47
136.36
138.25
140.15
142.03
143.91
145.81
147.71
149.6
151.81
153.7
155.59
157.49
159.38
161.26
164.73
166.62
168.5
170.38
172.28
174.18
176.06
177.94
179.84
181.74
183.63
185.53
187.42
189.31
191.21
193.09
194.98
196.88
198.77
200.66
202.54
204.44
206.33
208.24
210.13
212.02
213.91
215.79
217.69
219.58
221.47
223.36
225.25
227.13
229.03
230.93
