1.535
3.48
5.425
7.375
9.34
11.32
13.27
15.21
17.16
19.115
21.065
23.015
24.965
26.925
28.885
30.84
32.79
34.74
36.675
38.625
40.585
42.54
44.48
46.43
48.375
50.325
52.285
54.235
56.19
58.145
60.095
62.035
63.99
65.94
67.89
69.84
71.795
73.76
75.71
77.665
79.625
81.57
83.515
85.46
87.415
89.365
91.32
93.27
95.235
97.185
99.135
101.08
103.02
104.97
106.92
108.87
110.81
112.76
114.72
116.67
118.62
120.58
122.54
124.48
126.43
128.38
130.33
132.27
134.23
136.19
138.15
140.09
142.04
144
145.95
147.9
149.84
151.79
153.75
155.71
157.65
159.59
161.54
163.5
165.46
167.41
169.36
171.32
173.28
175.22
177.16
179.11
181.07
183.03
184.97
186.93
188.88
190.84
192.84
194.79
196.69
198.6
200.59
202.56
204.49
206.42
