0.375
2.05
3.715
5.375
7.04
8.71
10.375
12.045
13.715
15.385
17.05
18.715
20.38
22.045
23.71
25.38
27.055
28.72
30.385
32.045
33.715
35.38
37.05
38.715
40.385
42.055
43.72
45.385
47.05
48.72
50.385
52.045
53.715
55.385
57.055
58.72
60.385
62.05
63.72
65.385
67.055
68.725
70.395
72.06
73.72
75.385
77.05
78.72
80.395
82.055
83.715
85.38
87.045
88.715
90.39
92.055
93.725
95.395
97.06
98.72
100.39
102.06
103.72
105.39
107.06
108.72
110.39
112.06
113.72
115.39
117.06
118.73
120.39
122.06
123.72
125.38
127.05
128.72
130.38
132.05
133.72
135.38
137.04
138.71
140.38
142.07
143.75
145.41
147.07
148.73
150.38
152.04
153.71
155.38
157.06
158.72
160.38
162.04
163.72
165.38
167.05
168.72
170.4
172.06
173.73
175.4
177.06
178.72
180.38
182.05
183.71
185.36
187.01
188.68
190.34
192.01
193.75
195.33
196.85
