1.825
3.855
5.93
8.04
10.145
12.245
14.34
16.43
18.525
20.615
22.7
24.78
26.865
28.965
31.06
33.15
35.235
37.33
39.425
41.52
43.615
45.7
47.785
49.88
51.975
54.07
56.16
58.25
60.34
62.44
64.535
66.625
68.71
70.805
72.905
74.995
77.085
79.18
81.275
83.365
85.45
87.545
89.635
91.73
93.825
95.915
98
100.09
102.19
104.28
106.38
108.47
110.56
112.65
114.75
116.84
118.92
121.02
123.11
125.2
127.81
129.91
132.01
134.09
136.16
138.25
140.35
142.46
144.54
146.65
148.75
150.82
152.91
155
156.57
158.67
160.76
162.85
164.96
167.04
169.12
171.22
173.32
175.42
177.51
179.6
181.69
183.78
185.88
187.96
