0.345
1.975
3.585
5.185
6.775
8.37
9.975
11.575
13.17
14.77
16.375
17.975
19.575
21.175
22.775
24.375
25.98
27.585
29.18
30.775
32.375
33.975
35.585
37.195
38.795
40.39
41.985
43.59
45.185
46.78
48.38
49.98
51.58
53.175
54.775
56.375
57.98
59.58
61.18
62.785
64.385
65.985
67.58
69.18
70.78
72.38
73.98
75.58
77.18
78.775
80.38
81.99
83.585
85.175
86.77
88.375
89.98
91.58
93.18
94.785
96.38
97.98
99.575
101.17
102.77
104.38
105.98
107.58
109.18
110.78
112.39
113.99
115.59
117.19
118.78
120.39
121.99
123.58
125.17
126.78
128.38
129.99
131.59
133.19
134.79
136.38
137.98
139.57
141.17
142.78
144.38
145.97
147.58
149.18
150.78
152.38
153.98
155.57
157.19
158.79
160.39
162
163.59
165.18
166.78
168.38
169.98
171.58
173.18
174.78
176.39
177.99
179.59
181.18
182.74
184.34
185.97
187.59
189.19
190.78
192.38
192.59
194.19
195.78
197.38
198.99
200.59
202.19
203.78
205.39
207
208.59
210.18
211.78
213.38
214.97
216.58
218.19
219.79
221.38
222.93
224.39
225.84
227.3
228.71
230.09
231.46
