0.275
2.34
4.355
6.34
8.33
10.31
12.3
14.31
16.315
18.305
20.305
22.305
24.305
26.31
28.3
30.295
32.3
34.3
36.3
38.3
40.295
42.295
44.295
46.3
48.3
50.305
52.3
54.3
56.3
58.3
60.3
62.3
64.295
66.29
68.29
70.29
72.295
74.295
76.29
78.29
80.295
82.295
84.295
86.295
88.295
90.3
92.31
94.31
96.305
98.3
100.3
102.3
104.3
106.3
108.3
110.3
112.3
114.31
116.31
118.31
120.3
122.3
124.3
126.3
128.31
130.33
132.34
134.34
136.34
138.32
140.32
142.31
144.29
146.28
148.28
150.28
152.28
154.28
156.29
158.28
160.29
162.3
164.29
166.3
168.31
170.3
172.3
174.3
176.3
178.3
180.3
182.31
184.31
186.31
188.31
190.3
