0.095
1.98
3.87
5.76
7.65
9.54
11.43
13.32
15.21
17.1
18.985
20.875
22.765
24.655
26.545
28.435
30.325
32.215
34.105
35.995
37.885
39.775
41.665
43.555
45.445
47.335
49.225
51.115
53.005
54.895
56.785
58.68
60.565
62.445
64.33
66.22
68.11
70
71.89
73.785
75.68
77.57
79.46
81.35
83.24
85.13
87.02
88.91
90.8
92.69
94.575
96.465
98.36
100.25
102.14
104.03
105.92
107.81
109.7
111.59
113.48
115.36
117.26
119.17
121.08
122.98
124.86
126.75
128.63
130.52
132.4
134.28
136.16
138.04
139.93
141.82
143.71
145.6
147.49
149.38
151.27
153.15
155.04
156.93
158.82
160.72
162.61
164.5
166.38
168.26
170.16
172.05
173.94
175.84
177.73
179.62
181.51
183.41
185.3
187.19
189.07
190.97
192.85
194.75
196.65
198.53
200.41
202.31
204.19
206.07
207.97
209.87
211.76
213.64
215.52
217.41
219.3
221.19
223.08
224.97
226.86
228.75
230.64
232.53
234.42
236.31
238.2
240.09
241.98
243.87
245.75
247.65
249.53
251.9
253.79
255.68
257.64
259.72
261.87
264.03
266.2
268.37
270.32
272.2
274.09
275.99
277.88
279.77
281.66
283.56
285.45
287.34
289.22
291.11
293
294.89
296.78
298.67
300.56
302.45
304.34
306.23
308.12
310.01
311.9
313.79
315.68
317.57
319.45
321.34
323.23
325.12
327.02
328.91
330.79
332.68
334.57
336.46
338.35
340.24
342.13
344.03
345.91
347.8
349.69
351.58
353.47
355.36
357.25
359.14
361.03
362.92
364.81
366.7
368.59
370.48
372.37
374.26
376.15
378.04
379.93
381.81
383.69
385.56
387.43
389.29
391.14
392.99
394.83
396.67
398.5
400.33
