1.11
3.655
6.215
8.77
11.32
13.875
16.425
18.99
21.545
24.09
26.65
29.21
31.755
34.295
36.85
39.41
41.975
44.52
47.075
49.63
52.185
54.735
57.29
59.845
62.4
64.94
67.485
70.045
72.605
75.155
77.705
80.265
82.825
85.37
87.925
90.48
93.035
95.58
98.135
100.7
103.25
105.8
108.36
110.91
113.46
116
118.56
121.13
123.69
126.22
128.78
131.34
133.89
136.44
139
141.54
144.09
146.65
149.2
151.75
154.31
156.86
159.41
161.97
164.53
167.07
169.63
172.19
174.74
177.29
179.84
182.39
184.94
187.5
190.04
192.6
195.15
197.71
200.27
202.81
205.37
207.92
210.47
