0.94
2.645
4.365
6.095
7.81
9.095
10.805
12.52
14.235
15.95
17.665
19.375
21.52
23.24
24.955
26.665
28.38
30.1
31.815
33.525
35.235
36.95
38.665
40.38
42.095
43.81
45.525
47.24
48.955
50.67
52.385
54.1
55.815
57.53
59.24
60.95
62.67
64.39
66.105
67.82
69.53
71.24
72.955
74.67
76.385
78.1
79.82
81.535
83.25
84.96
86.675
88.385
90.1
91.815
93.525
95.24
96.955
98.67
100.38
102.08
103.81
105.53
107.24
108.95
110.67
112.39
114.11
115.82
117.53
119.25
120.97
122.68
124.39
126.11
129.11
130.82
132.53
134.25
135.97
137.68
139.4
141.1
142.81
144.53
146.25
147.97
149.68
151.4
153.1
154.81
156.53
158.25
159.96
161.68
163.39
165.1
166.82
168.53
170.25
171.96
173.68
175.39
177.1
178.81
180.53
182.25
183.96
185.68
187.38
189.1
190.81
