0.105
1.58
3.06
4.54
6.025
7.51
8.995
10.48
11.96
13.445
14.92
16.405
17.9
19.39
20.865
22.335
23.805
25.275
26.755
28.24
29.725
31.205
32.685
34.165
35.65
37.13
38.615
40.095
41.58
43.06
44.54
46.025
47.505
48.985
50.47
51.95
53.43
54.91
56.39
57.875
59.36
60.84
62.32
63.8
65.285
66.765
68.245
69.73
71.215
72.7
74.175
75.655
77.15
78.645
80.12
81.58
83.055
84.54
86.025
87.505
88.985
90.465
91.945
93.425
94.91
96.39
97.87
99.355
100.83
102.31
103.8
105.28
106.77
108.25
109.72
111.21
112.69
114.17
115.66
117.14
118.61
120.09
121.58
123.06
124.55
126.02
127.5
128.99
130.48
131.96
133.44
134.92
136.4
137.88
139.35
140.84
142.32
143.8
145.28
146.76
148.24
149.72
151.21
152.69
154.17
155.66
157.14
158.62
160.1
161.57
163.06
164.53
166.01
167.5
168.99
170.49
171.97
173.44
174.91
176.39
177.87
179.35
180.84
182.33
183.81
185.29
186.76
188.25
189.73
191.21
192.69
194.17
195.65
197.13
198.61
200.09
201.58
203.06
204.54
206.03
207.5
208.99
210.47
211.95
213.43
214.91
216.39
217.88
219.36
220.84
222.32
223.81
225.28
226.77
228.25
229.72
231.21
232.69
234.18
235.66
237.13
238.59
240.06
241.54
243.01
