0.135
1.85
3.56
5.27
6.985
8.7
10.42
12.135
13.85
15.56
17.275
18.985
20.7
22.415
24.135
25.85
27.56
29.275
30.99
32.705
34.42
36.14
37.855
39.57
41.285
42.995
44.71
46.42
48.135
49.845
51.565
53.285
55
56.71
58.415
60.13
61.845
63.56
65.275
66.99
68.705
70.42
72.135
73.85
75.565
77.275
78.99
80.705
82.425
84.135
85.85
87.565
89.28
90.995
92.71
94.43
96.14
97.855
99.57
101.28
103
104.71
106.42
108.14
109.85
111.57
113.28
115
116.71
118.42
120.14
121.85
123.56
125.28
127
128.71
130.43
132.13
133.85
135.56
137.28
139
140.71
142.43
144.15
145.86
147.57
149.28
151
152.72
154.43
156.14
157.85
159.57
161.28
163
164.71
166.43
168.14
169.85
171.57
173.28
175
176.72
178.43
180.15
181.85
183.56
185.28
187
188.71
190.42
192.13
193.85
195.56
197.28
198.99
200.71
