0.085
1.96
3.82
5.68
7.54
9.405
11.265
13.125
14.985
16.845
18.71
20.57
22.43
24.29
26.15
28.015
29.875
31.735
33.595
35.46
37.325
39.18
41.04
42.9
44.76
46.62
48.48
50.34
52.205
54.065
55.925
57.78
59.635
61.495
63.345
65.2
67.075
68.95
70.8
72.655
74.52
76.395
78.26
80.12
81.975
83.835
85.695
87.555
89.425
91.29
93.15
95.005
96.865
98.73
100.59
102.45
104.31
106.17
108.03
109.9
111.77
113.62
115.48
117.34
119.2
121.06
122.92
124.79
126.66
128.51
130.38
132.25
134.1
135.97
137.82
139.69
141.56
143.41
145.28
147.15
149.01
150.87
152.72
154.59
156.46
158.32
160.19
162.05
163.91
165.78
167.64
169.5
171.37
173.23
175.09
176.95
178.81
180.68
182.54
184.41
186.26
188.13
190
191.85
193.72
195.59
197.45
199.31
201.18
203.04
204.91
206.76
208.63
210.51
212.38
214.24
216.11
217.97
219.83
221.69
223.56
225.41
227.28
229.15
231.01
232.88
234.74
236.6
238.47
240.34
242.2
244.06
245.93
247.8
249.66
251.52
253.38
255.25
257.12
258.98
260.84
262.71
264.58
266.44
268.31
270.17
272.04
273.9
275.77
277.63
279.5
281.36
283.22
285.09
286.95
288.82
290.68
292.55
294.42
296.28
298.15
300.01
301.87
303.73
