0.11
1.845
3.57
5.295
7.025
8.75
10.48
12.2
13.92
15.64
17.365
19.095
20.82
22.55
24.275
26
27.725
29.455
31.185
32.91
34.635
36.365
38.085
39.815
40.675
41.11
41.54
41.97
42.405
42.835
43.265
43.7
44.13
44.565
44.995
45.43
45.86
46.29
46.725
47.155
47.585
48.02
48.45
48.88
49.31
49.745
50.175
50.605
51.04
51.47
51.905
52.335
52.77
53.2
53.635
54.07
54.5
54.93
55.365
55.795
56.22
56.65
57.08
57.51
57.94
58.375
58.805
59.235
59.67
60.1
60.53
60.965
61.395
61.825
62.255
62.685
63.12
63.55
63.98
64.41
64.845
65.275
65.705
66.14
66.57
67.005
67.435
67.87
68.3
68.735
69.165
69.6
70.03
70.46
70.895
71.325
71.755
72.185
72.62
73.05
73.48
73.915
74.345
74.775
75.21
75.64
76.07
77.795
79.525
81.255
82.98
84.71
86.435
88.16
89.89
91.61
93.34
95.075
96.805
98.525
100.25
101.97
103.7
105.43
107.16
108.89
110.61
112.33
114.06
115.79
117.52
119.24
120.97
122.7
124.43
126.15
127.87
129.59
131.32
133.04
134.77
136.5
138.23
139.96
141.69
143.41
145.13
146.86
148.59
150.32
152.04
153.77
155.5
157.22
158.95
160.68
162.41
164.13
165.87
167.59
169.33
171.06
172.78
174.5
176.23
177.96
179.68
181.4
183.12
184.85
186.57
188.29
190.02
191.75
193.48
195.21
196.94
198.66
200.38
202.11
203.84
205.57
207.31
209.04
210.76
212.48
214.21
215.94
