0.1
2.875
5.645
8.415
11.18
13.945
16.715
18.565
20.41
22.25
24.09
25.935
27.775
29.625
31.485
33.33
35.17
37.01
38.86
40.71
42.555
44.405
46.255
48.095
49.94
51.795
53.65
55.495
57.335
59.175
61.015
62.85
64.705
66.555
68.395
70.24
72.085
73.935
75.785
77.64
79.495
81.34
83.185
85.02
86.87
88.72
90.56
92.4
94.25
96.09
97.93
99.78
101.64
103.48
105.33
107.19
109.03
110.88
112.72
114.56
116.41
118.26
120.11
121.95
123.8
125.64
127.47
129.31
131.18
133.03
134.88
136.72
138.56
140.41
142.25
144.09
145.93
147.78
149.62
151.47
153.31
155.16
157.02
158.87
160.73
162.58
164.42
166.26
168.1
169.95
171.81
173.66
175.51
177.35
179.21
181.04
182.88
184.71
186.55
188.41
190.26
192.11
193.96
195.8
197.65
199.49
201.33
203.17
205
206.83
208.69
210.56
212.41
214.25
216.1
217.95
219.79
