2.63
4.15
5.72
7.31
8.9
10.48
12.03
13.57
15.12
16.7
18.24
19.76
21.32
22.88
24.41
25.95
27.48
29.04
30.57
32.12
33.68
35.22
36.73
38.27
39.79
41.33
42.87
44.41
45.97
47.52
49.45
51.41
52.97
54.51
56.07
57.6
59.14
60.68
62.23
63.76
65.28
66.83
68.37
69.88
71.39
72.92
74.46
75.99
77.53
79.07
80.59
82.12
83.65
85.18
86.71
88.25
89.8
91.34
92.87
94.4
95.93
97.48
99.05
100.46
101.74
103.08
104.63
106.2
107.76
109.32
110.87
112.45
114.04
115.64
117.24
118.8
120.35
121.91
123.46
125.05
126.61
128.13
129.66
131.2
132.76
134.29
135.84
137.38
138.94
140.48
142.03
143.57
145.13
146.67
148.21
149.75
151.27
152.81
154.36
155.9
157.45
158.98
160.52
162.08
163.61
165.16
166.71
168.25
169.81
171.36
172.89
174.45
176.0
177.56
179.04
180.28
181.64
183.31
185.05
186.75
188.45
190.12
191.8
193.45
195.09
196.73
198.35
199.99
201.62
203.25
204.87
206.5
208.14
209.76
211.36
212.99
214.61
216.23
217.85
219.46
221.1
222.72
224.34
225.98
227.61
229.23
230.85
232.38
233.77
235.26
236.94
238.62
240.32
241.96
243.53
245.11
246.68
248.24
249.83
251.43
253.01
254.61
256.24
257.87
259.55
261.14
262.73
264.33
265.93
267.54
269.15
270.83
272.44
274.02
275.64
277.22
278.83
280.42
282.02
283.61
285.22
286.82
288.45
290.05
291.65
293.25
294.85
296.45
298.06
