1.73
3.92
6.34
8.91
11.53
14.1
16.64
19.28
21.79
24.33
26.84
29.32
31.5
33.98
36.48
38.99
41.49
44.01
46.51
49.02
51.52
54.06
56.56
59.06
61.55
64.05
66.49
68.91
71.37
73.83
76.26
78.71
81.16
83.6
86.04
88.54
91.01
93.52
96.03
98.53
101.04
103.51
106.0
108.46
110.87
113.32
115.73
118.16
120.58
123.01
125.49
127.91
130.36
132.8
135.34
139.07
141.6
144.02
146.52
148.95
151.4
153.79
156.19
158.61
161.0
163.41
165.89
168.3
170.78
173.24
175.76
178.25
180.74
183.16
185.59
187.96
190.34
192.65
195.0
197.32
199.65
201.89
204.08
206.3
208.53
210.8
213.08
215.3
217.53
219.78
221.98
224.21
226.43
