0.9
2.64
4.37
6.11
7.85
9.59
11.33
13.07
14.81
16.55
18.28
20.02
21.76
23.5
25.24
26.98
28.72
30.46
32.2
33.94
35.68
37.42
39.16
40.89
42.63
44.37
46.11
47.84
49.59
51.33
53.06
54.81
56.54
58.28
60.03
61.76
63.5
65.24
66.98
68.72
70.46
72.2
73.94
75.67
77.42
79.15
80.89
82.63
84.37
86.11
87.84
89.58
91.32
93.07
94.81
96.55
98.29
100.02
101.76
103.5
105.24
106.98
108.72
110.46
112.2
113.94
115.67
117.42
119.15
120.89
122.63
124.37
126.11
127.85
129.59
131.33
133.07
134.81
136.55
138.28
140.02
141.76
143.5
145.24
146.98
148.7
150.45
152.19
153.94
155.68
157.42
159.15
160.89
162.61
164.37
166.11
167.85
169.58
171.33
173.07
174.81
176.55
178.29
180.03
181.76
183.5
185.25
