1.28
2.95
4.62
6.29
7.96
9.63
11.3
12.97
14.65
16.32
17.99
19.66
21.33
23.0
24.68
26.34
28.02
29.69
31.36
33.03
34.7
36.37
38.04
39.71
41.38
43.05
44.72
46.4
48.07
49.74
51.41
53.08
54.76
56.43
58.1
59.77
61.44
63.11
64.78
66.46
68.13
69.8
71.47
73.14
74.81
76.48
78.16
79.83
81.5
83.17
84.84
86.51
88.18
89.85
91.52
93.19
94.87
96.54
98.21
99.88
101.55
103.22
104.9
106.57
108.24
109.91
111.58
113.25
114.92
116.59
118.27
119.94
121.61
123.28
124.95
126.62
128.3
129.96
131.64
133.31
134.98
136.65
138.32
139.99
141.67
143.33
145.01
146.68
