2.67
4.17
5.66
7.21
8.73
10.2
11.71
13.22
14.79
16.36
17.91
19.41
20.97
22.53
24.08
25.67
27.21
28.77
30.34
31.88
33.43
35.04
36.62
38.19
39.74
41.26
42.83
44.4
45.93
47.5
49.11
50.69
52.34
53.94
55.52
57.14
58.8
60.39
62.02
63.61
65.2
66.75
68.37
69.92
71.47
73.07
74.65
76.27
77.87
79.46
81.11
82.71
84.29
85.87
87.49
89.09
90.69
92.33
93.95
95.57
97.16
98.74
100.36
102.0
103.63
105.25
106.9
108.52
110.09
111.71
113.32
114.98
116.63
118.26
119.9
121.5
123.14
124.74
126.34
127.94
129.52
131.12
132.73
134.39
136.06
137.68
139.32
140.99
142.61
144.22
145.85
147.48
149.09
150.72
152.33
153.94
155.6
157.2
158.85
160.49
162.11
163.76
165.43
167.05
168.7
170.35
172.02
173.68
175.36
177.05
178.71
180.39
182.0
183.63
185.26
186.89
188.56
190.2
191.85
193.45
195.07
196.68
198.28
199.9
201.51
203.11
204.74
206.33
207.96
209.6
211.23
212.85
214.44
216.05
217.65
219.26
220.86
222.47
224.11
225.71
227.31
228.96
230.55
232.19
233.8
235.36
236.99
238.62
240.22
241.82
243.48
245.1
246.65
248.3
249.93
251.54
253.21
254.81
256.46
258.11
259.74
261.37
263.05
264.64
266.23
267.87
269.49
271.13
272.78
274.43
276.1
277.81
279.43
281.08
282.77
284.44
286.16
287.84
289.48
291.12
292.81
294.54
296.23
297.83
299.31
300.89
