3.34
5.21
7.03
8.92
10.76
12.64
14.47
16.31
18.14
20.04
21.87
23.72
25.52
27.36
29.2
31.09
33.02
35.12
37.16
39.02
40.56
42.14
43.68
45.28
46.89
48.53
50.17
51.77
53.39
55.05
56.72
58.32
59.97
61.6
63.25
64.88
66.51
68.18
69.88
71.56
73.26
74.96
76.69
78.41
80.09
81.77
83.49
85.19
86.9
88.52
90.21
91.93
93.58
95.22
96.84
98.52
100.18
101.86
103.51
105.1
106.75
108.37
109.98
111.66
113.31
114.99
116.63
118.27
119.94
121.5
122.82
124.1
125.39
126.64
127.88
129.11
130.32
131.48
132.71
133.9
135.18
136.45
137.71
138.95
140.15
141.33
142.52
143.74
144.94
146.09
147.2
148.33
149.5
150.7
151.9
153.09
154.31
155.52
156.72
157.92
159.12
160.27
161.47
162.68
163.84
165.02
166.21
167.45
168.71
169.86
171.06
172.26
173.44
174.62
175.8
176.97
178.17
179.33
180.56
181.76
182.96
184.13
185.31
186.51
187.7
188.9
190.1
191.27
192.47
193.66
194.87
196.07
197.3
198.49
200.24
202.3
204.33
206.33
208.32
210.3
212.28
214.32
216.86
219.39
221.89
224.27
226.69
229.09
231.56
233.91
235.95
237.96
239.93
241.88
243.85
245.76
247.64
249.56
251.48
253.38
255.26
257.16
259.09
261.02
262.91
264.77
266.66
268.56
270.46
272.37
274.26
276.16
278.04
279.87
281.74
283.61
285.47
287.32
289.17
291.04
292.92
294.62
296.54
298.42
300.29
302.19
304.08
305.93
307.78
309.62
311.51
313.3
315.21
317.07
318.94
320.77
322.6
324.34
326.22
328.08
329.98
331.83
333.67
335.48
337.36
338.94
340.21
341.47
342.72
343.97
345.24
346.48
347.7
348.89
350.1
351.29
352.54
353.81
355.09
356.34
357.57
358.73
359.96
361.17
362.36
363.52
364.73
365.92
367.12
368.32
369.55
370.75
371.98
373.18
374.41
375.81
377.74
379.84
381.88
383.89
385.89
387.87
389.84
391.8
393.74
395.71
397.68
399.61
401.58
403.73
406.15
408.83
411.51
414.31
417.15
420.34
423.62
426.91
430.27
433.7
437.24
440.76
