1.61
3.74
5.92
7.99
10.05
12.1
14.16
16.18
18.17
20.2
22.29
24.33
26.41
28.47
30.54
32.59
34.65
36.68
38.76
40.77
42.82
44.87
46.93
48.94
50.94
52.97
55.02
57.02
59.05
61.07
63.11
65.13
67.1
69.09
71.02
72.93
74.95
76.89
78.86
80.8
82.78
84.73
86.71
89.46
91.77
93.79
95.84
97.88
99.91
101.93
103.95
105.96
108.01
110.03
112.11
114.12
116.18
118.19
120.17
122.21
124.26
126.28
128.29
130.29
132.31
134.3
136.25
137.85
139.69
141.67
143.68
145.64
147.62
149.57
151.5
153.44
155.38
157.31
159.27
161.23
163.18
165.13
167.06
168.99
170.94
172.88
174.79
176.73
178.73
180.62
182.57
184.53
186.79
190.26
193.78
197.31
200.9
204.39
207.92
211.38
214.84
218.11
221.2
224.35
227.6
230.78
232.89
234.94
237.01
238.98
240.96
242.95
244.95
246.93
248.88
250.74
252.67
254.61
256.57
258.54
260.53
262.5
264.44
266.37
268.31
270.28
272.24
274.2
276.17
278.11
280.09
282.02
283.97
285.95
287.91
289.88
291.83
293.75
295.75
297.75
300.06
302.41
305.25
308.96
312.58
316.18
319.76
323.31
326.89
330.47
334.08
337.74
341.4
345.14
348.71
352.56
356.1
360.03
363.66
367.64
371.35
375.19
378.24
380.33
382.2
384.06
385.92
387.78
389.62
391.49
393.34
395.16
397.0
398.84
400.66
402.48
404.28
406.1
407.89
409.71
411.56
413.44
415.33
417.18
419.02
420.9
