2.36
3.73
5.08
6.43
7.78
9.13
10.48
11.82
13.17
14.52
15.87
17.24
18.59
19.92
21.27
22.61
23.97
25.32
26.67
28.01
29.37
30.71
32.05
33.41
34.76
36.12
37.47
38.82
40.17
41.52
42.87
44.21
45.56
46.92
48.26
49.61
50.96
52.31
53.66
55.02
56.37
57.73
59.06
60.4
61.76
63.11
64.46
65.81
67.16
68.51
69.86
71.2
72.57
73.89
75.25
76.6
77.95
79.3
80.65
82.01
83.36
84.71
86.05
87.4
88.75
90.1
91.45
92.8
94.15
95.5
96.85
98.2
99.56
100.94
102.28
103.63
104.99
106.33
107.68
109.03
110.39
111.73
113.08
114.43
115.79
117.13
118.48
119.83
121.18
122.53
123.88
125.23
126.58
127.92
129.28
130.62
131.98
133.33
134.68
136.03
137.38
138.73
140.07
141.42
142.77
144.11
145.46
146.81
148.16
149.5
150.85
152.2
153.55
