5.18
7.06
8.93
10.81
12.68
14.56
16.43
18.31
20.18
22.06
23.93
25.8
27.68
29.56
31.43
33.31
35.18
37.06
38.93
40.81
42.68
44.56
46.43
48.31
50.19
52.06
53.93
55.81
57.69
59.56
61.43
63.3
65.18
67.06
68.93
70.81
72.68
74.56
76.43
78.31
80.18
82.06
83.93
85.81
87.69
89.54
91.43
93.31
95.19
97.06
98.93
100.81
102.68
104.56
106.43
108.31
110.18
112.06
113.93
115.81
117.68
119.56
121.43
123.31
125.18
127.06
128.94
130.81
132.69
134.56
136.44
138.31
140.19
142.06
143.94
145.81
147.69
149.56
151.44
153.31
155.19
157.06
158.93
160.81
162.68
164.56
166.43
168.31
170.18
172.06
173.93
175.81
177.68
179.56
181.43
183.31
185.19
