1.46
3.41
5.36
7.3
9.24
11.17
13.12
15.06
16.97
18.93
20.87
22.8
24.73
26.66
28.58
30.52
32.46
34.42
36.35
38.28
40.2
42.15
44.06
46.03
47.94
49.9
51.83
53.76
55.7
57.62
59.57
61.52
63.45
65.38
67.32
69.25
71.18
73.11
75.04
76.98
78.99
80.9
82.84
84.65
86.4
88.15
89.91
91.69
93.44
95.19
96.97
98.74
100.49
102.24
104.02
105.8
107.56
109.32
111.07
112.85
114.62
116.39
118.14
119.91
121.68
123.44
125.19
126.97
128.73
130.5
132.25
134.0
135.76
137.5
139.29
141.05
142.82
144.58
146.35
148.12
149.87
151.64
153.41
155.17
156.95
158.7
160.47
162.23
163.99
165.79
167.53
169.29
171.05
172.81
174.56
176.31
178.09
179.84
181.62
183.37
185.16
186.9
188.64
190.41
192.17
193.94
195.7
197.47
199.23
200.98
202.74
204.5
206.26
208.03
210.08
212.29
214.34
216.41
218.38
220.35
222.32
224.28
226.25
228.22
230.18
232.15
234.12
236.09
238.06
240.02
241.98
243.95
245.92
247.88
249.86
251.82
253.79
255.76
257.72
259.69
261.66
263.63
265.6
267.56
269.53
271.49
273.46
275.43
