0.9
2.21
3.53
4.84
6.13
7.35
8.57
9.79
10.98
12.19
13.41
14.63
15.83
17.04
18.24
19.44
20.65
21.85
23.06
24.26
25.45
26.65
27.86
29.06
30.28
31.47
32.67
33.88
35.07
36.27
37.45
38.65
39.86
41.11
42.32
43.52
44.73
45.91
47.13
48.32
49.54
50.75
51.95
53.13
54.32
55.54
56.74
57.94
59.13
60.34
61.51
62.7
63.95
65.15
66.37
67.56
68.76
69.97
71.17
72.37
73.57
74.78
75.98
77.2
78.4
79.61
80.84
82.04
83.21
84.4
85.59
86.78
87.99
89.2
90.4
91.6
92.8
94.0
95.2
96.4
97.6
98.8
100.01
101.2
102.38
103.56
104.72
105.9
107.09
108.25
109.43
110.62
111.77
112.97
114.17
115.38
116.59
117.79
119.0
120.21
121.4
122.6
123.82
125.03
126.26
127.46
128.67
129.85
131.03
132.25
133.44
134.68
135.88
137.08
138.26
139.49
140.71
141.91
143.13
144.32
145.5
146.71
147.94
149.14
150.32
151.54
152.74
153.96
155.15
156.4
157.64
158.88
160.1
161.33
162.51
163.69
164.87
166.1
167.29
168.52
169.7
170.91
172.08
173.29
174.47
175.69
176.85
178.07
179.24
180.45
181.61
182.79
184.01
185.21
186.42
187.6
188.77
189.97
191.15
192.33
193.49
194.67
195.82
197.02
198.18
199.37
200.56
201.76
202.93
204.13
205.31
206.57
207.81
209.11
210.41
211.75
213.09
214.46
215.88
217.33
218.78
