1.86
4.26
6.69
9.1
11.51
13.89
16.25
18.62
20.96
23.36
25.73
28.09
30.48
32.9
35.29
37.67
40.06
42.45
44.82
47.18
49.5
51.87
54.21
56.58
58.93
61.3
63.63
66.02
68.4
70.79
73.12
75.51
77.88
80.28
82.64
85.05
87.42
89.82
92.2
94.61
97.03
99.38
101.72
104.08
106.43
108.79
111.14
113.5
115.83
118.2
120.58
122.96
125.32
127.72
130.08
132.47
134.9
137.35
139.83
142.27
144.75
147.2
149.65
152.08
154.53
156.93
159.31
161.66
164.07
166.45
168.83
171.23
173.64
176.0
178.38
180.77
183.16
184.5
185.65
186.84
188.01
189.18
190.34
191.52
192.69
193.88
195.05
196.23
197.4
198.58
199.75
200.92
202.11
203.29
204.47
205.65
206.85
208.03
209.2
210.39
211.58
212.76
213.92
215.08
216.26
217.44
218.6
219.77
220.95
222.14
223.3
224.47
225.63
226.82
227.98
229.14
230.33
231.51
232.66
233.84
235.01
236.17
237.33
238.53
239.71
240.94
