1.82
4.39
6.73
9.09
11.46
13.82
16.25
18.66
21.06
23.46
25.88
28.28
30.7
33.11
35.54
37.95
40.4
42.83
45.27
47.72
50.15
52.54
54.95
57.33
59.68
62.02
64.37
66.7
69.06
71.4
73.73
76.11
78.46
80.78
83.12
85.46
87.79
90.11
92.44
94.81
97.19
99.55
101.91
104.28
106.65
108.98
111.32
113.65
116.01
118.34
120.64
122.96
125.27
127.58
129.9
132.2
134.51
136.83
139.15
141.48
143.83
146.15
148.48
150.79
153.09
155.41
157.73
160.02
162.36
164.67
167.0
169.3
171.62
173.93
176.26
178.55
180.87
183.19
185.51
187.81
190.09
192.39
194.7
196.99
199.3
201.61
203.97
206.34
208.63
210.98
213.39
216.45
220.01
223.63
227.37
231.04
234.64
238.28
241.96
245.66
249.24
252.82
256.49
260.01
263.5
267.03
270.37
273.72
277.15
280.56
283.59
286.34
288.76
291.14
293.47
295.75
298.08
300.42
302.71
305.02
307.32
309.67
312.02
314.37
316.73
319.07
321.4
323.75
326.11
328.45
330.83
333.18
335.49
337.81
340.09
342.39
344.71
347.01
349.32
351.62
353.93
356.21
358.51
360.81
363.09
365.37
367.65
369.89
372.17
374.44
376.79
379.08
381.39
383.71
386.0
388.29
390.61
392.96
395.24
397.52
399.78
402.06
404.34
406.6
408.88
411.15
413.44
415.71
417.98
420.23
422.52
424.77
427.04
429.3
431.58
433.89
436.2
