1.21
2.78
4.36
5.96
7.52
9.1
10.7
12.26
13.84
15.43
17.0
18.55
20.17
21.76
23.32
24.9
26.47
28.06
29.64
31.2
32.79
34.38
35.96
37.53
39.09
40.68
42.26
43.83
45.43
46.99
48.55
49.92
51.36
52.94
54.5
56.05
57.67
59.23
60.83
62.41
63.98
65.54
67.11
68.7
70.29
71.86
73.45
75.02
76.62
78.19
79.76
81.35
82.92
84.49
86.08
87.66
89.25
90.81
92.39
93.97
95.56
97.13
98.72
100.29
101.87
103.43
105.04
106.62
108.19
109.53
110.97
112.53
114.09
115.64
117.27
118.83
120.43
122.01
123.59
125.17
126.75
128.32
129.9
131.49
133.07
134.64
136.22
137.81
139.38
140.96
142.54
144.13
145.7
147.27
148.87
150.44
152.0
153.6
155.19
156.75
158.34
159.91
161.49
163.08
164.65
166.23
167.83
169.4
170.98
172.55
174.14
175.72
177.29
178.87
180.44
182.02
183.6
185.16
186.72
188.36
189.93
191.49
193.04
194.63
196.19
