2.32
3.61
4.89
6.17
7.46
8.75
10.04
11.33
12.62
13.91
15.2
16.5
17.79
19.08
20.37
21.66
22.95
24.24
25.53
26.82
28.1
29.4
30.69
31.98
33.27
34.56
35.85
37.14
38.43
39.72
41.01
42.3
43.59
44.88
46.17
47.47
48.75
50.03
51.33
52.63
53.91
55.21
56.49
57.79
59.08
60.35
61.66
62.95
64.24
65.53
66.81
68.11
69.4
70.69
71.98
73.27
74.56
75.85
77.14
78.43
79.72
81.01
82.3
83.6
84.88
86.17
87.46
88.75
90.04
91.33
92.62
93.92
95.21
96.49
97.79
99.07
100.37
101.66
102.95
104.24
105.53
106.82
108.11
109.41
110.69
111.99
113.27
114.57
115.86
117.15
118.44
119.73
121.02
122.31
123.6
124.89
126.18
127.47
128.76
130.06
131.34
132.63
133.92
135.22
136.5
137.79
139.08
140.38
141.67
142.96
144.25
145.53
146.83
148.12
149.4
150.69
151.98
153.27
154.56
155.9
157.18
158.45
159.73
161.01
162.29
