1.79
4.15
6.51
8.87
11.21
13.57
15.93
18.29
20.65
23.01
25.36
27.72
30.09
32.44
34.81
37.16
39.52
41.88
44.24
46.6
48.96
51.32
53.68
56.04
58.39
60.75
63.1
65.47
67.83
70.19
72.54
74.9
77.26
79.62
81.98
84.34
86.7
89.05
91.42
93.78
96.14
98.49
100.85
103.21
105.57
107.93
110.29
112.65
115.01
117.37
119.73
122.09
124.45
126.79
129.16
131.52
133.88
136.24
138.6
140.96
143.32
145.68
148.04
150.4
152.75
155.12
157.47
159.81
162.19
164.55
166.91
169.28
171.63
173.99
176.35
178.7
181.09
183.45
185.78
188.15
190.5
192.86
195.22
197.58
199.94
202.33
204.66
207.02
209.38
211.74
214.09
216.47
218.81
221.17
223.53
225.89
228.25
230.61
232.97
235.33
237.68
240.05
242.42
244.78
247.13
