1.1
2.51
3.9
5.21
6.61
7.97
9.31
10.84
12.71
14.59
16.46
18.33
20.21
22.08
23.96
25.83
27.71
29.58
31.45
33.33
35.2
37.08
38.95
40.83
42.7
44.58
46.46
48.33
50.21
52.08
53.95
55.83
57.73
59.59
61.46
63.33
65.2
67.08
68.96
70.83
72.7
74.58
76.46
78.33
80.21
82.08
83.96
85.83
87.7
89.58
91.45
93.32
95.2
97.07
98.96
100.83
102.7
104.58
106.46
108.33
110.21
112.08
113.96
115.84
117.71
119.58
121.44
123.33
125.21
127.08
128.96
130.83
132.71
134.58
136.46
138.33
140.21
142.08
143.96
145.83
147.71
149.58
151.46
153.36
