0.16
2.16
4.11
5.99
7.9
9.84
11.76
13.68
15.6
17.5
19.49
21.48
23.48
25.47
27.48
29.48
31.48
33.47
35.48
37.47
39.47
41.46
43.47
45.47
47.47
49.47
51.47
53.46
55.47
57.47
59.47
61.46
63.47
65.47
67.47
69.47
71.46
73.47
75.47
77.47
79.47
81.47
83.47
85.47
87.48
89.47
91.47
93.47
95.47
97.47
99.47
101.46
103.47
105.47
107.47
109.46
111.47
113.47
115.47
117.48
119.47
121.47
123.46
125.47
127.47
129.47
131.47
133.47
135.47
137.47
139.46
141.47
143.47
145.47
147.48
149.47
151.47
153.47
155.47
157.47
159.47
161.47
163.47
165.47
167.47
169.46
171.47
173.47
175.47
177.46
179.47
181.47
183.47
185.46
187.48
189.47
191.47
193.47
195.47
197.47
199.47
201.47
203.47
205.47
207.47
209.47
211.47
213.47
215.47
217.47
219.46
221.47
223.47
225.46
227.47
229.47
231.47
233.5
