0.48
2.32
4.17
6.0
7.86
9.72
11.56
13.41
15.27
17.11
18.94
20.8
22.64
24.49
26.33
28.18
30.02
31.87
33.72
35.56
37.41
39.26
41.1
42.95
44.8
46.64
48.49
50.31
52.18
54.02
55.87
57.72
59.56
61.4
63.25
65.09
66.94
68.79
70.63
72.51
74.33
76.18
78.02
79.91
81.71
83.56
85.41
87.25
89.1
90.94
92.79
94.63
96.49
98.33
100.18
102.03
103.87
105.72
107.56
109.39
111.25
113.1
114.95
116.79
118.64
120.48
122.33
124.18
126.02
127.87
129.72
131.56
133.4
135.25
137.1
138.94
140.79
142.64
144.48
146.33
148.17
150.02
151.86
153.71
155.59
157.47
159.34
161.21
