0.03
3.46
6.9
10.59
14.44
17.97
21.06
24.08
26.48
28.39
30.32
32.21
33.87
35.51
37.19
38.84
40.55
42.12
43.77
45.42
47.06
48.7
50.33
51.96
53.57
55.2
56.83
58.31
59.85
61.45
62.91
64.49
66.0
67.46
69.06
70.58
72.11
73.76
75.39
77.02
78.62
80.25
81.88
83.51
85.1
86.72
88.34
89.97
91.6
93.23
94.87
96.48
98.03
99.64
101.27
102.9
104.52
106.09
107.26
108.78
110.36
111.95
113.51
115.13
116.77
118.42
120.05
121.71
123.32
124.84
126.41
128.02
129.48
131.07
132.61
134.1
135.74
137.29
138.81
140.44
142.08
143.71
145.27
146.91
148.52
150.15
151.72
153.33
154.93
156.56
158.17
159.8
161.42
163.05
164.57
166.16
167.79
169.42
171.05
172.65
174.26
175.83
177.1
178.57
180.21
181.85
183.43
185.04
186.61
188.2
189.79
191.4
192.99
194.6
196.2
197.8
199.39
200.99
202.58
204.18
205.8
207.39
209.04
210.61
212.18
213.76
215.44
217.02
218.57
220.17
221.74
223.34
224.95
226.57
228.32
229.99
231.46
232.97
234.59
236.13
237.67
239.22
240.72
242.32
243.94
245.56
247.16
248.78
250.42
252.02
253.53
255.18
256.81
258.45
260.0
261.57
263.18
264.79
266.38
267.88
269.53
271.15
272.77
274.41
276.21
