5.42
6.73
8.08
9.47
10.9
12.22
13.55
14.76
15.96
17.19
18.41
19.62
20.87
22.07
23.31
24.53
25.72
26.97
28.19
29.41
30.62
31.86
33.07
34.3
35.52
36.72
37.96
39.18
40.41
41.61
42.84
44.07
45.27
46.5
47.74
48.93
50.18
51.39
52.62
53.86
55.07
56.26
57.5
58.74
59.94
61.16
62.39
63.61
64.84
66.05
67.27
68.5
69.72
70.95
72.14
73.37
74.64
75.83
77.03
78.27
79.47
80.71
81.93
83.18
84.39
85.61
86.83
88.03
89.24
90.47
91.71
92.93
94.15
95.38
96.6
97.81
99.01
100.26
101.47
102.7
103.93
105.15
106.35
107.59
108.81
110.03
111.25
112.48
113.71
114.92
116.14
117.36
118.59
119.8
121.0
122.24
123.48
124.69
125.9
127.14
128.34
129.58
130.81
132.02
133.22
134.46
135.66
136.91
138.13
139.35
140.57
141.79
143.01
144.24
145.46
146.68
147.9
149.12
150.34
151.56
152.76
154.0
155.22
156.43
157.67
158.89
160.11
161.33
162.56
163.78
165.0
166.22
167.45
168.66
169.89
171.11
172.33
173.55
174.78
175.99
177.21
178.43
179.66
180.89
182.08
183.31
184.55
185.75
186.97
188.2
189.42
190.65
191.85
193.07
194.32
195.53
196.76
197.98
199.21
200.42
201.62
202.87
204.08
205.3
206.52
207.74
208.96
210.19
211.42
212.64
213.85
215.08
216.3
217.53
218.72
219.94
221.19
222.41
223.63
224.85
226.06
227.28
228.51
229.75
230.95
232.19
233.4
234.62
235.83
237.06
238.27
239.51
240.73
241.95
243.16
244.38
245.61
246.83
248.05
249.28
250.5
251.73
252.94
254.15
255.39
256.61
257.82
259.05
260.29
261.5
262.71
263.94
265.16
266.38
267.61
268.83
270.06
271.27
272.49
273.71
274.93
276.16
277.37
278.63
279.9
281.31
282.74
284.09
285.45
286.74
287.96
289.19
290.39
291.63
292.83
294.07
295.29
296.51
297.73
298.95
300.17
301.4
302.61
303.84
305.06
306.28
307.51
308.73
309.96
311.17
312.38
313.62
314.84
316.06
317.26
318.5
319.71
320.95
322.17
323.39
324.61
325.82
327.05
328.27
329.49
330.72
331.94
333.16
334.37
335.6
336.8
338.04
339.27
340.48
341.71
342.93
344.15
345.37
346.59
347.81
349.04
350.26
351.48
352.7
353.93
355.14
356.37
357.58
358.81
360.03
361.31
362.64
363.94
365.17
366.38
367.61
368.86
370.04
371.22
372.4
