1.48
3.44
5.37
7.3
9.23
11.17
13.1
15.04
16.98
18.91
20.84
22.78
24.72
26.65
28.59
30.52
32.46
34.39
36.33
38.27
40.2
42.14
44.08
46.01
47.94
49.88
51.82
53.75
55.68
57.62
59.55
61.49
63.43
65.36
67.3
69.23
71.17
73.11
75.04
76.98
78.91
80.85
82.78
84.72
86.65
88.59
90.53
92.46
94.39
96.33
98.27
100.2
102.14
104.07
106.01
107.95
109.88
111.82
113.75
115.69
117.62
119.56
121.49
123.43
125.37
127.3
129.23
131.17
133.11
135.04
136.97
138.91
140.85
142.78
144.72
146.65
148.59
150.53
152.46
154.4
156.33
158.27
160.16
