1.39
3.24
5.08
6.93
8.76
10.6
12.45
14.28
16.13
17.97
19.81
21.64
23.48
25.32
27.16
29.0
30.84
32.68
34.52
36.36
38.21
40.05
41.89
43.73
45.57
47.41
49.26
51.1
52.94
54.79
56.63
58.47
60.31
62.15
63.99
65.83
67.67
69.51
71.36
73.2
75.04
76.88
78.72
80.55
82.4
84.24
86.08
87.92
89.76
91.6
93.44
95.3
97.12
98.97
100.81
102.65
104.49
106.33
108.17
110.01
111.86
113.7
115.55
117.39
119.23
121.07
122.91
124.74
126.58
128.43
130.27
132.11
133.96
135.79
137.63
139.48
141.32
143.16
145.0
146.84
148.68
150.52
152.36
154.2
