0.98
2.22
3.45
4.69
5.93
7.16
8.4
9.64
10.87
12.11
13.35
14.59
15.83
17.06
18.3
19.54
20.77
22.02
23.24
24.48
25.72
26.95
28.19
29.44
30.67
31.9
33.14
34.39
35.62
36.85
38.09
39.33
40.57
41.81
43.03
44.28
45.54
46.75
47.99
49.23
50.46
51.7
52.93
54.17
55.41
56.65
57.89
59.12
60.36
61.61
62.83
64.07
65.31
66.55
67.78
69.02
70.26
71.49
72.73
73.98
75.21
76.44
77.68
78.91
80.15
81.39
82.62
83.86
85.1
86.35
87.58
88.82
90.04
91.29
92.53
93.77
95.01
96.24
97.47
98.72
99.96
101.2
102.41
103.66
104.9
106.14
107.37
108.62
109.85
111.09
112.32
113.57
114.8
116.04
117.27
118.51
119.75
120.99
122.21
123.46
124.69
125.93
127.17
128.4
129.64
130.88
132.11
133.36
134.59
135.83
137.06
138.3
139.54
140.77
142.01
143.24
144.49
145.73
146.96
148.2
149.43
150.67
151.91
