4.35
7.03
9.7
12.45
15.14
17.81
20.48
23.14
25.81
28.48
31.14
33.81
36.48
39.14
41.81
44.48
47.14
49.81
52.48
55.15
57.8
60.47
63.14
65.8
68.47
71.13
73.81
76.46
79.14
81.78
84.47
87.16
89.79
92.46
95.13
97.8
100.45
103.14
105.81
108.46
111.13
113.79
116.46
119.12
121.79
124.47
127.14
129.79
132.46
135.14
137.79
140.45
143.12
145.8
148.47
151.13
153.8
156.45
159.15
161.8
164.47
167.14
169.8
172.47
175.14
177.8
180.45
183.12
185.78
188.45
191.12
193.78
196.45
199.12
201.78
204.45
207.12
209.78
212.44
215.12
217.78
220.45
223.12
225.78
228.45
231.12
233.78
236.45
239.09
241.78
244.45
247.12
249.78
252.45
255.12
257.78
260.45
263.12
265.79
268.45
271.12
273.78
276.45
279.12
281.78
284.45
287.12
289.78
292.45
295.12
297.79
300.45
303.12
305.78
308.45
311.12
313.78
316.45
319.12
321.78
324.45
327.12
329.78
332.45
335.11
337.78
340.45
343.12
345.78
348.45
351.12
353.79
356.45
359.12
361.79
364.44
367.11
369.78
372.45
375.14
377.77
380.47
383.12
385.12
386.46
387.8
389.13
390.47
391.8
393.13
394.45
395.82
397.1
