1.58
3.65
5.72
7.78
9.86
11.93
14.0
16.06
18.13
20.2
22.27
24.34
26.41
28.48
30.55
32.62
34.67
36.76
38.83
40.89
42.95
45.03
47.1
49.17
51.24
53.31
55.38
57.44
59.51
61.58
63.65
65.72
67.79
69.86
71.93
74.0
76.07
78.13
80.2
82.27
84.34
86.41
88.48
90.55
92.62
94.68
96.76
98.82
100.88
102.96
105.03
107.1
109.17
111.24
113.31
115.38
117.45
119.52
121.59
123.65
125.72
127.79
129.86
131.93
134.0
136.07
138.14
140.2
142.27
144.34
146.41
148.48
150.55
152.49
154.56
156.63
158.82
160.89
162.96
165.03
167.1
169.17
171.24
173.31
175.38
177.45
179.52
181.59
183.65
185.7
187.78
189.85
191.92
