1.06
2.8
4.51
6.22
7.94
9.65
11.37
13.09
14.8
16.5
18.22
19.94
21.67
23.36
25.07
26.81
28.52
30.24
31.93
33.67
35.38
37.09
38.81
40.52
42.23
43.97
45.68
47.38
49.09
50.8
52.53
54.23
55.95
57.67
59.39
61.1
62.81
64.53
66.24
67.95
69.66
71.38
73.1
74.79
76.52
78.23
79.93
81.67
83.38
85.09
86.8
88.52
90.22
91.95
93.66
95.38
97.09
98.81
100.52
102.24
103.95
105.67
107.38
109.09
110.81
112.52
114.24
115.96
117.67
119.38
121.1
122.82
124.53
126.23
127.94
129.66
131.39
133.09
134.81
136.53
138.26
139.97
141.66
143.38
145.09
146.8
148.56
150.27
151.99
153.72
155.4
157.12
158.83
160.54
162.23
163.95
165.66
167.38
169.11
170.82
172.52
174.23
175.95
177.67
179.38
181.09
182.81
184.53
186.24
187.95
189.67
191.39
193.1
194.8
196.53
198.25
199.96
201.66
203.38
205.1
206.81
208.52
210.24
211.95
213.67
215.38
217.09
218.81
220.52
222.24
223.95
