1.52
3.41
5.3
7.19
9.09
10.97
12.86
14.75
16.65
18.53
20.42
22.32
24.2
26.08
27.97
29.86
31.75
33.64
35.53
37.42
39.31
41.21
43.09
44.99
46.87
48.78
50.65
52.54
54.43
56.32
58.21
60.11
61.99
63.88
65.77
67.67
69.55
71.44
73.33
75.21
77.11
79.0
80.89
82.78
84.67
86.56
88.45
90.34
92.22
94.13
96.01
97.9
99.78
101.67
103.56
105.45
107.34
109.23
111.12
112.97
114.9
116.79
118.68
120.59
122.46
124.35
126.24
128.12
130.02
131.91
133.8
135.69
137.58
139.47
141.36
143.25
145.14
147.04
148.93
150.82
152.7
154.59
156.48
158.37
160.27
162.16
164.05
165.94
167.82
169.71
171.6
173.49
175.38
177.27
179.16
181.05
182.94
184.83
186.71
188.6
190.49
192.38
194.27
196.16
198.05
199.95
201.83
203.72
