2.63
5.6
8.56
11.52
14.49
17.45
20.42
23.38
26.34
29.3
32.26
35.23
38.2
41.15
44.12
47.07
50.07
53.03
55.99
58.94
61.91
64.86
67.83
70.79
73.77
76.71
79.67
82.63
85.61
88.57
91.53
94.49
97.46
100.42
103.38
106.34
109.33
112.29
115.25
118.2
121.16
124.13
127.1
130.05
131.91
133.4
134.88
136.36
137.84
139.32
140.79
142.27
143.76
145.24
146.72
148.2
149.69
151.17
152.65
154.13
155.62
157.1
158.58
160.06
161.54
163.03
164.5
165.98
167.48
168.94
170.43
171.91
173.4
174.88
176.36
177.82
179.31
180.8
182.28
183.76
185.26
186.74
188.21
189.68
191.18
192.66
194.14
