1.38
3.15
4.97
6.74
8.51
10.26
12.04
13.83
15.6
17.37
19.16
20.93
22.71
24.49
26.27
28.05
29.82
31.6
33.38
35.16
36.94
38.71
40.49
42.27
44.05
45.83
47.6
49.39
51.15
52.94
54.71
56.49
58.27
60.05
61.83
63.6
65.38
67.16
68.94
70.71
72.48
74.26
76.04
77.82
79.6
81.38
83.15
84.92
86.71
88.49
90.27
92.05
93.82
95.6
97.38
99.16
100.94
102.72
104.49
106.27
108.05
109.83
111.6
113.38
115.17
116.94
118.7
120.47
122.26
124.04
125.81
127.6
129.37
131.16
132.93
134.72
136.49
138.27
140.05
141.82
143.6
145.38
147.15
148.94
150.71
152.49
154.27
156.04
157.82
159.6
161.38
163.15
164.93
166.71
168.49
170.26
172.05
173.82
175.6
177.38
179.16
180.94
182.71
184.49
186.27
188.05
189.82
191.6
193.38
195.16
196.93
198.72
200.49
202.27
204.04
205.83
207.6
209.38
211.15
212.93
