2.03
4.52
7.02
9.51
12.0
14.49
16.98
19.47
21.96
24.45
27.88
30.67
33.16
35.65
38.14
40.63
43.13
45.61
48.1
50.6
53.07
55.57
58.07
60.56
63.05
65.54
68.03
70.52
73.01
75.49
77.98
80.48
82.97
85.44
87.95
90.44
92.91
95.42
97.91
100.39
102.89
105.38
107.87
110.36
112.85
115.33
117.82
120.31
122.8
125.29
127.79
130.27
132.76
135.26
137.75
140.24
142.72
145.22
147.7
150.2
152.7
155.19
157.68
160.17
162.66
165.15
167.64
170.13
172.62
175.11
177.61
180.1
182.58
185.07
187.56
190.05
192.54
195.03
197.52
200.0
202.5
204.99
207.47
209.96
212.46
214.95
217.43
219.93
222.42
224.91
227.4
229.89
232.38
234.87
237.36
239.85
242.34
244.82
247.3
249.79
