0.1
2.12
4.14
6.15
8.18
10.19
12.21
14.23
16.25
18.26
20.28
22.3
24.31
26.33
28.35
30.36
32.38
34.4
36.42
38.43
40.44
42.47
44.48
46.5
48.52
50.54
52.55
54.57
56.59
58.6
60.62
62.64
64.65
66.67
68.69
70.7
72.72
74.74
76.76
78.77
80.79
82.8
84.82
86.84
88.84
90.87
92.89
94.9
96.92
98.94
100.95
102.97
104.99
107.0
109.02
111.04
113.07
115.07
117.09
119.11
121.12
123.14
125.16
127.17
129.19
131.21
133.22
135.24
137.26
139.27
141.29
143.31
145.32
147.34
149.36
151.37
153.39
155.41
157.43
159.44
161.46
163.47
165.49
167.51
169.53
171.54
173.56
175.57
177.59
179.61
181.63
183.64
185.66
187.68
189.7
191.71
193.73
195.74
197.76
199.78
201.79
203.8
205.82
207.84
209.91
212.14
214.46
216.88
