2.49
5.74
8.98
12.22
15.48
18.73
21.97
25.21
28.46
31.7
34.94
38.18
41.43
44.67
47.92
51.16
54.4
57.64
60.89
64.13
67.38
70.62
73.86
77.11
80.35
83.59
86.84
90.08
93.33
96.57
99.81
103.03
106.29
109.54
112.78
116.02
119.27
122.51
125.76
129.0
132.24
135.5
138.72
142.0
145.21
148.46
151.7
154.95
158.19
161.43
164.67
167.92
171.16
174.41
177.65
180.87
184.13
187.38
190.62
193.86
197.11
200.35
203.59
206.83
210.08
213.34
216.56
219.82
223.05
226.29
229.54
232.79
236.03
239.27
242.51
245.75
249.0
252.25
255.49
258.73
261.97
265.21
268.46
271.7
