1.24
2.73
4.24
5.74
7.24
8.74
10.24
11.74
13.24
14.74
16.24
17.75
19.24
20.74
22.22
23.71
25.24
26.74
28.24
29.74
31.24
32.74
34.24
35.74
37.24
38.74
40.24
41.73
43.24
44.74
46.24
47.74
49.24
50.74
52.24
53.74
55.24
56.74
58.24
59.74
61.24
62.74
64.24
65.74
67.24
68.74
70.24
71.75
73.24
74.74
76.24
77.74
79.24
80.74
82.24
83.74
85.24
86.74
88.24
89.74
91.24
92.74
94.25
95.74
97.24
98.74
100.24
101.75
103.24
104.74
106.23
107.75
109.24
110.74
112.24
113.74
115.25
116.74
118.24
119.75
121.24
122.74
124.24
125.74
127.24
128.74
130.24
131.76
133.24
134.74
136.24
137.74
139.24
140.74
142.24
143.76
145.24
146.74
148.24
149.74
151.24
152.74
154.24
155.74
157.24
158.74
160.24
161.74
163.24
164.74
166.24
167.76
169.24
170.74
172.24
173.74
175.24
176.74
178.25
179.75
181.24
182.74
184.26
185.74
187.25
188.74
190.27
191.76
193.24
194.74
196.24
197.74
199.24
200.74
202.24
203.76
205.24
206.74
208.24
209.74
211.24
212.74
214.24
215.74
217.23
218.72
220.22
221.73
