0.53
2.46
4.38
6.29
8.22
10.15
12.07
13.99
15.91
17.83
19.76
21.65
23.59
25.54
27.41
29.33
31.27
33.19
35.1
37.02
38.94
40.86
42.78
44.71
46.62
48.54
50.46
52.38
54.3
56.23
58.15
60.07
61.99
63.9
65.83
67.75
69.67
71.58
73.51
75.42
77.36
79.26
81.19
83.11
85.03
86.94
88.86
90.79
92.71
94.62
96.54
98.47
100.39
102.29
104.22
106.15
108.07
109.98
111.91
113.83
115.75
117.66
119.59
121.5
123.43
125.34
127.26
129.19
131.11
133.03
134.94
136.86
138.78
140.71
142.62
144.53
146.46
148.39
150.3
152.23
154.14
156.06
157.97
159.9
161.83
163.74
165.67
167.58
169.51
171.43
173.34
175.27
177.18
179.11
181.02
182.95
184.86
186.79
188.71
190.62
192.55
194.47
196.38
198.31
200.23
202.14
204.06
206.0
207.92
209.82
212.12
