1.53
3.43
5.34
7.24
9.15
11.05
12.96
14.87
16.77
18.68
20.58
22.48
24.39
26.29
28.2
30.1
32.01
33.91
35.82
37.72
39.63
41.54
43.44
45.34
47.24
49.15
51.06
52.96
54.86
56.77
58.68
60.58
62.49
64.39
66.3
68.2
70.11
72.01
73.92
75.82
77.72
79.63
81.53
83.44
85.34
87.24
89.15
91.06
92.96
94.87
96.77
98.67
100.58
102.49
104.39
106.29
108.2
110.1
112.01
113.91
115.82
117.72
119.63
121.54
123.44
125.34
127.25
129.15
131.06
132.96
134.87
136.77
138.67
140.58
142.49
144.39
146.29
148.2
150.1
152.01
153.91
155.82
157.72
159.64
161.53
163.44
165.34
167.25
169.15
171.06
172.96
174.87
176.77
178.68
180.58
182.49
184.39
186.3
188.2
190.1
192.01
193.91
195.82
197.72
199.63
