1.76
3.69
5.61
7.54
9.5
11.42
13.37
15.29
17.22
19.17
21.11
23.03
24.98
26.92
28.84
30.76
32.72
34.67
36.59
38.52
40.46
42.4
44.31
46.27
48.2
50.14
52.08
54.0
55.93
57.88
59.81
61.75
63.68
65.62
67.53
69.48
71.41
73.35
75.27
77.23
79.16
81.1
83.04
84.96
86.9
88.83
90.77
92.71
94.64
96.59
98.51
100.45
102.38
104.32
106.25
108.19
110.13
112.06
114.0
115.94
117.86
119.79
121.74
123.68
125.61
127.55
129.48
131.42
133.35
135.29
137.22
139.16
141.09
143.03
144.97
146.9
148.84
150.77
152.72
154.64
156.58
158.5
160.45
162.39
164.32
166.25
168.19
170.12
172.06
173.99
175.91
177.85
179.8
181.74
183.68
185.61
187.54
189.48
191.42
193.35
195.29
197.22
199.17
201.09
203.04
204.96
206.9
208.82
210.77
212.71
214.64
216.57
218.51
220.45
222.38
224.32
226.25
228.19
230.13
232.06
233.99
235.95
237.87
239.81
241.73
243.68
245.61
247.53
249.46
251.41
253.35
255.28
257.22
259.19
261.14
263.08
