2.76
4.38
5.96
7.56
9.17
10.78
12.36
13.98
15.58
17.17
18.77
20.38
21.98
23.57
25.19
26.79
28.37
29.98
31.57
33.18
34.78
36.38
37.98
39.58
41.18
42.78
44.38
45.98
47.58
49.17
50.78
52.37
53.98
55.57
57.18
58.78
60.38
61.97
63.58
65.18
66.78
68.37
69.97
71.58
73.18
74.78
76.38
77.98
79.58
81.16
82.77
84.38
85.98
87.58
89.18
90.78
92.38
93.98
95.58
97.17
98.77
100.37
101.97
103.57
105.18
106.78
108.38
109.98
111.58
113.18
114.78
116.38
117.98
119.58
121.17
122.78
124.38
125.98
127.58
129.18
130.77
132.38
133.98
135.57
137.18
138.78
140.37
141.98
143.57
145.18
146.78
148.38
149.98
151.57
153.18
154.77
156.37
157.98
159.58
161.17
162.77
164.38
165.98
167.58
169.17
170.77
172.38
173.96
175.56
177.18
178.78
180.38
181.98
183.58
185.18
186.77
188.37
189.98
191.57
193.18
194.78
196.38
197.98
199.58
201.18
202.77
204.38
205.98
207.58
209.19
210.78
212.38
213.97
215.59
217.17
218.78
220.38
221.97
223.57
226.38
229.56
232.79
235.96
239.18
242.34
245.57
