1.62
3.69
5.72
7.77
9.82
11.88
13.93
15.98
18.03
20.08
22.13
24.18
26.24
28.29
30.34
32.39
34.44
36.49
38.54
40.59
42.64
44.7
46.75
48.8
50.85
52.9
54.95
57.0
59.05
61.11
63.16
65.2
67.26
69.31
71.36
73.41
75.46
77.51
79.57
81.62
83.67
85.72
87.77
89.82
91.88
93.93
95.98
98.03
100.08
102.13
104.18
106.23
108.28
110.34
112.39
114.43
116.49
118.54
120.59
122.64
124.69
126.74
128.8
130.85
132.9
134.95
137.01
139.03
141.11
143.15
145.22
147.26
149.32
151.36
153.41
155.46
157.52
159.57
161.62
163.67
165.72
167.77
169.82
171.87
173.92
175.98
178.03
180.08
182.13
184.18
