0.09
1.91
3.73
5.56
7.39
9.2
11.04
12.85
14.69
16.5
18.33
20.15
21.98
23.81
25.63
27.45
29.28
31.1
32.94
34.75
36.58
38.41
40.23
42.05
43.87
45.7
47.53
49.35
51.18
53.01
54.81
56.65
58.48
60.3
62.12
63.95
65.78
67.6
69.41
71.25
73.09
74.9
76.73
78.56
80.39
82.21
84.03
85.86
87.68
89.51
91.34
93.16
94.98
96.81
98.64
100.46
102.28
104.11
105.93
107.75
109.58
111.4
113.23
115.05
116.86
118.71
120.53
122.36
124.19
126.01
127.84
129.65
131.48
133.31
135.15
136.95
138.78
140.61
142.45
144.25
146.08
147.91
149.74
151.56
153.39
155.21
157.04
158.86
160.69
162.51
164.34
166.16
167.99
169.81
171.64
173.46
175.29
177.11
178.94
180.75
182.59
184.41
186.24
188.06
189.89
191.71
193.54
195.36
197.19
199.01
200.84
202.66
204.49
206.31
208.14
209.96
211.79
213.61
215.45
217.26
219.07
220.91
222.74
224.56
226.39
228.21
230.04
231.86
233.69
235.51
237.34
239.16
240.99
242.82
244.64
246.46
248.29
250.11
251.93
253.76
255.58
257.41
259.24
261.06
