1.34
3.03
4.71
6.41
8.1
9.79
11.48
13.17
14.87
16.55
18.23
19.93
21.63
23.31
24.99
26.68
28.38
30.05
31.76
33.44
35.12
36.82
38.5
40.2
41.9
43.57
45.26
46.94
48.64
50.32
52.0
53.7
55.39
57.08
58.76
60.45
62.13
63.82
65.52
67.21
68.9
70.58
72.27
73.98
75.64
77.33
79.02
80.72
82.39
84.09
85.78
87.47
89.14
90.84
92.53
94.21
95.91
97.59
99.29
100.97
102.66
104.35
106.04
107.73
109.41
111.1
112.78
114.47
116.16
117.86
119.54
121.22
122.92
124.6
126.3
127.98
129.67
131.36
133.05
134.74
136.42
138.12
139.81
141.49
143.18
144.86
146.54
148.25
149.93
151.62
153.31
154.99
156.69
158.37
160.07
161.75
163.44
165.13
166.82
168.49
170.21
171.88
173.57
175.27
176.96
178.66
180.33
182.0
183.71
185.38
187.07
188.76
190.46
192.14
193.84
195.52
197.21
199.05
200.79
202.49
204.18
205.87
207.54
209.24
210.92
