1.53
3.4
5.31
7.18
9.1
10.97
12.89
14.75
16.64
18.55
20.43
22.32
24.21
26.1
27.99
29.88
31.77
33.66
35.55
37.44
39.33
41.22
43.11
45.0
46.87
48.78
50.67
52.56
54.45
56.34
58.23
60.12
62.01
63.9
65.79
67.68
69.57
71.44
73.35
75.24
77.13
79.02
80.91
82.8
84.69
86.58
88.47
90.36
92.24
94.14
96.02
97.92
99.81
101.69
103.58
105.47
107.36
109.25
111.14
113.03
114.92
116.81
118.7
120.59
122.48
124.37
126.26
128.15
130.04
131.93
133.82
135.71
137.61
139.5
141.39
143.28
145.16
147.06
148.94
150.84
152.73
154.62
156.5
158.38
160.28
162.17
164.06
165.95
167.84
169.73
171.62
173.51
175.4
177.29
179.17
181.07
182.96
184.84
186.73
188.62
190.51
