1.44
2.93
4.44
5.94
7.44
8.94
10.44
11.93
13.44
14.93
16.44
17.94
19.45
20.96
22.44
23.95
25.45
26.95
28.46
29.93
31.44
32.96
34.43
35.96
37.46
38.96
40.46
41.95
43.47
44.96
46.46
47.96
49.46
50.97
52.47
53.96
55.46
56.97
58.49
59.95
61.47
62.97
64.46
65.97
67.47
68.97
70.47
71.97
73.47
74.97
76.47
77.97
79.47
80.97
82.47
83.97
85.47
86.97
88.47
89.97
91.48
92.98
94.48
95.98
97.47
98.98
100.48
101.97
103.48
104.98
106.48
107.98
109.48
110.98
112.46
113.97
115.48
116.99
118.48
119.99
121.49
122.98
124.48
125.99
127.49
128.99
130.48
131.98
133.49
134.99
136.49
137.99
140.62
143.62
146.65
149.61
152.62
155.62
158.62
161.62
164.24
166.49
167.99
169.5
171.01
172.5
174.01
175.51
177.02
178.51
180.01
181.51
183.02
184.51
186.01
187.52
189.01
190.51
191.99
193.51
195.01
196.51
198.01
199.51
201.01
202.51
204.0
205.51
207.01
208.51
210.02
211.52
213.01
214.52
216.02
217.52
219.02
220.52
222.04
223.51
225.0
226.53
228.03
