0.66
2.82
5.02
7.2
9.4
11.57
13.75
15.93
18.13
20.29
22.47
24.65
26.83
29.01
31.19
33.38
35.56
37.74
39.92
42.1
44.29
46.47
48.65
50.83
53.02
55.19
57.38
59.56
61.74
63.92
66.11
68.29
70.47
72.65
74.83
77.01
79.19
81.38
83.56
85.74
87.92
90.11
92.29
94.47
96.65
98.83
101.01
103.2
105.38
107.56
109.74
111.92
114.1
116.29
118.47
120.65
122.84
125.01
127.2
129.38
131.56
133.74
135.92
138.1
140.29
142.47
144.65
146.83
149.01
151.2
153.38
155.56
157.74
159.93
162.11
164.29
166.47
168.65
170.83
173.02
175.19
177.38
179.56
181.74
183.92
186.1
188.29
190.47
192.65
194.83
197.01
199.19
201.38
203.56
205.74
207.92
210.11
212.29
214.47
216.65
218.83
