1.19
2.66
4.04
5.5
6.97
8.93
10.9
12.87
14.83
16.8
18.77
20.73
22.7
24.67
26.63
28.6
30.57
32.54
34.5
36.5
38.45
40.41
42.37
44.34
46.31
48.28
50.24
52.21
54.17
56.15
58.11
60.08
62.05
64.01
65.98
67.94
69.91
71.88
73.85
75.81
77.78
79.75
81.72
83.68
85.65
87.62
89.58
91.44
93.11
94.99
96.96
98.93
100.9
102.86
104.83
106.8
108.77
110.73
112.7
114.67
116.64
118.6
120.57
122.53
124.5
126.47
128.43
130.4
132.37
134.34
136.31
138.27
140.24
142.21
144.18
146.17
148.14
150.08
152.04
154.01
155.98
157.95
159.91
161.88
163.85
165.81
167.78
169.75
171.72
173.69
175.65
177.62
179.58
181.55
183.52
185.49
187.45
189.42
191.39
193.36
195.32
197.29
199.25
