1.73
3.2
4.66
6.13
7.59
9.03
10.48
11.92
13.38
14.83
16.27
17.69
19.12
20.59
22.05
23.48
24.92
26.38
27.81
29.25
30.7
32.21
33.63
35.08
36.54
38.0
39.45
40.89
42.33
43.78
45.23
46.7
48.16
49.63
51.08
52.52
53.99
55.43
56.86
58.33
59.8
61.26
62.68
64.13
65.58
67.06
68.53
69.97
71.43
72.89
74.35
75.82
77.3
78.76
80.22
81.72
83.18
84.64
86.12
87.59
89.04
90.49
91.95
93.42
94.88
96.36
97.84
99.31
100.77
102.24
103.7
105.16
106.64
108.11
109.56
111.03
112.53
114.02
115.52
116.98
118.47
119.96
121.43
122.94
124.52
125.86
127.14
128.41
129.69
130.98
132.22
133.41
134.61
135.81
136.98
138.18
139.37
140.66
142.08
143.54
145.0
146.45
147.9
149.35
150.79
152.25
153.67
155.13
156.57
158.03
159.49
160.94
162.4
163.87
165.33
166.79
168.24
169.68
171.14
172.6
174.04
175.51
176.96
178.41
179.86
181.31
182.76
184.22
185.67
187.13
188.56
190.03
191.51
192.98
194.45
195.94
197.4
198.88
200.31
201.8
203.26
204.74
206.21
207.67
209.16
210.74
212.28
214.06
216.12
218.44
