1.9
4.25
6.6
8.95
11.29
13.63
15.98
18.33
20.68
23.02
25.38
27.7
30.05
32.4
34.75
37.12
39.44
41.79
44.14
46.52
48.86
51.21
53.56
55.88
58.26
60.6
62.95
65.28
67.64
69.99
72.33
74.67
77.04
79.39
81.74
84.06
86.41
88.76
91.11
93.48
95.8
98.15
100.5
102.87
105.22
107.57
109.92
112.24
114.62
116.97
119.31
121.64
123.98
126.33
128.68
131.06
133.38
135.72
138.07
140.45
142.79
145.15
147.49
149.82
152.19
154.54
156.88
159.21
161.56
163.91
166.25
168.63
170.95
173.3
175.65
178.02
180.36
182.71
185.06
187.41
189.76
192.11
194.46
