1.47
3.35
5.22
7.1
8.97
10.85
12.72
14.6
16.47
18.35
20.23
22.1
23.97
25.85
27.72
29.6
31.47
33.35
35.23
37.1
38.98
40.85
42.73
44.61
46.48
48.35
50.23
52.1
53.98
55.85
57.73
59.6
61.48
63.35
65.23
67.1
68.98
70.85
72.73
74.6
76.48
78.35
80.22
82.1
83.98
85.85
87.72
89.6
91.48
93.35
95.22
97.1
98.98
100.85
102.73
104.6
106.48
108.35
110.23
112.11
113.98
115.85
117.75
119.62
121.49
123.36
125.23
127.11
128.98
130.86
132.73
134.61
136.48
138.35
140.24
142.11
143.99
145.88
147.75
149.62
151.49
153.36
155.24
157.12
159.01
160.85
162.73
164.6
166.48
168.35
170.22
172.1
173.97
175.85
177.73
179.6
181.47
183.34
185.23
187.11
188.99
190.93
192.98
194.87
196.72
198.6
200.46
202.36
