1.5
3.37
5.27
7.17
9.07
10.96
12.85
14.73
16.62
18.53
20.41
22.31
24.19
26.07
27.97
29.86
31.74
33.61
35.53
37.41
39.3
41.16
43.09
44.98
46.86
48.76
50.64
52.52
54.41
56.31
58.2
60.09
61.98
63.86
65.75
67.64
69.54
71.42
73.31
75.23
77.11
78.98
80.88
82.77
84.65
86.54
88.44
90.32
92.21
94.1
95.99
97.88
99.77
101.66
103.55
105.44
107.33
109.22
111.11
113.0
114.88
116.78
118.67
120.56
122.45
124.35
126.22
128.12
130.01
131.9
133.79
135.69
137.57
139.45
141.35
143.23
145.13
147.01
148.9
150.79
152.68
154.55
156.46
158.35
160.24
162.13
164.02
165.92
167.8
169.69
171.58
173.47
175.37
177.25
179.15
181.04
182.92
184.81
186.71
188.57
190.47
192.38
194.25
196.16
198.02
199.96
201.82
203.72
205.62
207.5
209.38
211.26
213.16
215.04
216.94
218.83
220.71
222.61
224.49
226.38
228.27
230.17
232.06
233.95
235.84
237.72
239.75
241.8
