2.25
4.35
6.46
8.57
10.67
12.78
14.87
16.98
19.08
21.19
23.3
25.38
27.51
29.61
31.72
33.82
35.95
38.04
40.14
42.26
44.37
46.47
48.57
50.69
52.81
54.9
57.01
59.12
61.23
63.33
65.45
67.54
69.66
71.77
73.88
75.99
78.09
80.19
82.29
84.4
86.52
88.63
90.74
92.82
94.93
97.03
99.14
101.25
103.35
105.45
107.58
109.69
111.8
113.89
116.0
118.1
120.22
122.33
124.44
126.53
128.65
130.74
132.87
134.98
137.09
139.17
141.29
143.38
145.49
147.59
149.72
151.83
153.94
156.05
158.15
160.24
162.36
164.45
166.56
168.66
170.78
172.9
175.0
177.1
179.22
181.31
183.42
185.54
187.64
189.76
191.85
193.97
196.06
198.17
200.27
202.39
204.5
206.61
208.7
210.81
212.93
215.04
217.14
219.25
221.34
223.46
225.57
227.68
229.77
231.88
233.98
236.09
238.22
240.32
242.42
244.53
246.62
248.74
250.83
252.94
255.06
257.17
259.28
261.39
263.5
265.61
267.69
269.8
271.91
274.03
276.13
278.25
