2.5
5.74
8.99
12.23
15.47
18.71
21.96
25.2
28.45
31.69
34.93
38.18
41.42
44.66
47.91
51.15
54.39
57.63
60.88
64.11
67.37
70.61
73.85
77.09
80.34
83.58
86.82
90.07
93.3
96.54
99.79
103.03
106.28
109.53
112.77
116.01
119.26
122.5
125.74
128.97
132.23
135.47
138.72
141.96
145.2
148.44
151.68
154.93
158.17
161.42
164.66
167.9
171.15
174.39
177.63
180.88
184.12
187.36
190.61
193.85
197.1
200.33
203.58
206.82
210.09
213.3
216.57
219.82
223.04
226.28
229.53
232.77
236.02
239.25
242.5
245.74
248.99
252.23
255.47
258.72
261.96
265.2
268.44
271.69
