0.56
2.42
4.28
6.14
8.0
9.86
11.72
13.58
15.44
17.3
19.16
21.02
22.88
24.74
26.6
28.46
30.33
32.2
34.06
35.92
37.79
39.64
41.5
43.33
45.21
47.07
48.93
50.79
52.65
54.51
56.37
58.23
60.1
61.96
63.82
65.68
67.54
69.4
71.26
73.12
74.99
76.85
78.71
80.57
82.43
84.28
86.14
88.0
89.87
91.73
93.59
95.45
97.31
99.17
101.04
102.82
104.75
106.61
108.47
110.33
112.19
114.05
115.91
117.77
119.63
121.49
123.35
125.21
127.08
128.94
130.8
132.64
134.52
136.38
138.24
140.1
141.96
143.82
145.68
147.54
149.42
151.29
153.15
155.01
156.88
158.74
160.6
162.43
164.27
166.13
167.99
169.85
171.72
173.58
175.44
177.3
179.16
181.02
182.88
184.74
186.6
188.46
190.32
192.19
194.04
195.9
197.76
199.62
201.48
203.34
205.2
207.07
208.93
210.79
212.65
214.51
216.37
218.23
220.09
221.95
223.81
225.67
227.53
229.39
231.25
233.11
234.97
236.83
238.69
240.55
242.41
244.27
246.13
247.99
249.85
251.71
