1.28
2.89
4.49
6.09
7.69
9.29
10.89
12.49
14.1
15.69
17.3
18.89
20.49
22.09
23.69
25.29
26.89
28.48
30.09
31.69
33.29
34.89
36.49
38.09
39.69
41.28
42.89
44.49
46.09
47.69
49.29
50.88
52.49
54.09
55.69
57.29
58.89
60.49
62.09
63.69
65.29
66.89
68.49
70.09
71.69
73.29
74.89
76.49
78.09
79.69
81.29
82.89
84.49
86.09
87.69
89.29
90.89
92.49
94.09
95.69
97.29
98.89
100.49
102.09
103.69
105.29
106.89
108.49
110.09
111.69
113.29
114.89
116.48
118.09
119.69
121.28
122.89
124.48
126.08
127.68
129.29
130.89
132.49
134.09
135.69
137.29
138.89
140.48
141.71
143.29
144.9
146.48
148.09
149.69
151.3
152.89
154.47
156.09
157.7
159.29
160.89
162.49
164.1
165.7
167.27
168.65
170.1
171.69
173.29
174.89
176.49
178.09
179.69
181.29
182.89
184.49
186.09
187.69
189.29
190.89
192.49
194.09
195.69
197.29
198.89
200.49
202.09
203.69
205.28
206.89
208.49
210.08
211.69
213.29
214.89
216.49
218.09
219.69
221.29
222.89
224.48
