1.96
4.26
6.61
8.88
11.21
13.49
15.79
18.11
20.42
22.74
25.05
27.37
29.65
31.95
34.31
36.66
38.89
41.19
43.5
45.81
48.12
50.43
52.73
55.04
57.35
59.66
61.97
64.3
66.55
68.89
71.2
73.5
75.81
78.12
80.43
82.74
85.05
87.36
89.66
91.97
94.28
96.59
98.9
101.2
103.5
105.81
108.12
110.43
112.74
115.05
117.35
119.66
121.97
124.27
126.58
128.89
131.2
133.51
135.81
138.12
140.43
142.74
145.04
147.35
149.66
151.97
154.17
155.96
157.86
160.07
162.31
164.64
166.96
169.28
171.58
173.89
176.2
178.51
180.82
183.12
185.66
188.03
190.32
192.63
