2.3
5.23
8.16
11.09
14.01
16.94
19.87
22.79
25.71
28.64
31.57
34.5
37.42
40.35
43.28
46.2
48.4
49.86
51.33
52.79
54.26
55.72
57.19
58.64
60.11
61.57
63.04
64.5
65.97
67.42
68.9
70.35
71.82
73.28
74.75
76.2
77.68
79.13
80.6
82.06
83.53
84.98
86.45
87.91
89.38
90.84
92.31
93.78
95.24
96.7
98.17
99.64
101.1
102.57
104.02
105.47
106.94
108.4
109.86
111.32
112.8
114.25
115.73
117.18
118.65
120.11
121.58
123.03
124.51
125.96
127.43
128.89
130.36
131.82
133.28
134.76
136.22
137.67
139.14
140.6
142.06
143.52
144.99
146.45
147.92
149.38
150.84
152.3
153.77
155.23
156.7
158.16
159.63
161.08
162.55
164.01
165.47
166.94
168.41
169.87
171.34
172.8
174.26
175.71
177.18
178.64
180.11
181.57
183.04
184.49
185.97
187.43
188.89
190.35
191.82
193.28
194.75
196.21
197.68
199.13
200.6
202.06
203.53
204.99
206.46
207.92
209.38
210.84
212.31
213.77
215.24
216.7
218.17
219.62
221.09
222.55
224.02
225.48
226.95
228.4
229.88
231.33
232.8
