2.38
5.26
8.13
10.98
13.84
16.7
19.55
22.42
25.27
28.13
30.99
33.84
36.7
39.56
42.41
45.27
48.13
50.99
53.84
56.69
59.56
62.42
65.27
68.13
70.99
73.83
76.7
79.56
82.4
85.32
88.13
90.98
93.84
96.69
99.55
102.42
105.27
108.12
110.98
113.85
116.7
119.56
122.41
125.27
128.13
130.99
133.84
136.7
139.56
142.41
145.27
148.13
150.99
153.86
156.72
159.58
162.43
165.25
168.15
170.96
173.87
176.68
179.55
182.41
185.26
188.13
190.98
193.84
196.69
199.59
202.4
205.25
208.11
210.97
213.84
216.7
219.55
222.41
225.31
228.16
231.01
233.86
