1.58
3.23
4.89
6.51
8.09
9.63
11.28
13.06
14.73
16.37
18.01
19.66
21.31
22.93
24.6
26.24
27.89
29.52
31.17
32.82
34.44
36.1
37.73
39.38
41.03
42.68
44.31
45.95
47.6
49.26
50.91
52.54
54.18
55.83
57.47
59.11
60.74
62.38
64.03
65.67
67.3
68.95
70.61
72.23
73.91
75.56
77.21
78.86
80.5
82.14
83.78
85.41
87.07
88.71
90.36
91.99
93.64
95.27
96.93
98.58
100.22
101.85
103.51
105.14
106.8
108.43
110.08
111.73
113.37
115.0
116.65
118.28
119.94
121.58
123.22
124.86
126.52
128.16
129.81
131.43
133.09
134.72
136.37
138.01
139.67
141.31
142.96
144.59
146.25
147.88
149.53
151.16
152.82
154.46
156.11
157.76
159.39
161.02
162.68
164.3
165.97
167.62
169.25
170.89
172.55
174.19
175.83
177.48
179.13
180.75
182.41
184.03
185.7
187.33
188.97
190.63
192.27
193.91
195.54
197.19
198.84
200.49
202.11
203.76
205.41
207.05
208.67
210.34
212.03
213.63
215.23
216.92
218.59
220.22
221.87
223.49
225.17
226.82
228.45
230.09
231.73
233.36
235.02
236.65
238.29
239.94
241.58
243.22
244.88
246.51
248.16
249.8
251.44
253.09
254.74
