0.22
2.08
3.93
5.8
7.66
9.52
11.38
13.24
15.1
16.96
18.82
20.68
22.54
24.4
26.26
28.12
29.98
31.84
33.7
35.57
37.42
39.28
41.14
43.0
44.86
46.73
48.59
50.45
52.31
54.16
56.03
57.89
59.75
61.61
63.47
65.33
67.19
69.05
70.91
72.77
74.63
76.49
78.35
80.21
82.07
83.93
85.8
87.65
89.52
91.38
93.24
95.1
96.96
98.82
100.68
102.54
104.4
106.26
108.12
109.98
111.84
113.7
115.57
117.42
119.28
121.14
123.0
124.86
126.73
128.59
130.45
132.31
134.17
136.03
137.89
139.75
141.61
143.47
145.34
147.19
149.05
150.91
152.77
154.63
156.49
158.35
160.21
162.08
163.94
165.79
167.65
169.52
171.38
173.24
175.1
176.96
178.82
180.68
182.54
184.4
186.26
188.12
189.98
191.84
193.7
195.56
197.43
199.28
201.14
203.0
204.87
206.72
208.59
210.45
212.31
214.17
216.03
217.89
219.75
221.61
223.46
