0.74
2.62
4.52
6.41
8.29
10.18
12.07
13.97
15.85
17.75
19.63
21.53
23.41
25.3
27.19
29.08
30.97
32.86
34.75
36.65
38.53
40.42
42.31
44.2
46.09
47.98
49.87
51.76
53.65
55.54
57.43
59.32
61.21
63.1
64.99
66.88
68.77
70.66
72.54
74.44
76.32
78.21
80.11
82.0
83.88
85.78
87.67
89.55
91.44
93.33
95.22
97.12
99.0
100.89
102.79
104.67
106.56
108.45
110.34
112.23
114.12
116.01
117.91
119.79
121.68
123.57
125.46
127.35
129.24
131.12
133.01
134.91
136.8
138.69
140.57
142.47
144.36
146.25
148.14
150.03
151.91
153.81
155.7
157.59
159.47
161.36
163.25
165.14
167.02
168.92
170.8
172.7
174.6
176.48
178.37
180.26
182.15
184.04
185.93
187.82
189.71
191.6
193.49
195.38
197.27
199.16
201.05
202.94
