2.07
4.62
7.17
9.73
12.28
14.83
17.39
19.94
22.49
25.04
27.6
30.15
32.71
35.26
37.81
40.37
42.92
45.47
48.03
50.58
53.13
55.69
58.24
60.79
63.34
65.9
68.46
71.01
73.56
76.11
78.66
81.22
83.76
86.32
88.88
91.43
93.98
96.51
99.09
101.65
104.2
106.75
109.31
111.86
114.4
116.97
119.52
122.06
124.62
127.17
129.72
132.28
134.83
137.38
139.95
142.49
145.04
147.6
150.16
152.7
155.26
157.81
160.37
162.93
165.47
168.02
170.58
173.14
175.69
178.23
180.8
183.35
185.9
188.45
191.01
193.56
196.12
198.67
201.21
203.77
206.33
208.88
211.43
213.98
216.53
219.08
221.64
224.2
226.75
229.3
231.85
