13.97
17.4
20.55
23.78
27.22
30.56
33.91
37.23
40.55
43.58
46.54
49.6
52.68
55.49
58.2
60.68
63.2
65.68
68.18
70.7
73.2
75.67
78.19
80.68
83.21
85.71
88.21
90.71
93.21
95.71
98.22
100.71
103.21
105.71
108.21
110.68
113.22
115.71
118.22
120.68
123.21
125.71
128.21
130.71
133.21
135.7
138.21
140.71
143.2
145.75
148.18
150.7
153.22
155.71
158.2
160.71
163.2
165.71
168.23
170.7
173.21
175.72
178.21
180.72
183.19
185.7
188.22
190.7
193.22
195.7
198.22
200.71
203.22
205.69
208.21
210.72
213.22
215.72
218.21
220.71
223.21
225.71
228.22
230.71
