1.79
4.39
7.0
9.46
11.46
13.34
15.22
16.95
18.61
20.49
22.36
24.23
26.11
27.98
29.86
31.73
33.61
35.48
37.36
39.24
41.12
42.99
44.87
46.74
48.62
50.49
52.37
54.23
56.12
57.99
59.87
61.74
63.62
65.5
67.37
69.25
71.13
73.0
74.88
76.75
78.63
80.5
82.38
84.26
86.13
88.01
89.88
91.76
93.64
95.51
97.39
99.27
101.14
103.01
104.89
106.76
108.64
110.52
112.39
114.27
116.15
118.02
119.9
121.78
123.65
125.52
127.41
129.28
131.15
133.03
134.9
136.78
138.66
140.53
142.41
144.28
146.16
148.04
149.91
151.79
153.66
155.54
157.41
159.29
161.17
163.04
164.92
166.8
168.67
170.55
172.42
174.32
176.17
178.04
179.92
181.8
183.69
185.56
187.44
189.32
