1.47
3.34
5.22
7.09
8.97
10.84
12.72
14.59
16.47
18.34
20.22
22.09
23.97
25.84
27.72
29.59
31.47
33.34
35.22
37.09
38.97
40.84
42.72
44.59
46.48
48.35
50.22
52.1
53.98
55.86
57.74
59.61
61.48
63.35
65.22
67.1
68.97
70.85
72.72
74.6
76.48
78.35
80.23
82.1
83.97
85.85
87.72
89.6
91.48
93.35
95.22
97.09
98.97
100.85
102.71
104.59
106.47
108.35
110.22
112.09
113.97
115.84
117.72
119.61
121.48
123.35
125.23
127.1
128.97
130.85
132.73
134.6
136.48
138.35
140.23
142.1
143.97
145.85
147.73
149.6
151.47
153.34
155.22
157.09
158.97
160.84
162.72
164.59
166.47
168.34
170.22
172.09
173.98
175.86
177.73
179.61
181.48
183.35
185.23
187.1
188.98
190.85
192.73
194.6
196.48
198.35
200.22
202.1
203.98
205.85
207.72
209.6
211.48
213.35
215.22
217.1
218.98
220.85
222.72
224.6
226.48
228.35
230.22
232.1
233.98
235.85
237.72
239.6
241.48
243.35
245.23
247.1
248.98
250.85
252.73
254.6
256.48
258.35
260.23
262.1
263.98
265.85
267.73
269.6
