0.32
2.19
4.07
5.94
7.82
9.69
11.57
13.44
15.32
17.19
19.07
20.94
22.82
24.69
26.57
28.44
30.32
32.2
34.07
35.95
37.82
39.7
41.57
43.45
45.32
47.2
49.07
50.95
52.82
54.7
56.57
58.45
60.32
62.2
64.07
65.95
67.82
69.7
71.57
73.44
75.32
77.2
79.07
80.95
82.82
84.7
86.57
88.45
90.32
92.2
94.07
95.94
97.82
99.69
101.57
103.44
105.32
107.2
109.07
110.94
112.82
114.7
116.57
118.45
120.32
122.2
124.07
125.95
127.84
129.7
131.58
133.46
135.33
137.2
139.07
140.95
142.82
144.69
146.57
148.45
150.32
152.2
154.06
155.94
157.82
159.69
161.57
163.44
165.32
167.2
169.07
170.94
172.82
174.7
176.57
178.44
180.32
182.21
184.08
185.96
187.82
189.7
191.57
193.45
195.33
197.2
199.08
200.95
202.83
204.7
206.57
208.45
210.33
212.2
214.07
215.95
217.82
219.7
221.57
223.45
225.32
227.2
229.07
230.95
232.82
234.7
236.57
238.44
240.32
242.2
244.07
245.95
247.82
249.7
251.57
253.44
255.32
257.2
259.07
260.95
262.82
264.7
266.57
268.44
270.32
272.2
274.07
275.95
277.82
279.7
281.57
283.45
285.32
287.2
289.07
290.95
292.82
294.7
296.57
298.45
300.32
302.2
304.07
305.95
307.82
309.7
311.57
313.45
315.32
317.2
319.07
320.95
322.82
324.69
326.57
328.44
330.32
332.19
334.07
335.94
337.82
