1.58
3.36
5.13
6.91
8.69
10.47
12.25
14.02
15.81
17.58
19.36
21.14
22.92
24.69
26.47
28.25
30.03
31.81
33.58
35.36
37.14
38.91
40.69
42.47
44.25
46.03
47.8
49.58
51.36
53.14
54.92
56.7
58.47
60.25
62.03
63.81
65.58
67.36
69.14
70.92
72.69
74.47
76.25
78.03
79.81
81.58
83.36
85.14
86.92
88.69
90.47
92.25
94.03
95.81
97.58
99.36
101.14
102.92
104.69
106.47
108.25
110.03
111.8
113.58
115.36
117.14
118.91
120.69
122.47
124.25
126.03
127.8
129.58
131.36
133.14
134.92
136.7
138.47
140.25
142.03
143.81
145.59
147.37
149.14
150.92
152.7
154.46
156.26
158.03
159.81
161.58
163.36
165.12
166.92
168.69
170.47
172.25
174.03
175.81
177.58
179.36
181.14
182.92
184.7
186.47
188.25
190.03
191.81
193.58
195.36
197.14
198.92
200.69
202.47
