2.35
5.16
8.0
10.79
13.56
16.4
19.2
22.05
24.84
27.7
30.53
33.37
36.2
39.01
41.84
44.63
47.48
50.27
53.12
55.97
58.75
61.57
64.39
67.22
70.04
72.86
75.69
78.51
81.32
84.16
86.99
89.82
92.64
95.46
98.28
101.11
103.93
106.76
109.58
112.41
115.22
118.05
120.88
123.69
126.52
129.38
132.16
134.98
137.81
140.63
143.45
146.28
149.1
151.92
154.75
157.57
160.39
163.22
166.04
168.86
171.69
174.54
177.32
180.2
183.0
185.82
188.64
191.45
194.28
197.14
199.92
202.75
205.57
208.39
211.22
214.04
216.87
219.69
222.6
225.4
228.22
