1.5
3.4
5.31
7.21
9.12
11.02
12.93
14.83
16.76
18.67
20.57
22.49
24.38
26.29
28.19
30.09
31.97
33.88
35.79
37.69
39.59
41.5
43.41
45.31
47.21
49.12
51.02
52.93
54.83
56.74
58.64
60.55
62.45
64.35
66.26
68.16
70.07
71.97
73.88
75.76
77.68
79.59
81.5
83.4
85.3
87.21
89.11
91.03
92.93
94.83
96.74
98.64
100.55
102.45
104.36
106.26
108.17
110.07
111.97
113.88
115.79
117.69
119.59
121.5
123.4
125.32
127.21
129.12
131.02
132.93
134.83
136.74
138.64
140.54
142.45
144.35
146.26
148.17
150.06
151.98
153.88
155.78
157.69
159.59
161.5
163.4
165.31
167.21
169.12
171.02
172.93
174.83
176.74
178.64
180.54
182.46
184.37
186.26
188.2
190.06
191.97
193.88
195.78
197.69
199.59
201.5
203.4
205.31
207.21
209.12
211.02
212.93
214.79
216.75
218.66
220.55
222.45
224.35
226.26
228.16
230.07
231.97
233.87
235.78
