1.5
3.32
5.14
6.95
8.77
10.59
12.41
14.23
16.04
17.86
19.68
21.5
23.32
25.13
26.95
28.77
30.59
32.41
34.23
36.05
37.86
39.69
41.5
43.32
45.14
46.96
48.78
50.59
52.41
54.23
56.05
57.87
59.68
61.5
63.32
65.14
66.96
68.78
70.59
72.41
74.23
76.05
77.86
79.68
81.5
83.32
85.14
86.96
88.77
90.59
92.41
94.23
96.05
97.86
99.69
101.5
103.32
105.14
106.96
108.78
110.59
112.41
114.23
116.05
117.87
119.69
121.5
123.32
125.14
126.96
128.78
130.59
132.41
134.23
136.05
137.86
139.69
141.5
143.32
145.14
146.96
148.78
150.6
152.41
154.23
156.05
157.87
159.68
161.5
163.33
165.15
166.96
168.78
170.6
172.41
174.23
176.05
177.87
179.69
181.51
183.32
185.14
186.96
188.78
190.6
192.42
194.23
196.05
197.87
199.69
201.51
203.32
205.14
206.96
208.78
210.59
212.41
214.29
216.14
