1.56
3.48
5.4
7.32
9.25
11.16
13.09
15.01
16.92
18.84
20.77
22.69
24.61
26.53
28.44
30.37
32.29
34.2
36.13
38.04
39.96
41.88
43.8
45.72
47.65
49.56
51.47
53.4
55.33
57.25
59.17
61.09
63.01
64.93
66.85
68.77
70.69
72.6
74.53
76.44
78.37
80.28
82.21
84.13
86.05
87.97
89.89
91.81
93.73
95.65
97.56
99.49
101.4
103.33
105.25
107.17
109.09
111.01
112.92
114.83
116.77
118.69
120.61
122.53
124.45
126.37
128.28
130.2
132.12
134.05
135.97
137.89
139.8
141.73
143.65
145.57
147.49
149.41
151.33
153.25
155.16
157.08
159.01
160.92
162.84
164.77
166.69
168.61
170.52
172.45
174.37
176.29
178.21
180.13
182.04
183.96
185.89
187.81
189.73
191.65
193.56
195.49
197.41
199.33
201.25
203.17
205.09
207.01
208.93
210.85
212.77
214.69
216.61
218.53
220.45
222.37
224.29
