1.71
3.86
6.01
8.16
10.31
12.46
14.61
16.76
18.91
21.06
23.22
25.37
27.52
29.67
31.82
33.97
36.12
38.27
40.42
42.57
44.72
46.87
49.03
51.18
53.33
55.48
57.63
59.78
61.93
64.08
66.25
68.39
70.56
72.71
74.86
76.99
79.14
81.29
83.44
85.59
87.74
89.89
92.04
94.19
96.34
98.49
100.64
102.8
104.95
107.1
109.25
111.4
113.55
115.7
117.85
120.0
122.15
124.3
126.45
128.6
130.75
132.9
135.05
137.2
139.35
141.51
143.66
145.83
147.96
150.11
152.26
154.41
156.56
158.71
160.87
163.02
165.17
167.32
169.47
171.62
173.77
175.92
178.07
180.22
182.37
184.52
186.67
188.83
190.98
193.13
195.28
197.43
199.59
201.73
203.87
206.03
208.21
210.34
212.48
