1.55
3.4
5.24
7.09
8.93
10.78
12.63
14.47
16.32
18.16
20.01
21.86
23.7
25.55
27.4
29.24
31.09
32.94
34.77
36.63
38.47
40.31
42.16
44.01
45.86
47.7
49.55
51.39
53.24
55.09
56.93
58.78
60.63
62.47
64.32
66.15
68.01
69.86
71.7
73.55
75.39
77.24
79.09
80.93
82.78
84.63
86.47
88.32
90.17
92.01
93.86
95.71
97.55
99.4
101.25
103.09
104.93
106.78
108.63
110.47
112.32
114.17
116.01
117.86
119.7
121.55
123.4
125.24
127.09
128.93
130.78
132.63
134.47
136.32
138.17
140.01
141.85
143.7
146.12
148.32
150.16
152.01
153.86
155.7
157.54
159.4
161.24
163.09
164.93
166.78
168.63
170.47
172.32
174.16
176.01
