1.5
3.38
5.25
7.13
9.0
10.88
12.75
14.62
16.5
18.38
20.25
22.13
24.0
25.88
27.75
29.62
31.5
33.38
35.25
37.13
39.0
40.88
42.75
44.62
46.5
48.38
50.25
52.13
54.0
55.88
57.75
59.63
61.5
63.38
65.25
67.13
69.0
70.88
72.75
74.63
76.5
78.38
80.25
82.13
84.0
85.88
87.75
89.63
91.5
93.38
95.25
97.13
99.0
100.88
102.75
104.63
106.5
108.38
110.25
112.12
114.0
115.88
117.75
119.62
121.5
123.38
125.25
127.13
129.0
130.88
132.75
134.62
136.52
138.39
140.27
142.14
144.01
145.87
147.74
149.61
151.5
153.37
155.25
157.12
159.0
160.88
162.75
164.62
166.5
168.38
170.25
172.13
174.0
175.88
177.75
179.63
181.5
183.38
185.25
187.13
189.0
190.88
192.75
194.62
196.5
198.38
200.25
202.13
204.0
205.88
207.75
209.63
211.5
213.38
215.25
217.12
219.0
220.88
222.75
224.63
226.5
228.37
230.25
232.12
234.0
235.87
237.75
239.64
241.5
243.37
245.25
247.12
249.0
250.87
252.75
254.62
256.5
258.37
260.25
262.12
264.0
265.88
267.75
269.63
271.5
273.37
275.25
277.13
279.0
280.88
282.75
284.63
286.5
288.38
290.25
292.13
294.0
295.88
297.75
299.63
301.5
303.38
305.25
307.13
309.0
310.88
312.75
314.62
