2.04
4.46
6.89
9.31
11.73
14.16
16.58
19.0
21.42
23.85
26.29
28.67
31.1
33.52
35.95
38.37
40.79
43.22
45.64
48.06
50.49
52.91
55.33
57.76
60.18
62.6
65.03
67.45
69.87
72.3
74.72
77.14
79.57
81.99
84.41
86.83
89.26
91.68
94.11
96.53
98.95
101.38
103.8
106.22
108.64
111.07
113.49
115.91
118.34
120.76
123.19
125.61
128.04
130.49
132.87
135.31
137.73
140.15
142.57
145.0
147.42
149.84
152.27
154.69
157.11
159.54
161.96
164.38
166.81
169.23
171.65
174.08
176.5
178.92
181.35
183.77
186.2
188.62
191.04
193.47
195.89
198.31
200.74
203.16
205.83
