1.61
3.54
5.5
7.43
9.35
11.32
13.28
15.22
17.17
19.12
21.07
23.02
24.97
26.93
28.88
30.83
32.78
34.73
36.68
38.63
40.58
42.53
44.49
46.44
48.39
50.34
52.29
54.24
56.19
58.14
60.1
62.05
64.0
65.95
67.9
69.85
71.8
73.75
75.71
77.66
79.61
81.56
83.51
85.46
87.41
89.36
91.32
93.27
95.22
97.17
99.12
101.07
103.02
104.98
106.93
108.88
110.83
112.78
114.73
116.68
118.63
120.59
122.54
124.49
126.44
128.39
130.34
132.29
134.24
136.19
138.15
140.1
142.05
144.0
145.95
147.9
149.85
151.8
153.76
155.71
157.66
159.61
161.56
163.51
165.46
167.42
169.37
171.32
173.27
175.22
177.17
179.12
181.07
183.02
184.98
186.93
188.88
190.83
192.78
194.73
196.68
198.63
200.59
202.54
204.48
206.44
208.39
210.34
212.29
214.24
216.2
218.14
220.1
222.05
224.0
225.95
227.9
229.85
231.8
233.75
235.73
237.65
