1.48
3.32
5.17
7.02
8.86
10.71
12.56
14.4
16.25
18.09
19.94
21.79
23.63
25.48
27.32
29.17
31.02
32.87
34.71
36.56
38.4
40.25
42.09
43.94
45.79
47.63
49.48
51.33
53.17
55.02
56.87
58.71
60.56
62.4
64.25
66.1
67.94
69.79
71.63
73.48
75.32
77.17
79.02
80.87
82.71
84.56
86.4
88.25
90.1
91.94
93.79
95.64
97.48
99.33
101.17
103.02
104.86
106.71
108.56
110.4
112.25
114.09
115.94
117.8
119.64
121.48
123.33
125.17
127.02
128.87
130.71
132.55
134.4
136.25
138.1
139.94
141.79
143.63
145.48
147.33
149.17
151.02
152.87
154.71
156.56
158.4
160.25
162.1
163.94
165.79
167.63
169.48
171.32
173.17
175.02
176.85
178.71
