1.48
3.34
5.21
7.07
8.93
10.79
12.65
14.52
16.38
18.23
20.1
21.96
23.82
25.68
27.54
29.4
31.25
33.1
34.98
36.84
38.7
40.56
42.42
44.3
46.14
48.0
49.85
51.72
53.58
55.44
57.3
59.16
61.01
62.88
64.74
66.6
68.46
70.32
72.18
74.06
75.89
77.77
79.63
81.49
83.33
85.2
87.06
88.94
90.79
92.65
94.51
96.37
98.23
100.09
101.95
103.81
105.67
107.53
109.39
111.25
113.11
114.97
116.83
118.69
120.56
122.41
124.28
126.14
128.0
129.85
131.72
133.57
135.46
137.3
139.16
141.02
142.86
144.74
146.59
148.45
150.31
152.18
154.04
155.9
157.76
159.62
161.48
163.34
165.2
167.06
168.92
170.78
172.64
174.5
176.36
178.22
180.08
181.95
183.81
185.66
187.54
189.4
191.27
193.11
194.96
196.82
198.68
200.55
202.4
204.26
206.13
207.99
209.85
211.71
213.57
215.43
217.29
219.15
221.01
222.87
