1.48
3.38
5.27
7.17
9.08
10.97
12.87
14.77
16.65
18.55
20.45
22.33
24.24
26.14
28.03
29.93
31.84
33.72
35.62
37.52
39.41
41.29
43.18
45.08
46.98
48.9
50.77
52.66
54.56
56.44
58.35
60.26
62.14
64.04
65.96
67.85
69.72
71.64
73.51
75.39
77.28
79.22
81.1
82.98
84.88
86.8
88.67
90.54
92.44
94.34
96.24
98.14
100.03
101.92
103.8
105.71
107.59
109.49
111.38
113.27
115.17
117.07
118.97
120.89
122.75
124.65
126.54
128.44
130.34
132.24
134.12
136.04
137.91
139.81
141.69
143.6
145.5
147.39
149.28
151.18
153.07
154.97
156.86
158.76
160.66
162.55
164.45
166.35
168.24
170.12
172.01
173.91
175.81
177.7
179.58
181.49
183.38
185.28
187.17
189.07
190.99
192.85
194.76
196.64
198.55
200.46
202.34
204.24
206.13
208.0
209.91
211.79
213.71
215.6
217.5
219.4
221.28
223.16
225.07
226.96
228.86
230.76
232.65
234.55
236.43
