1.37
2.96
4.56
6.16
7.77
9.37
10.97
12.56
14.17
15.76
17.36
18.96
20.56
22.15
23.75
25.36
26.95
28.55
30.15
31.76
33.36
34.96
36.55
38.15
39.75
41.35
42.95
44.56
46.15
47.74
49.35
50.95
52.55
54.16
55.75
57.36
58.95
60.55
62.16
63.76
65.36
66.96
68.56
70.15
71.76
73.36
74.95
76.55
78.16
79.76
81.35
82.96
84.55
86.15
87.75
89.35
90.96
92.56
94.15
95.75
97.36
98.95
100.55
102.15
103.75
105.34
106.95
108.56
110.16
111.76
113.35
114.95
116.55
118.15
119.75
121.36
122.95
124.56
126.15
127.75
129.36
130.95
132.55
134.15
135.75
137.35
138.95
140.55
142.16
143.75
145.35
146.95
148.56
150.16
151.76
153.34
154.95
156.56
158.15
159.75
161.35
162.95
164.55
166.14
167.75
169.35
170.95
172.56
174.15
175.75
177.35
178.95
180.56
182.15
183.75
185.35
186.95
188.55
190.15
191.75
193.35
194.95
196.55
198.15
199.75
201.35
202.94
204.55
206.15
207.75
209.35
210.96
212.56
214.16
