0.73
2.69
4.68
6.65
8.63
10.61
12.6
14.59
16.55
18.53
20.52
22.49
24.47
26.45
28.43
30.41
32.39
34.37
36.34
38.33
40.3
42.29
44.27
46.24
48.23
50.21
52.19
54.16
56.15
58.12
60.12
62.1
64.06
66.05
68.04
70.02
71.98
73.96
75.94
77.91
79.9
81.88
83.86
85.84
87.82
89.8
91.78
93.76
95.73
97.71
99.7
101.67
103.66
105.63
107.62
109.59
111.57
113.55
115.54
117.51
119.5
121.47
123.46
125.44
127.41
129.4
131.37
133.36
135.33
137.31
139.29
141.28
143.27
145.22
147.2
149.18
151.16
153.14
155.12
157.12
159.08
161.08
163.07
165.05
167.01
168.98
170.99
172.95
174.93
176.9
178.88
180.85
182.84
184.81
186.8
188.79
190.75
192.74
194.72
196.71
198.67
200.65
202.64
204.63
206.59
208.57
210.55
212.53
214.51
216.49
218.48
220.46
222.42
224.4
226.39
228.37
230.35
232.32
234.31
236.28
238.26
240.24
242.22
244.2
246.18
248.18
250.17
252.15
254.12
256.11
