1.39
3.09
4.78
6.45
8.12
9.77
11.43
13.08
14.74
16.4
18.05
19.71
21.36
23.02
24.67
26.33
27.98
29.64
31.29
32.95
34.6
36.26
37.91
39.57
41.22
42.88
44.53
46.19
47.85
49.5
51.16
52.81
54.47
56.12
57.78
59.43
61.09
62.74
64.4
66.05
67.71
69.36
71.02
72.67
74.33
75.98
77.64
79.29
80.95
82.6
84.26
85.91
87.57
89.22
90.88
92.53
94.19
95.85
97.5
99.16
100.81
102.47
104.12
105.78
107.43
109.09
110.74
112.4
114.05
115.71
117.36
119.02
120.67
122.33
123.97
125.63
127.29
128.95
130.59
132.25
133.91
135.56
137.22
138.88
140.53
142.19
143.84
145.5
147.15
148.81
150.47
152.13
153.78
155.43
157.09
158.74
160.4
162.05
163.71
165.36
167.02
168.67
170.33
171.99
173.64
175.3
176.95
178.6
180.26
181.91
183.57
185.22
186.88
188.54
190.19
191.84
193.5
195.16
196.81
198.47
200.12
201.78
203.43
205.09
206.67
207.95
