0.5
2.23
3.97
5.7
7.44
9.18
10.91
12.66
14.4
16.14
17.87
19.61
21.35
23.09
24.83
26.57
28.31
30.05
31.79
33.53
35.26
37.0
38.74
40.48
42.22
43.96
45.7
47.44
49.18
50.92
52.66
54.4
56.14
57.88
59.61
61.35
63.09
64.83
66.57
68.31
70.05
71.79
73.53
75.26
77.0
78.74
80.48
82.22
83.96
85.7
87.44
89.18
90.92
92.66
94.4
96.13
97.87
99.61
101.35
103.09
104.83
106.56
108.31
110.05
111.79
113.52
115.27
117.0
118.74
120.48
122.22
123.96
125.7
127.44
129.18
130.92
132.66
134.4
136.14
137.87
139.61
141.35
143.09
144.83
146.57
148.31
150.05
151.79
153.53
155.26
157.01
158.74
160.52
162.26
164.0
165.71
167.45
169.19
170.93
172.66
174.39
176.14
177.87
179.61
181.36
183.09
184.83
186.57
188.31
190.05
191.78
193.53
195.27
197.01
198.75
200.48
202.22
203.96
205.7
207.44
209.18
210.92
212.66
214.39
216.14
217.87
219.61
221.35
223.12
225.04
