1.23
2.52
3.82
5.12
6.41
7.71
9.01
10.31
11.6
12.9
14.19
15.49
16.79
18.09
19.39
20.68
21.98
23.28
24.57
25.87
27.17
28.47
29.77
31.06
32.36
33.66
34.96
36.25
37.55
38.85
40.15
41.44
42.74
44.04
45.33
46.63
47.93
49.23
50.52
51.82
53.12
54.42
55.71
57.01
58.31
59.6
60.9
62.2
63.5
64.79
66.09
67.39
68.69
69.98
71.28
72.58
73.88
75.17
76.47
77.76
79.06
80.36
81.66
82.95
84.25
85.55
86.84
88.14
89.44
90.74
92.03
93.33
94.63
95.93
97.23
98.52
99.82
101.12
102.42
103.71
105.01
106.31
107.6
108.9
110.2
111.5
112.79
114.09
115.39
116.69
117.98
119.28
120.58
121.87
123.17
124.47
125.77
127.06
128.36
129.66
130.95
132.25
133.55
134.85
136.14
137.44
138.74
140.03
141.33
142.63
143.93
145.24
146.52
147.82
149.12
150.41
151.71
153.01
154.31
155.6
156.9
158.2
159.5
160.79
162.09
163.39
164.68
165.98
167.28
168.58
169.87
171.17
172.47
173.77
175.06
176.36
177.66
178.96
180.25
181.55
182.85
184.14
185.44
186.72
188.03
