2.03
4.34
6.63
8.92
11.21
13.5
15.78
18.07
20.35
22.64
24.93
27.21
29.5
31.79
34.07
36.36
38.64
40.93
43.21
45.5
47.79
50.07
52.35
54.64
56.93
59.21
61.5
63.79
66.07
68.35
70.64
72.93
75.21
77.5
79.79
82.07
84.36
86.64
88.93
91.22
93.5
95.79
98.07
100.36
102.64
104.93
107.22
109.5
111.78
114.07
116.35
118.64
120.93
123.22
125.5
127.78
130.07
132.36
134.64
136.92
139.22
141.5
143.79
146.07
148.36
150.65
152.93
155.22
157.5
159.79
162.07
164.36
166.65
168.94
171.22
173.51
175.79
178.08
180.36
182.65
