1.46
3.17
4.89
6.6
8.31
10.03
11.74
13.45
15.17
16.89
18.6
20.31
22.03
23.74
25.46
27.19
28.88
30.6
32.3
34.03
35.74
37.46
39.17
40.88
42.6
44.31
46.03
47.74
49.45
51.17
52.89
54.59
56.31
58.02
59.75
61.45
63.17
64.88
66.6
68.31
70.02
71.74
73.45
75.17
76.88
78.6
80.31
82.03
83.74
85.45
87.17
88.88
90.6
92.31
94.01
95.74
97.44
99.17
100.88
102.6
104.31
106.03
107.74
109.45
111.17
112.88
114.6
116.31
118.03
119.73
121.45
123.16
124.89
126.59
128.31
130.02
131.74
133.43
135.15
136.87
138.61
140.31
142.02
143.72
145.45
147.16
148.88
150.59
152.31
154.02
155.74
157.45
159.17
160.88
162.59
164.31
166.02
167.74
169.45
171.17
