1.51
3.4
5.3
7.19
9.08
10.97
12.87
14.76
16.65
18.54
20.43
22.32
24.22
26.11
28.0
29.88
31.75
33.64
35.51
37.42
39.32
41.21
43.11
45.0
46.92
48.8
50.69
52.61
54.5
56.36
58.27
60.17
62.07
63.97
65.86
67.75
69.64
71.53
73.4
75.25
77.18
79.08
80.97
82.87
84.76
86.65
88.54
90.42
92.32
94.21
96.1
98.0
99.89
101.78
103.67
105.56
107.45
109.34
111.23
113.12
115.01
116.9
118.79
120.69
122.59
124.48
126.37
128.26
130.15
132.04
133.93
135.82
137.71
139.6
141.49
143.39
145.28
147.17
149.06
150.95
152.84
154.73
156.62
158.52
160.41
162.3
164.19
166.08
167.97
169.86
171.75
173.64
175.53
177.43
179.31
181.21
183.1
184.99
186.88
188.78
190.67
192.56
194.45
196.34
198.22
200.12
202.01
203.9
205.79
207.68
209.58
211.47
213.36
215.25
217.14
219.03
220.92
222.81
224.7
226.59
228.49
230.38
232.27
234.16
236.05
