1.48
3.33
5.17
7.02
8.86
10.71
12.55
14.4
16.25
18.09
19.94
21.78
23.63
25.48
27.32
29.17
31.02
32.87
34.71
36.56
38.4
40.25
42.09
43.94
45.79
47.63
49.48
51.33
53.17
55.02
56.87
58.72
60.56
62.41
64.26
66.11
67.95
69.8
71.64
73.49
75.33
77.18
79.03
80.87
82.72
84.56
86.41
88.26
90.1
91.95
93.8
95.64
97.49
99.34
101.18
103.01
104.86
106.71
108.56
110.4
112.25
114.09
115.94
117.8
119.63
121.48
123.32
125.17
127.02
128.86
130.71
132.56
134.41
136.26
138.1
139.95
141.79
143.64
145.49
147.32
149.17
151.02
152.86
154.71
156.56
158.4
160.25
162.09
163.94
165.79
167.64
169.48
171.33
173.18
175.02
176.87
178.72
180.56
182.41
184.25
186.1
187.95
189.8
191.64
193.49
195.34
197.18
199.02
200.87
202.72
204.57
206.41
208.25
210.1
211.95
213.79
215.64
217.49
219.34
221.18
223.03
224.87
226.72
228.56
230.41
232.26
234.1
235.95
237.79
239.64
241.49
243.33
245.18
247.03
248.87
250.71
252.56
254.41
256.26
258.1
259.95
261.79
263.64
265.48
267.33
269.17
271.02
272.87
274.71
276.56
278.41
280.26
282.1
283.94
285.79
287.63
289.48
291.33
293.17
295.02
296.86
298.71
300.55
302.4
304.24
306.09
307.94
309.79
311.63
313.48
315.33
317.17
319.02
320.86
322.71
324.56
326.4
328.25
330.1
331.94
333.79
335.63
337.48
339.33
341.17
343.01
344.86
346.71
348.55
350.4
352.25
354.09
355.94
357.78
359.63
361.48
363.32
365.17
367.01
368.86
