1.43
3.27
5.12
6.96
8.82
10.67
12.51
14.36
16.21
18.05
19.9
21.74
23.59
25.44
27.28
29.14
30.97
32.81
34.67
36.51
38.36
40.2
42.05
43.89
45.74
47.58
49.44
51.28
53.13
54.97
56.82
58.66
60.52
62.35
64.21
66.05
67.9
69.74
71.59
73.43
75.28
77.13
78.97
80.83
82.67
84.51
86.36
88.2
90.05
91.89
93.75
95.58
97.44
99.28
101.13
102.97
104.81
106.66
108.52
110.36
112.21
114.05
115.9
117.74
119.59
121.43
123.28
125.12
126.97
128.82
130.67
132.52
134.36
136.21
138.04
139.92
141.74
143.59
145.43
147.28
149.12
150.97
152.82
154.66
156.51
158.35
160.21
162.05
163.9
165.74
167.59
169.43
171.28
173.12
174.97
176.82
178.66
180.51
182.36
184.2
186.05
187.89
189.75
191.58
193.44
195.28
197.13
198.97
200.82
202.66
204.51
206.36
208.21
210.05
211.9
213.76
215.59
217.43
219.29
221.13
222.98
224.82
226.67
