0.1
1.52
2.95
4.38
5.81
7.24
8.67
10.1
11.51
12.93
14.36
15.79
17.22
18.65
20.08
21.51
22.93
24.35
25.79
27.2
28.64
30.07
31.51
32.93
34.37
35.78
37.22
38.64
40.07
41.5
42.93
44.36
45.79
47.21
48.64
50.07
51.51
52.93
54.36
55.79
57.22
58.64
60.07
61.5
62.93
64.36
65.79
67.22
68.65
70.07
71.5
72.93
74.36
75.78
77.22
78.64
80.08
81.5
82.93
84.35
85.79
87.21
88.65
90.07
91.5
92.94
94.36
95.79
97.22
98.64
100.08
101.5
102.94
104.36
105.79
107.21
108.64
110.06
111.51
112.93
114.36
115.79
117.22
118.65
120.08
121.5
122.93
124.36
125.79
127.22
128.65
130.07
131.51
132.93
134.36
135.79
137.22
138.64
140.07
141.5
142.93
144.35
145.79
147.21
148.64
150.07
151.5
152.93
154.36
155.78
157.22
158.64
160.07
161.5
162.93
164.36
165.79
167.22
168.65
170.07
171.5
172.93
174.37
175.81
177.22
178.65
180.09
181.52
182.94
184.39
185.8
187.24
188.65
190.08
191.51
192.94
194.37
195.79
197.22
198.64
200.08
201.5
202.93
204.36
205.79
207.22
208.65
210.07
211.5
212.93
214.36
215.79
217.22
218.65
220.05
221.55
222.99
224.34
225.62
