1.0
2.81
4.61
6.42
8.22
10.03
11.83
13.64
15.43
17.25
19.07
20.87
22.65
24.46
26.25
28.09
29.87
31.68
33.48
35.29
37.08
38.91
40.7
42.5
44.31
46.1
47.91
49.73
51.52
53.34
55.13
56.94
58.74
60.55
62.35
64.16
65.96
67.77
69.57
71.38
73.18
74.98
76.78
78.6
80.4
82.24
84.0
85.82
87.61
89.41
91.22
93.02
94.83
96.64
98.44
100.25
102.05
103.85
105.65
107.47
109.26
111.07
112.87
114.68
116.53
118.35
120.1
121.9
123.71
125.52
127.31
129.12
130.92
132.73
134.52
136.34
138.13
139.95
141.74
143.56
145.36
147.16
148.97
150.77
152.58
154.4
156.22
157.99
159.79
161.58
163.39
165.2
167.0
168.82
170.61
172.43
174.22
176.03
177.83
179.65
181.44
183.23
185.05
186.84
188.67
190.53
192.31
194.13
195.91
197.69
199.48
201.3
203.1
204.9
206.7
208.51
210.31
212.12
213.92
215.74
217.53
219.33
221.14
222.94
224.75
226.54
228.35
