0.48
3.01
5.56
8.12
10.67
13.22
15.77
18.33
20.88
23.43
25.99
28.54
31.09
33.65
36.2
38.76
41.31
43.86
46.41
48.97
51.52
54.07
56.63
59.18
61.74
64.29
66.84
69.39
71.95
74.5
77.05
79.61
82.16
84.71
87.26
89.82
92.37
94.92
97.48
100.03
102.6
105.14
107.69
110.25
112.8
115.35
117.9
120.46
123.02
125.56
128.12
130.67
133.23
135.78
138.33
140.88
143.44
145.99
148.54
151.1
153.65
156.2
158.75
161.31
163.86
166.41
168.96
171.52
174.07
176.63
179.16
181.73
184.28
186.84
189.39
191.95
194.5
197.05
199.63
202.16
204.71
207.26
209.82
212.37
214.92
217.48
