2.01
4.57
7.16
9.74
12.31
14.89
17.47
20.05
22.64
25.22
27.8
30.38
32.96
35.54
38.12
40.7
43.28
45.86
48.44
51.02
53.6
56.19
58.77
61.35
63.93
66.51
69.09
71.67
74.25
76.83
79.41
81.99
84.57
87.15
89.73
92.31
94.89
97.47
100.06
102.64
105.22
107.8
110.38
112.96
115.54
118.12
120.7
123.28
125.86
128.45
131.03
133.61
136.19
138.77
141.35
143.93
146.51
149.09
151.67
154.25
156.83
159.41
162.01
164.62
167.17
169.73
172.31
174.9
177.48
180.06
182.64
185.22
187.8
190.38
192.96
195.54
198.12
200.7
203.28
205.86
208.45
211.02
213.61
216.19
218.77
221.36
223.85
