1.26
2.66
4.06
5.46
6.85
8.25
9.64
11.04
12.44
13.84
15.22
16.63
18.02
19.43
20.8
22.2
23.6
25.0
26.38
27.78
29.19
30.58
31.97
33.37
34.77
36.16
37.57
38.95
40.35
41.75
43.14
44.53
45.94
47.67
49.77
52.57
55.32
58.14
60.93
63.74
66.51
69.3
72.09
74.88
77.67
80.46
83.25
86.04
88.84
91.64
94.42
97.21
100.01
102.79
105.59
108.37
111.17
113.95
116.75
119.54
122.33
125.12
127.9
130.69
133.48
136.28
139.07
141.86
144.65
147.44
150.23
153.02
155.81
158.6
161.39
164.18
166.98
169.76
172.56
175.35
178.14
180.93
183.7
186.51
189.32
192.09
194.88
197.68
200.49
203.26
206.04
208.84
211.62
214.42
217.21
220.01
222.79
225.59
