0.04
1.02
2.01
3.01
4.0
4.99
5.97
6.96
7.95
8.94
9.93
10.92
11.91
12.9
13.89
14.88
15.87
16.86
17.85
18.84
19.83
20.82
21.81
22.8
23.79
24.77
25.76
26.75
27.74
28.73
29.72
30.71
31.7
32.69
33.68
34.67
35.66
36.65
37.64
38.63
39.62
40.61
41.59
42.59
43.58
44.56
45.55
46.54
47.53
48.52
49.51
50.5
51.49
52.48
53.47
54.46
55.45
56.44
57.42
58.41
59.4
60.39
61.38
62.37
63.36
64.35
65.34
66.33
67.32
68.31
69.3
70.29
71.28
72.26
73.25
74.24
75.23
76.22
77.21
78.2
79.19
80.18
81.17
82.16
83.15
84.14
85.13
86.12
87.11
88.09
89.08
90.07
91.06
92.05
93.04
94.03
95.02
96.01
97.0
97.99
98.98
99.97
100.95
101.94
102.93
103.92
104.91
105.9
106.89
107.88
108.87
109.86
110.85
111.84
112.83
113.82
114.81
115.8
116.79
117.78
118.77
119.76
120.75
121.73
122.72
123.71
124.7
125.69
126.68
127.67
128.66
129.65
130.64
131.63
132.62
133.61
134.6
135.58
136.57
137.56
138.55
139.54
140.53
141.52
142.5
143.49
144.48
145.47
146.46
147.44
148.43
149.42
150.41
151.4
152.36
153.3
154.22
