0.28
0.97
1.7
2.46
3.19
3.91
4.62
5.37
6.09
6.86
7.58
8.3
9.03
9.76
10.58
11.33
12.07
12.85
13.56
14.3
15.04
15.73
16.44
17.22
17.92
18.65
19.38
20.14
20.88
21.55
22.25
22.97
23.69
24.48
25.21
25.93
26.61
27.31
28.04
28.7
29.37
30.07
30.74
31.48
32.13
32.8
33.57
34.29
34.99
35.76
36.55
37.3
38.09
38.83
39.51
40.25
40.94
41.72
42.5
43.14
43.87
44.6
45.28
46.06
46.86
47.49
48.27
49.06
49.79
50.45
51.19
51.82
52.55
53.37
54.1
54.75
55.54
56.33
57.14
57.76
58.54
59.35
60.08
60.75
61.52
62.25
62.92
63.7
64.43
65.29
66.07
66.88
67.69
68.5
69.23
69.9
70.71
71.44
72.12
72.89
73.62
74.4
75.07
75.77
76.44
77.19
77.92
78.58
79.37
80.1
80.76
81.53
82.23
82.9
83.69
84.42
85.07
85.84
86.56
87.23
88.02
88.7
89.42
90.22
90.95
91.63
92.41
93.14
94.0
94.62
95.39
96.2
96.93
97.79
98.42
99.18
99.98
100.71
101.39
102.16
102.89
103.75
104.38
105.15
105.95
106.68
107.54
108.16
108.92
109.72
110.33
111.11
111.91
112.64
113.33
114.08
114.81
115.67
116.4
117.13
117.88
118.68
119.5
120.23
120.89
121.67
122.46
123.27
124.0
124.73
125.46
126.28
127.07
127.72
128.47
129.22
130.0
130.72
131.46
132.17
132.86
133.55
134.24
134.99
135.72
136.41
137.1
137.83
138.56
139.28
140.01
140.74
141.47
142.21
142.97
143.69
144.41
145.14
145.86
146.6
147.35
148.08
148.81
149.54
150.25
150.96
151.69
152.43
153.18
153.88
154.64
155.37
156.09
156.83
157.56
158.29
159.03
159.73
160.49
161.21
161.94
162.8
163.55
164.28
165.0
165.74
166.47
167.2
167.93
168.66
169.38
170.1
170.83
171.56
172.29
173.03
173.76
174.49
175.21
175.94
176.66
177.39
178.12
178.85
179.57
180.3
181.03
181.75
182.48
183.21
183.95
184.68
185.42
186.16
186.89
187.62
188.35
189.09
189.82
190.55
191.27
192.0
192.71
193.43
194.16
194.9
195.63
196.36
197.08
197.82
198.55
199.28
200.01
200.75
201.47
202.2
202.92
203.64
204.36
205.08
205.83
206.57
207.3
208.02
208.74
209.47
210.21
210.94
211.68
212.41
213.14
213.87
214.6
215.34
216.07
216.79
217.51
218.24
218.96
219.69
220.41
221.13
221.87
222.6
223.34
224.08
224.81
225.55
226.28
227.0
227.73
228.46
229.17
229.9
230.63
231.37
232.1
232.83
233.56
234.3
235.02
235.75
236.48
237.21
237.93
238.66
239.4
240.13
240.85
241.58
242.3
243.03
243.76
244.48
245.2
245.93
246.67
247.4
248.13
248.86
249.59
250.32
251.05
251.78
252.5
253.22
253.95
254.7
255.43
256.16
256.89
257.62
258.34
259.07
259.82
260.55
261.27
262.0
262.72
263.45
264.18
264.91
265.66
266.39
267.11
267.85
268.57
269.3
270.03
270.76
271.49
272.22
272.93
273.65
274.36
275.07
275.78
276.53
277.29
278.05
278.76
279.5
280.22
280.96
281.67
282.4
283.13
283.87
284.59
285.32
286.04
286.78
287.5
288.24
288.99
289.72
290.44
291.17
291.89
292.61
293.33
294.08
294.82
295.56
296.29
297.01
297.72
298.45
299.19
299.91
300.65
301.37
302.1
302.83
303.56
304.3
305.03
305.75
306.48
307.21
307.94
308.67
309.41
310.14
310.87
311.58
312.31
313.04
313.75
314.47
315.19
315.92
316.66
317.39
318.13
318.86
319.57
320.29
321.02
321.75
322.5
323.23
323.97
324.7
325.43
326.16
326.88
327.6
328.33
329.05
329.78
330.52
331.25
331.98
332.69
333.42
334.16
334.91
335.64
336.38
337.09
337.81
338.53
339.26
339.98
340.72
341.45
342.18
342.91
343.64
344.37
345.1
345.83
346.56
347.27
348.03
348.74
349.49
350.2
350.87
351.62
352.3
353.01
353.71
354.44
355.3
355.93
356.68
357.48
358.21
359.07
359.8
360.47
361.24
361.97
362.83
363.45
364.23
365.03
365.76
366.42
367.19
367.92
368.78
369.43
370.2
371.01
371.74
372.6
373.22
373.97
374.76
375.49
376.17
376.95
377.57
378.34
379.15
379.77
380.53
381.34
382.07
382.74
383.52
384.25
385.11
385.74
386.51
387.32
388.05
388.75
389.49
390.22
390.87
391.62
392.25
393.04
393.82
394.46
395.18
395.85
396.6
397.33
398.07
398.86
399.53
400.22
400.91
401.66
402.4
403.13
403.86
404.58
405.31
406.04
406.76
407.49
408.23
408.96
409.69
410.43
411.15
411.9
412.62
413.36
414.11
414.84
415.57
416.31
417.03
417.76
418.48
419.21
419.93
420.66
421.39
422.12
422.83
423.55
424.28
425.02
425.75
426.49
427.22
427.95
428.67
429.4
430.11
430.85
431.58
432.31
433.04
433.78
434.53
435.28
436.0
436.74
437.48
438.21
438.93
439.67
440.4
441.13
441.85
442.59
443.32
444.03
444.76
445.5
446.23
446.95
447.68
448.4
449.12
449.84
450.57
451.29
452.04
452.78
453.52
454.25
454.98
455.73
456.46
457.18
457.92
458.65
459.37
460.11
460.84
461.57
462.3
463.02
463.74
464.47
465.2
465.92
466.65
467.37
468.09
468.8
469.54
470.29
471.02
471.76
472.49
473.22
473.96
474.69
475.42
476.14
476.87
477.6
478.33
479.06
479.78
480.52
481.25
481.97
482.69
483.4
484.1
484.85
485.59
486.33
487.07
487.8
488.54
489.27
490.0
490.73
491.46
492.19
492.91
493.63
494.36
495.1
495.83
496.56
497.28
498.01
498.74
499.47
500.19
500.92
501.65
502.38
503.1
503.82
504.53
505.25
505.99
506.72
507.47
508.22
508.95
509.67
510.38
511.11
511.82
512.57
513.3
514.04
514.76
515.5
516.23
516.96
517.67
518.39
519.13
519.86
520.58
521.31
522.04
522.77
523.49
524.23
524.96
525.7
526.42
527.16
527.88
528.61
529.34
530.07
530.81
531.54
532.27
533.0
533.73
534.46
535.19
535.93
536.65
537.37
538.1
538.83
539.58
540.32
541.05
541.78
542.51
543.24
543.96
544.67
545.4
546.12
546.86
547.59
548.33
549.06
549.78
550.51
551.25
551.98
552.69
553.42
554.15
554.88
555.6
556.33
557.05
557.77
558.49
559.21
559.96
560.69
561.41
562.14
562.86
563.58
564.29
565.02
565.77
566.52
567.25
567.99
568.72
569.45
570.18
570.9
571.64
572.38
573.1
573.83
574.55
575.28
576.0
576.74
577.49
578.23
578.96
579.69
580.42
581.15
581.88
582.6
583.34
584.07
584.79
585.52
586.24
586.96
587.69
588.41
589.14
589.87
590.6
591.34
592.06
592.79
593.52
594.25
594.98
595.7
596.43
597.16
597.89
598.62
599.34
600.07
600.81
601.54
602.26
602.99
603.71
604.44
605.17
605.93
606.67
607.4
608.14
608.87
609.6
610.32
611.04
611.76
612.49
613.21
613.96
614.71
615.45
616.14
616.88
617.57
618.31
619.06
619.82
620.59
621.33
622.05
622.8
623.5
624.19
624.91
625.62
626.32
627.05
627.77
628.49
629.18
629.86
630.52
631.23
631.99
632.7
633.46
634.22
634.99
635.72
636.46
637.16
637.87
638.61
639.34
640.1
640.82
641.57
642.31
643.03
643.8
644.53
645.23
645.95
646.66
