0.05
0.92
1.79
2.66
3.51
4.38
5.25
6.12
6.99
7.86
8.73
9.6
10.47
11.34
12.21
13.08
13.95
14.82
15.69
16.56
17.43
18.3
19.17
20.03
20.9
21.77
22.64
23.51
24.38
25.25
26.12
26.99
27.86
28.73
29.6
30.47
31.34
32.21
33.08
33.95
34.82
35.69
36.56
37.43
38.3
39.17
40.04
40.9
41.77
42.64
43.51
44.38
45.25
46.12
46.99
47.85
48.73
49.6
50.47
51.34
52.21
53.07
53.95
54.82
55.69
56.56
57.43
58.29
59.17
60.04
60.9
61.77
62.64
63.51
64.38
65.25
66.12
66.99
67.86
68.73
69.6
70.47
71.34
72.21
73.08
73.95
74.82
75.69
76.56
77.43
78.3
79.16
80.03
80.9
81.78
82.65
83.52
84.38
85.25
86.12
86.99
87.86
88.73
89.6
90.46
91.34
92.21
93.08
93.95
94.82
95.69
96.56
97.42
98.3
99.17
100.04
100.91
101.78
102.65
103.51
104.38
105.25
106.12
106.99
107.86
108.73
109.6
110.47
111.34
112.21
113.08
113.95
114.82
115.69
116.56
117.43
118.3
119.16
120.04
120.91
121.77
122.64
123.51
124.38
125.25
126.12
126.99
127.86
128.73
129.6
130.47
131.34
132.21
133.08
133.94
134.82
135.68
136.56
137.43
138.3
139.17
140.03
140.9
141.77
142.64
143.52
144.38
145.25
146.12
146.99
147.86
148.72
149.59
150.47
151.33
152.2
153.08
153.95
154.82
155.69
156.56
157.43
158.3
159.17
160.02
160.9
161.77
162.63
163.51
164.38
165.25
166.12
166.99
167.86
168.73
169.6
170.47
171.34
172.21
173.08
173.95
174.82
175.69
176.56
177.43
178.3
179.17
180.04
180.9
181.78
182.65
183.52
184.38
185.25
186.12
186.96
187.86
188.73
189.63
190.49
