0.03
0.37
0.71
1.05
1.38
1.72
2.05
2.38
2.71
3.05
3.38
3.72
4.06
4.4
4.73
5.05
5.37
5.7
6.04
6.37
6.7
7.03
7.36
7.7
8.04
8.37
8.7
9.04
9.38
9.71
10.04
10.37
10.7
11.03
11.37
11.71
12.04
12.37
12.7
13.04
13.38
13.72
14.06
14.39
14.72
15.05
15.38
15.71
16.04
16.37
16.69
17.02
17.35
17.69
18.02
18.35
18.69
19.02
19.36
19.7
20.04
20.38
20.72
21.05
21.38
21.71
22.04
22.37
22.7
23.02
23.35
23.68
24.01
24.34
24.67
25.01
25.35
25.69
26.01
26.34
26.68
27.02
27.36
27.69
28.02
28.36
28.7
29.03
29.37
29.7
30.03
30.36
30.69
31.02
31.35
31.69
32.03
32.36
32.7
33.03
33.37
33.7
34.03
34.36
34.69
35.02
35.35
35.69
36.02
36.36
36.69
37.02
37.36
37.7
38.04
38.37
38.7
39.03
39.36
39.7
40.04
40.38
40.71
41.05
41.39
41.73
42.06
42.39
42.72
43.05
43.38
43.71
44.05
44.38
44.71
45.03
45.36
45.69
46.03
46.37
46.71
47.05
47.39
47.72
48.05
48.38
48.71
49.04
49.38
49.71
50.05
50.38
50.71
51.04
51.37
51.71
52.04
52.37
52.71
53.04
53.38
53.72
54.05
54.38
54.71
55.04
55.37
55.7
56.03
56.37
56.71
57.04
57.38
57.72
58.05
58.38
58.71
59.04
59.37
59.7
60.04
60.37
60.71
61.05
61.38
61.71
62.05
62.38
62.72
63.06
63.39
63.72
64.05
64.37
64.69
65.02
65.35
65.69
66.03
66.37
66.71
67.05
67.38
67.72
68.05
68.38
68.72
69.05
69.39
69.72
70.06
70.4
70.73
71.06
71.39
71.72
72.05
72.38
72.71
73.05
73.38
73.71
74.04
74.37
74.71
75.05
75.38
75.71
76.04
76.37
76.7
77.03
77.36
77.7
78.04
78.37
78.71
79.04
79.37
79.7
80.04
80.37
80.7
81.04
81.38
81.71
82.05
82.38
82.72
83.06
83.4
83.73
84.06
84.38
84.71
85.04
85.38
85.72
86.06
86.39
86.73
87.07
87.4
87.73
88.05
88.38
88.71
89.05
89.38
89.72
90.05
90.38
90.71
91.04
91.37
91.7
92.03
92.36
92.69
93.03
93.36
93.7
94.04
94.37
94.7
95.04
95.37
95.71
96.04
96.38
96.72
97.05
97.39
97.73
98.06
98.4
98.73
99.06
99.38
99.71
100.03
100.36
100.7
101.03
101.36
101.7
102.03
102.37
102.71
103.04
103.38
103.72
104.05
104.38
104.71
105.04
105.37
105.7
106.03
106.37
106.7
107.04
107.37
107.71
108.05
108.39
108.72
109.05
109.39
109.73
110.06
110.38
110.71
111.04
111.37
111.7
112.04
112.38
112.72
113.05
113.39
113.73
114.06
114.39
114.73
115.06
115.39
115.72
116.05
116.39
116.72
117.05
117.39
117.72
118.06
118.4
118.73
119.07
119.4
119.74
120.07
120.39
120.72
121.04
121.37
121.7
122.03
122.36
122.69
123.02
123.35
123.69
124.03
124.38
124.72
125.06
125.4
125.73
126.06
126.39
126.72
127.05
127.38
127.72
128.05
128.38
128.7
129.03
129.36
129.7
130.04
130.38
130.71
131.04
131.38
131.71
132.04
132.38
132.71
133.04
133.37
133.71
134.04
134.37
134.7
135.04
135.37
135.71
136.04
136.37
136.7
137.03
137.36
137.69
138.01
138.33
138.66
138.99
139.32
139.65
139.99
140.33
140.67
141.01
141.35
141.69
142.03
142.37
142.7
143.04
143.38
143.72
144.05
144.38
144.72
145.06
145.4
145.73
146.06
146.39
146.72
147.05
147.38
147.72
148.05
148.37
148.7
149.04
149.38
149.71
150.05
150.38
150.72
151.05
151.38
151.71
152.04
152.37
152.7
153.03
153.37
153.7
154.03
154.36
154.69
155.02
155.36
155.69
156.03
156.36
156.7
157.04
157.37
157.7
158.03
158.36
158.7
159.03
159.36
159.69
160.03
160.36
160.7
161.03
161.37
161.69
162.02
162.35
162.69
163.02
163.36
163.69
164.03
164.35
164.69
165.02
165.35
165.69
166.03
166.37
166.71
167.04
167.37
167.7
168.03
168.36
168.7
169.04
169.38
169.71
170.04
170.37
170.7
171.04
171.38
171.72
172.05
172.38
172.71
173.04
173.38
173.71
174.04
174.36
174.68
175.01
175.34
175.67
176.02
176.36
176.7
177.04
177.38
177.72
178.06
178.39
178.72
179.04
179.36
179.68
180.01
180.34
180.67
181.0
181.34
181.69
182.04
182.39
182.73
183.06
183.39
183.73
184.06
184.39
184.72
185.05
185.38
185.71
186.04
186.37
186.7
187.03
187.37
187.7
188.04
188.37
188.7
189.03
189.36
189.69
190.03
190.36
190.7
191.04
191.37
191.71
192.04
192.38
192.71
193.04
193.37
193.71
194.04
194.37
194.71
195.05
195.39
195.72
196.06
196.4
196.73
197.06
197.39
197.73
198.07
198.4
198.74
199.08
199.42
199.75
200.08
200.42
200.75
201.08
201.41
201.75
202.08
202.41
202.74
203.07
203.4
203.73
204.06
204.4
204.73
205.07
205.4
205.73
206.06
206.39
206.72
207.06
207.39
207.72
208.04
208.36
208.69
209.02
209.36
209.7
210.03
210.37
210.71
211.04
211.38
211.72
212.06
212.4
212.73
213.06
213.39
213.72
214.05
214.38
214.71
215.04
215.37
215.71
216.04
216.38
216.71
217.04
217.37
217.71
218.05
218.38
218.72
219.05
219.38
219.71
220.04
220.38
220.71
221.04
221.37
221.71
222.04
222.38
222.71
223.03
223.35
223.67
223.99
224.32
224.66
225.01
225.36
225.71
226.06
226.41
226.76
227.11
227.47
227.83
228.19
228.54
228.9
229.25
229.6
229.95
230.31
230.66
231.01
231.36
231.71
232.07
232.42
232.77
233.13
233.48
233.83
234.18
234.53
234.89
235.24
235.59
235.94
236.29
236.65
237.0
237.35
237.7
238.05
238.41
238.77
239.13
239.48
239.83
240.18
240.54
240.89
241.25
241.61
241.96
242.31
242.67
243.02
243.37
243.72
244.07
244.42
244.77
245.12
245.47
245.83
246.18
246.53
246.89
247.24
247.59
247.95
248.3
248.66
249.01
249.36
249.7
250.04
250.39
250.74
251.09
251.44
251.8
252.15
252.5
252.86
253.21
253.56
253.91
254.27
254.62
254.98
255.33
255.68
256.03
256.39
256.75
257.1
257.45
257.8
258.14
258.5
258.86
259.22
259.58
259.94
260.29
260.65
261.0
261.35
261.71
262.06
262.42
262.78
263.13
263.48
263.83
264.18
264.53
264.89
265.23
265.59
265.94
266.29
266.64
267.0
267.35
267.7
268.05
268.41
268.76
269.11
269.46
269.8
270.14
270.49
270.85
271.21
271.56
271.9
272.25
272.61
272.97
273.33
273.69
274.05
274.41
274.76
275.11
275.46
275.82
276.18
276.53
276.89
277.24
277.59
277.94
278.29
278.64
279.0
279.35
279.7
280.04
280.39
280.73
281.07
281.42
281.78
282.14
282.5
282.86
283.22
283.58
283.93
284.29
284.64
284.99
285.35
285.7
286.05
286.4
286.75
287.11
287.47
287.82
288.18
288.52
288.87
289.23
289.59
289.95
290.3
290.65
291.0
291.34
291.69
292.03
292.39
292.74
293.1
293.46
293.82
294.18
294.54
294.89
295.25
295.6
295.96
296.31
296.67
297.02
297.37
297.72
298.07
298.42
298.78
299.12
299.48
299.83
300.19
300.54
300.9
301.25
301.6
301.95
302.3
302.65
303.0
303.35
303.7
304.05
304.4
304.75
305.11
305.46
305.81
306.16
306.51
306.86
307.2
307.54
307.89
308.23
308.58
308.93
309.27
309.62
309.96
310.3
310.64
310.98
311.32
311.66
312.0
312.34
312.68
313.02
313.36
313.71
314.05
314.39
314.73
315.08
315.42
315.76
316.1
316.44
316.77
317.1
317.43
317.76
318.08
318.41
318.75
319.09
319.42
319.75
320.08
320.41
320.74
321.07
321.41
321.74
322.08
322.41
322.75
323.09
323.42
323.75
324.08
324.41
324.75
325.09
325.43
325.76
326.09
326.42
326.75
327.08
327.41
327.74
328.07
328.4
328.73
329.06
329.4
329.73
330.07
330.4
330.73
331.06
331.4
331.73
332.06
332.4
332.73
333.06
333.39
333.73
334.07
334.4
334.74
335.07
335.41
335.74
336.07
336.4
336.74
337.08
337.42
337.76
338.09
338.42
338.74
339.08
339.42
339.76
340.1
340.43
340.75
341.07
341.4
341.73
342.07
342.42
342.76
343.09
343.42
343.76
344.09
344.42
344.75
345.08
345.41
345.75
346.08
346.42
346.75
347.08
347.41
347.75
348.08
348.41
348.75
349.09
349.42
349.75
350.09
350.43
350.77
351.1
351.43
351.77
352.1
352.43
352.76
353.1
353.43
353.75
354.08
354.42
354.75
355.08
355.41
355.75
356.08
356.41
356.74
357.07
357.4
357.75
358.09
358.43
358.76
359.09
359.42
359.75
360.08
360.42
360.75
361.09
361.42
361.75
362.08
362.41
362.74
363.08
363.42
363.76
364.1
364.44
364.77
365.1
365.43
365.77
366.1
366.44
366.77
367.1
367.43
367.76
368.09
368.43
368.77
369.11
369.44
369.77
370.1
370.43
370.76
371.09
371.41
371.74
372.07
372.41
372.74
373.07
373.4
373.73
374.06
374.4
374.73
375.07
375.4
375.74
376.07
376.41
376.74
377.08
377.42
377.75
378.09
378.42
378.76
379.09
379.43
379.77
380.1
380.44
380.77
381.1
381.43
381.77
382.1
382.44
382.77
383.1
383.43
383.76
384.09
384.42
384.75
385.09
385.42
385.75
386.08
386.41
386.74
387.08
387.41
387.75
388.07
388.4
388.73
389.06
389.4
389.73
390.06
390.39
390.72
391.05
391.39
391.73
392.06
392.39
392.72
393.06
393.4
393.73
394.06
394.39
394.72
395.05
395.38
395.72
396.05
396.39
396.73
397.07
397.41
397.76
398.09
398.42
398.74
399.06
399.39
399.72
400.05
400.38
400.72
401.05
401.38
401.71
402.04
402.38
402.72
403.05
403.39
403.72
404.05
404.39
404.72
405.05
405.38
405.72
406.06
406.39
406.72
407.05
407.38
407.71
408.05
408.38
408.72
409.05
409.38
409.72
410.06
410.39
410.72
411.05
411.38
411.71
412.05
412.38
412.71
413.04
413.38
413.72
414.06
414.39
414.72
415.06
415.39
415.73
416.06
416.39
416.72
417.05
417.39
417.73
418.07
418.41
418.75
419.09
419.43
419.77
420.1
420.44
420.78
421.12
421.46
