0.08
0.5
0.92
1.35
1.78
2.2
2.63
3.06
3.49
3.92
4.35
4.78
5.21
5.64
6.07
6.49
6.92
7.35
7.78
8.2
8.63
9.06
9.49
9.92
10.35
10.77
11.21
11.63
12.06
12.49
12.92
13.35
13.78
14.21
14.63
15.06
15.49
15.91
16.34
16.77
17.2
17.64
18.06
18.49
18.92
19.35
19.78
20.2
20.62
21.05
21.49
21.91
22.34
22.76
23.2
23.63
24.06
24.48
24.92
25.34
25.77
26.2
26.63
27.06
27.48
27.91
28.34
28.76
29.19
29.63
30.07
30.5
30.94
31.37
31.79
32.22
32.64
33.07
33.5
33.93
34.35
34.78
35.22
35.64
36.07
36.51
36.94
37.36
37.79
38.22
38.66
39.07
39.5
39.92
40.35
40.78
41.2
41.63
42.05
42.47
42.92
43.36
43.79
44.22
44.64
45.07
45.5
45.93
46.36
46.78
47.21
47.65
48.06
48.5
48.94
49.36
49.79
50.2
50.64
51.05
51.47
51.89
52.35
52.76
53.19
53.62
54.05
54.47
54.89
55.32
55.76
56.19
56.63
57.06
57.5
57.93
58.36
58.8
59.22
59.65
60.08
60.51
60.94
61.37
61.79
62.22
62.65
63.08
63.51
63.93
64.36
64.79
65.22
65.65
66.08
66.51
66.93
67.36
67.79
68.22
68.65
69.07
69.5
69.93
70.36
70.79
71.22
71.65
72.07
72.5
72.93
73.36
73.79
74.22
74.65
75.07
75.49
75.92
76.36
76.79
77.22
77.65
78.08
78.5
78.93
79.36
79.79
80.22
80.65
81.07
81.5
81.93
82.36
82.79
83.22
83.64
84.06
84.49
84.92
85.34
85.76
86.19
86.62
87.04
87.48
87.9
88.34
88.77
89.2
89.63
90.06
90.48
90.91
91.34
91.78
92.2
92.62
93.05
93.49
93.93
94.36
94.78
95.2
95.62
96.05
96.48
96.91
97.34
97.77
98.19
98.62
99.05
99.49
99.92
100.35
100.77
101.2
101.63
102.06
102.49
102.92
103.34
103.77
104.2
104.63
105.06
105.49
105.92
106.35
106.77
107.21
107.63
108.06
108.49
108.92
109.35
109.77
110.2
110.62
111.05
111.48
111.91
112.34
112.76
113.19
113.62
114.05
114.47
114.9
115.33
115.76
116.19
116.62
117.06
117.49
117.92
118.35
118.78
119.21
119.63
120.06
120.49
120.92
121.35
121.77
122.2
122.63
123.06
123.49
123.92
124.35
124.78
125.21
125.64
126.06
126.49
126.91
127.34
127.77
128.2
128.63
129.06
129.49
129.92
130.35
130.78
131.2
131.63
132.06
132.48
132.91
133.36
133.78
134.21
134.64
135.07
135.5
135.93
136.36
136.78
137.22
