0.01
0.37
0.73
1.08
1.45
1.8
2.14
2.5
2.89
3.28
3.67
4.02
4.37
4.71
5.02
5.36
5.72
6.08
6.46
6.84
7.21
7.58
7.95
8.32
8.68
9.04
9.41
9.78
10.15
10.52
10.89
11.26
11.63
12.0
12.37
12.73
13.09
13.44
13.8
14.16
14.52
14.89
15.26
15.62
15.98
16.35
16.71
17.07
17.42
17.78
18.14
18.51
18.88
19.24
19.62
19.99
20.36
20.73
21.09
21.45
21.82
22.2
22.57
22.94
23.31
23.68
24.06
24.44
24.81
25.18
25.54
25.9
26.27
26.64
27.0
27.36
27.71
28.07
28.43
28.79
29.14
29.5
29.86
30.22
30.58
30.94
31.3
31.66
32.02
32.38
32.74
33.11
33.48
33.84
34.2
34.56
34.93
35.29
35.65
36.01
36.37
36.72
37.07
37.43
37.79
38.15
38.51
38.87
39.23
39.59
39.95
40.31
40.68
41.05
41.43
41.8
42.17
42.54
42.91
43.28
43.66
44.03
44.4
44.77
45.14
45.51
45.88
46.24
46.61
46.98
47.35
47.72
48.09
48.46
48.83
49.2
49.57
49.95
50.33
50.7
51.08
51.46
51.83
52.21
52.58
52.96
53.34
53.72
54.09
54.46
54.84
55.21
55.58
55.95
56.31
56.67
57.03
57.39
57.75
58.11
58.46
58.81
59.16
59.52
59.88
60.24
60.6
60.96
61.32
61.68
62.05
62.41
62.78
63.14
63.51
63.87
64.23
64.6
64.96
65.32
65.68
66.04
66.4
66.76
67.12
67.49
67.86
68.22
68.58
68.94
69.3
69.66
70.02
70.38
70.74
71.09
71.44
71.79
72.14
72.5
72.86
73.22
73.58
73.93
74.29
74.66
75.02
75.38
75.74
76.11
76.48
76.85
77.23
77.6
77.97
78.35
78.72
79.1
79.48
79.86
80.24
80.61
80.99
81.37
81.75
82.12
82.49
82.86
83.23
83.6
83.97
84.34
84.7
85.07
85.45
85.83
86.2
86.57
86.93
87.3
87.67
88.04
88.41
88.77
89.14
89.51
89.88
90.25
90.61
90.97
91.32
91.68
92.04
92.39
92.74
93.09
93.44
93.78
94.13
94.48
94.83
95.18
95.54
95.89
96.25
96.61
96.97
97.32
97.68
98.04
98.41
98.77
99.14
99.5
99.87
100.23
100.59
100.96
101.32
101.68
102.04
102.4
102.77
103.13
103.49
103.85
104.21
104.57
104.93
105.29
105.65
106.01
106.37
106.72
107.08
107.44
107.8
108.16
108.52
108.88
109.24
109.6
109.97
110.34
110.7
111.06
111.43
111.8
112.17
112.54
112.9
113.26
113.63
113.99
114.36
114.72
115.09
115.45
115.82
116.19
116.56
116.93
117.3
117.66
118.02
118.38
118.73
119.07
119.41
119.75
120.09
120.44
120.8
121.16
121.51
121.87
122.23
122.59
122.95
123.31
123.67
124.03
124.39
124.75
125.11
125.47
125.83
126.17
126.52
126.87
127.22
127.58
127.94
128.29
128.65
129.01
129.37
129.74
130.11
130.48
130.85
131.21
131.57
131.93
132.29
132.65
133.01
133.36
133.71
134.08
134.45
134.82
135.18
135.54
135.9
136.26
136.61
136.97
137.33
137.7
138.07
138.44
138.8
139.16
139.53
139.89
140.25
140.6
140.94
141.27
141.61
141.97
142.33
142.7
143.07
143.44
143.81
144.18
144.55
144.92
145.3
145.68
146.05
146.42
146.79
147.16
147.54
147.92
148.3
148.69
149.07
149.45
149.83
150.2
150.58
150.96
151.34
151.72
152.1
152.48
152.86
153.25
153.63
154.01
154.39
154.77
155.15
155.53
155.91
156.3
156.68
157.06
157.44
157.82
158.19
158.56
158.93
159.31
159.69
160.07
160.45
160.83
161.22
161.6
161.98
162.36
162.74
163.11
163.48
163.85
164.22
164.58
164.95
165.31
165.68
166.05
166.42
166.79
167.16
167.53
167.89
168.25
168.62
168.98
169.34
169.7
170.07
170.43
170.79
171.15
171.52
171.88
172.24
172.6
172.96
173.32
173.69
174.05
174.42
174.79
175.15
175.52
175.88
176.24
176.59
176.95
177.3
177.64
177.99
178.35
178.71
179.06
179.42
179.78
180.13
180.49
180.84
181.2
181.56
181.92
182.27
182.62
182.98
183.35
183.71
184.07
184.43
184.8
185.16
185.53
185.9
186.27
186.63
187.0
187.37
187.73
188.1
188.46
188.82
189.18
189.54
189.9
190.27
190.63
191.0
191.37
191.74
192.11
192.47
192.84
193.2
193.57
193.92
194.27
194.62
194.96
195.3
195.64
195.99
196.35
196.71
197.07
197.44
197.8
198.17
198.53
198.89
199.25
199.61
199.98
200.34
200.71
201.07
201.43
201.79
202.15
202.51
202.87
203.23
203.58
203.93
204.29
204.65
205.01
205.37
205.73
206.09
206.45
206.81
207.17
207.52
207.87
208.21
208.57
208.93
209.29
209.65
210.01
210.37
210.73
211.09
211.46
211.82
212.19
212.55
212.92
213.29
213.65
214.01
214.36
214.71
215.07
215.43
215.79
216.15
216.51
216.87
217.23
217.59
217.94
218.31
218.67
219.03
219.39
219.74
220.09
220.45
220.81
221.17
221.52
221.87
222.23
222.59
222.94
223.29
223.65
224.0
224.36
224.72
225.07
225.43
225.78
226.13
226.49
226.84
227.2
227.56
227.92
228.28
228.64
229.0
229.35
229.71
230.06
230.41
230.76
231.12
231.48
231.83
232.18
232.54
232.89
233.25
233.59
233.94
234.29
234.63
234.98
235.33
235.68
236.04
236.4
236.75
237.1
237.46
237.82
238.17
238.53
238.88
239.23
239.59
239.94
240.3
240.66
241.01
241.36
241.72
242.07
242.43
242.79
243.15
243.51
243.87
244.23
244.59
244.94
245.3
245.65
246.01
246.37
246.72
247.08
247.43
247.78
248.13
248.48
248.83
249.18
249.53
249.88
250.24
250.59
250.96
251.31
251.68
252.02
252.35
252.73
253.08
253.42
253.77
254.1
254.44
254.82
255.18
255.55
255.94
256.28
256.65
257.0
257.37
257.72
258.08
258.44
258.79
259.13
259.46
259.82
260.18
260.54
260.89
261.24
261.58
261.91
262.26
262.61
262.96
263.31
263.67
264.02
264.36
264.71
