0.75
1.55
2.31
3.07
3.83
4.58
5.33
6.05
6.83
7.62
8.39
9.13
9.86
10.61
11.36
12.1
12.88
13.64
14.42
15.21
15.98
16.74
17.54
18.29
19.05
19.82
20.58
21.36
22.16
22.93
23.7
24.49
25.28
26.07
26.86
27.6
28.39
29.18
29.95
30.73
31.51
32.27
33.05
33.84
34.64
35.45
36.25
37.02
37.8
38.59
39.36
40.14
40.91
41.67
42.46
43.24
44.01
44.8
45.57
46.34
47.12
47.92
48.72
49.51
50.33
51.12
51.93
52.74
53.54
54.34
55.15
55.93
56.75
57.56
58.39
59.2
60.0
60.8
61.63
62.41
63.2
64.02
64.83
65.6
66.37
67.17
67.97
68.77
69.55
70.32
71.09
71.89
72.69
73.46
74.27
75.08
75.87
76.69
77.47
78.27
79.08
79.88
80.71
81.51
82.31
83.11
83.92
84.7
85.49
86.29
87.08
87.9
88.7
89.51
90.3
91.1
91.92
92.73
93.56
94.38
95.18
95.97
96.78
97.59
98.37
99.17
99.95
100.77
101.6
102.42
103.25
104.05
104.86
105.68
106.49
107.31
108.13
108.91
109.7
110.51
111.31
112.11
112.92
113.73
114.56
115.39
116.21
117.04
117.86
118.68
119.5
120.31
121.1
121.93
122.75
123.54
124.34
125.15
125.94
126.75
127.55
128.34
129.13
129.93
130.73
131.53
132.34
133.15
133.98
134.81
135.64
136.47
137.3
138.09
138.9
139.75
140.58
141.41
142.23
143.02
143.82
144.63
145.45
146.27
147.09
147.9
148.69
149.5
150.31
151.12
151.93
152.73
153.55
154.38
155.19
156.02
156.81
157.63
158.45
159.27
160.08
160.9
161.73
162.53
163.36
164.18
165.01
165.84
166.66
167.48
168.3
169.12
169.95
170.8
171.63
172.45
173.29
174.11
174.95
175.78
176.63
177.46
178.3
179.14
179.98
180.8
181.6
182.41
183.23
184.05
184.86
185.67
186.5
187.32
188.16
188.97
189.78
190.61
191.46
192.26
193.05
193.87
194.67
195.48
196.28
197.1
197.9
198.7
199.5
200.31
201.12
201.92
202.72
203.53
204.35
205.15
205.95
206.76
207.57
208.37
209.2
210.02
210.84
211.65
212.46
213.25
214.05
214.85
215.66
216.46
217.26
218.07
218.87
219.66
220.47
221.28
222.09
222.9
223.71
224.51
225.34
226.14
226.94
227.74
228.55
229.35
230.17
230.98
231.8
232.61
233.41
234.2
234.99
235.78
236.59
237.4
238.22
239.02
239.81
240.61
241.42
242.24
243.07
243.88
244.71
245.48
246.27
247.07
247.87
248.72
249.54
250.33
251.15
251.97
252.8
253.62
254.43
255.24
256.06
256.88
257.71
258.54
259.34
260.15
260.96
261.8
262.64
263.46
264.26
265.04
265.83
266.64
267.46
268.28
269.09
269.91
270.73
271.56
272.37
273.19
274.03
274.85
275.68
276.54
277.38
278.22
279.04
279.86
280.69
281.51
282.35
283.19
284.03
284.88
285.73
286.56
287.42
288.25
289.07
289.89
290.7
291.54
292.38
293.25
294.06
294.82
295.57
296.39
297.18
297.97
298.76
299.5
300.27
301.04
301.82
302.67
303.47
