0.57
1.68
2.81
3.92
5.03
6.14
7.26
8.37
9.48
10.59
11.7
12.8
13.91
15.02
16.13
17.24
18.36
19.46
20.57
21.68
22.79
23.9
25.01
26.12
27.23
28.34
29.45
30.56
31.67
32.78
33.89
35.0
36.11
37.21
38.33
39.44
40.55
41.66
42.77
43.88
44.99
46.09
47.2
48.31
49.42
50.53
51.64
52.75
53.86
54.97
56.08
57.19
58.3
59.41
60.52
61.63
62.74
63.84
64.96
66.06
67.17
68.28
69.39
70.5
71.61
72.72
73.83
74.94
76.05
77.16
78.27
79.38
80.49
81.6
82.71
83.82
84.93
86.03
87.14
88.25
89.37
90.47
91.58
92.69
93.8
94.91
96.02
97.13
98.24
99.35
100.46
101.57
102.68
103.79
104.9
106.01
107.12
108.23
109.34
110.44
111.56
112.67
113.77
114.88
115.99
117.1
118.22
119.32
120.43
121.54
122.65
123.76
124.87
125.98
127.09
128.2
129.31
130.42
131.53
132.63
133.75
134.86
135.97
137.07
138.18
139.29
140.41
141.52
142.62
143.74
144.85
145.96
147.06
148.17
149.28
150.39
151.5
152.61
153.72
154.83
155.94
157.05
158.17
159.28
