0.13
0.59
1.05
1.5
1.95
2.42
2.89
3.35
3.83
4.31
4.79
5.25
5.7
6.14
6.58
7.04
7.5
7.97
8.44
8.92
9.39
9.86
10.32
10.78
11.24
11.71
12.18
12.65
13.11
13.57
14.02
14.47
14.93
15.39
15.86
16.33
16.8
17.26
17.71
18.17
18.63
19.09
19.56
20.04
20.52
20.98
21.44
21.89
22.35
22.82
23.28
23.74
24.19
24.64
25.09
25.55
26.01
26.47
26.93
27.39
27.85
28.31
28.77
29.22
29.68
30.15
30.62
31.09
31.56
32.03
32.5
33.0
33.51
33.97
34.46
34.92
35.38
35.85
36.35
36.84
37.33
37.76
38.22
38.71
39.19
39.64
40.1
40.54
40.99
41.45
41.92
42.44
42.91
43.33
43.75
44.16
44.57
45.0
45.48
45.92
46.47
46.92
47.35
47.77
48.19
48.6
49.01
49.42
49.83
50.23
50.64
51.05
51.45
51.85
52.25
52.65
53.06
53.47
53.88
54.29
54.69
55.1
55.52
55.93
56.35
56.77
57.18
57.59
58.0
58.41
58.81
59.22
59.63
60.04
60.45
60.86
61.26
61.67
62.08
62.49
62.91
63.31
63.72
64.13
64.54
64.95
65.36
65.76
66.17
66.57
66.98
67.39
67.81
68.23
68.64
69.06
69.49
69.92
70.35
70.77
71.19
71.62
72.04
72.46
72.88
73.31
73.73
74.15
74.58
75.0
75.43
75.87
76.31
76.74
77.17
77.59
78.02
78.45
78.87
79.3
79.72
80.14
80.56
80.98
81.4
81.82
82.24
82.67
83.1
83.53
83.96
84.39
84.82
85.24
85.67
86.09
86.52
86.94
87.36
87.78
88.19
88.66
89.14
89.61
90.16
90.65
91.11
91.55
91.98
92.4
92.81
93.22
93.63
94.03
94.44
94.86
95.27
95.69
96.13
96.54
96.95
97.36
97.78
98.2
98.62
99.04
99.45
99.85
100.25
100.66
101.08
101.51
101.93
102.34
102.76
103.18
103.59
104.09
104.55
105.06
105.53
105.96
106.39
106.81
107.22
107.63
108.04
108.45
108.86
109.26
109.7
110.14
110.61
111.06
111.5
112.02
112.5
112.94
113.37
113.85
114.33
114.79
115.24
115.76
116.23
116.66
117.07
117.49
117.91
118.33
118.75
119.16
119.58
119.99
120.41
120.9
121.38
121.86
122.33
122.82
123.31
123.79
124.27
124.75
125.23
125.71
126.18
126.65
127.11
127.58
128.04
128.51
128.97
129.43
129.88
130.33
130.77
131.21
131.66
132.11
132.57
133.01
133.46
133.92
134.38
134.86
135.33
135.81
136.29
136.76
137.23
137.71
138.19
138.66
139.12
139.57
140.03
140.47
140.9
141.34
141.79
142.24
142.7
143.16
143.62
144.07
144.52
144.97
145.41
145.85
146.3
146.75
147.2
147.64
148.08
148.59
149.08
149.53
149.97
150.42
150.86
151.31
151.76
152.22
152.67
153.12
153.56
154.02
154.47
154.93
155.38
155.84
156.29
156.75
157.19
157.64
158.09
158.54
158.98
159.43
159.87
160.3
160.76
161.2
161.64
162.1
162.55
162.99
163.43
163.87
164.31
164.76
165.19
165.64
166.08
166.53
166.97
167.42
167.86
168.3
168.74
169.25
169.72
170.17
170.62
171.08
171.54
171.98
172.43
172.87
173.32
173.76
174.2
174.64
175.09
175.54
175.98
176.41
176.87
177.31
177.75
178.19
178.63
179.07
179.51
179.97
180.43
180.88
181.34
181.79
182.24
182.69
183.14
183.58
184.02
184.46
184.9
185.34
185.79
186.24
186.69
187.13
187.57
188.02
188.47
188.92
189.37
189.83
190.28
190.72
191.15
191.6
192.05
192.5
192.95
193.41
193.85
194.29
194.75
195.19
195.64
196.09
196.55
197.01
197.46
197.93
198.39
198.83
199.26
199.74
200.24
200.74
201.25
201.76
202.27
202.78
203.29
203.79
204.3
204.83
205.34
205.84
206.33
206.81
207.31
207.8
208.3
208.8
209.3
209.79
210.29
210.79
211.29
211.78
212.27
212.78
213.28
213.78
214.29
214.77
215.24
215.73
216.21
216.69
217.17
217.66
218.13
218.6
219.08
219.55
220.02
220.5
220.96
221.43
221.9
222.37
222.82
223.27
223.72
224.24
224.73
225.2
225.67
226.11
226.56
227.0
227.46
227.93
228.37
228.81
229.26
229.71
230.15
230.63
231.1
231.57
232.03
232.49
232.94
233.38
233.89
234.36
234.89
235.41
235.93
236.45
236.95
237.45
237.95
238.45
238.95
239.43
239.93
240.43
240.92
241.41
241.89
242.38
242.88
243.37
243.86
244.35
244.83
245.3
245.77
246.25
246.73
247.2
247.66
248.13
248.62
249.1
249.57
250.04
250.52
251.0
251.48
251.96
252.44
252.91
253.39
253.87
254.35
254.81
255.27
255.75
256.23
256.7
257.17
257.64
258.13
258.61
259.09
259.58
260.07
260.54
261.02
261.51
261.98
262.45
262.92
263.39
263.86
264.32
264.78
265.25
265.73
266.21
266.67
267.14
267.62
268.09
268.56
269.05
269.52
269.99
270.47
270.94
271.43
271.91
272.38
272.85
273.33
273.8
274.27
274.74
275.22
275.7
276.17
276.65
277.12
277.59
278.06
278.52
278.98
279.44
279.89
280.35
280.82
281.29
281.76
282.23
282.69
283.16
283.62
284.1
284.56
285.03
285.49
285.94
286.41
286.87
287.33
287.79
288.26
288.72
289.18
289.64
290.11
290.58
291.05
291.53
292.0
292.46
292.93
293.37
293.8
294.23
294.66
295.1
295.59
296.07
296.54
297.02
297.48
297.95
298.42
298.88
299.37
299.84
300.31
300.78
301.25
301.72
302.19
302.66
303.14
303.62
304.09
304.56
305.03
305.5
305.95
306.4
306.87
307.33
307.79
308.25
308.71
309.17
309.63
310.09
310.57
311.05
311.52
311.98
312.44
312.88
313.33
313.79
314.26
314.74
315.21
315.69
316.16
316.62
317.08
317.54
318.0
318.47
318.94
319.41
319.88
320.34
320.79
321.24
321.7
322.16
322.62
323.09
323.54
323.96
324.38
324.83
325.3
325.77
326.24
326.7
327.16
327.63
328.1
328.56
329.03
329.51
329.98
330.46
330.93
331.4
331.85
332.31
332.77
333.24
333.69
334.15
334.61
335.06
335.5
335.97
336.44
336.91
337.37
337.83
338.27
338.71
339.21
339.62
340.08
340.54
341.0
341.47
341.94
342.42
342.88
343.36
343.83
344.29
344.76
345.24
345.71
346.19
346.66
347.12
347.58
348.02
348.54
349.03
349.5
349.97
350.42
350.94
351.42
351.91
352.39
352.86
353.31
353.8
354.29
354.77
355.24
355.72
356.19
356.66
357.12
357.59
358.06
358.48
358.91
359.37
359.83
360.28
360.75
361.2
361.65
362.1
362.55
362.99
363.42
363.86
364.32
364.76
365.21
365.66
366.1
366.55
366.99
367.44
367.9
368.35
368.8
369.26
369.72
370.17
370.62
371.08
371.53
371.99
372.44
372.9
373.36
373.82
374.28
374.74
375.21
375.66
376.13
376.59
377.04
377.51
377.98
378.4
378.83
379.32
379.82
380.33
380.84
381.35
381.86
382.37
382.87
383.37
383.88
384.39
384.9
385.4
385.89
386.38
386.88
387.37
387.86
388.36
388.86
389.34
389.83
390.32
390.81
391.3
391.79
392.29
392.78
393.27
393.75
394.22
394.71
395.21
395.7
396.2
396.7
397.18
397.67
398.16
398.65
399.13
399.61
400.11
400.62
401.1
401.58
402.08
402.6
403.12
403.59
404.04
404.5
404.94
405.47
405.97
406.45
406.89
407.36
407.83
408.27
408.72
409.15
409.62
410.07
410.54
410.98
411.46
411.91
412.38
412.85
413.3
413.76
414.21
414.67
415.13
415.57
416.02
416.47
416.94
417.38
417.9
418.35
418.77
419.18
419.59
420.0
420.41
420.89
421.36
421.8
422.23
422.75
423.23
423.66
424.09
424.51
424.94
425.36
425.77
426.19
426.61
427.09
427.54
428.0
428.44
428.95
429.43
429.88
430.33
430.77
431.21
431.66
432.1
432.57
433.03
433.49
433.95
434.42
434.86
435.33
435.81
436.32
436.77
437.23
437.7
438.18
438.61
439.09
439.51
439.98
440.45
440.92
441.36
441.84
442.31
442.76
443.23
443.69
444.15
444.63
445.09
445.54
446.0
446.47
446.93
447.39
447.85
448.32
448.81
