0.02
1.36
2.73
4.07
5.42
6.77
8.13
9.47
10.82
12.17
13.52
14.87
16.22
17.57
18.92
20.26
21.61
22.95
24.32
25.67
27.02
28.36
29.7
31.05
32.41
33.76
35.11
36.46
37.81
39.17
40.51
41.85
43.21
44.56
45.91
47.26
48.61
49.96
51.31
52.65
54.0
55.35
56.74
58.07
59.41
60.75
62.11
63.46
64.81
66.15
67.51
68.86
70.21
71.56
72.9
74.25
75.6
76.95
78.3
79.65
81.0
82.35
83.7
85.05
86.4
87.75
89.1
90.45
91.8
93.14
94.5
95.84
97.19
98.53
99.93
101.28
102.63
103.98
105.33
106.68
108.03
109.38
110.73
112.07
113.43
114.77
116.13
117.47
118.83
120.17
121.52
122.87
124.22
125.57
126.92
128.27
129.62
130.97
132.32
133.67
135.02
136.37
137.72
139.07
140.42
141.77
143.12
144.46
145.81
147.15
148.5
149.85
151.2
152.55
153.9
155.25
156.6
158.01
159.29
160.62
162.02
163.31
164.59
165.87
167.2
