0.04
0.53
1.03
1.53
2.03
2.53
3.03
3.53
4.03
4.53
5.03
5.53
6.03
6.53
7.03
7.53
8.03
8.53
9.03
9.53
10.03
10.53
11.03
11.53
12.03
12.53
13.03
13.53
14.03
14.53
15.03
15.53
16.03
16.53
17.03
17.53
18.03
18.53
19.03
19.53
20.03
20.53
21.03
21.53
22.03
22.53
23.03
23.53
24.03
24.53
25.03
25.53
26.03
26.53
27.03
27.53
28.02
28.52
29.02
29.52
30.02
30.52
31.02
31.52
32.02
32.52
33.02
33.52
34.02
34.52
35.02
35.52
36.02
36.52
37.02
37.52
38.02
38.52
39.02
39.52
40.02
40.52
41.02
41.52
42.02
42.52
43.02
43.52
44.02
44.52
45.02
45.52
46.02
46.52
47.02
47.52
48.02
48.52
49.02
49.52
50.02
50.52
51.02
51.52
52.01
52.51
53.01
53.51
54.01
54.51
55.01
55.51
56.01
56.51
57.01
57.51
58.01
58.51
59.01
59.51
60.01
60.51
61.01
61.51
62.01
62.51
63.01
63.51
64.01
64.51
65.01
65.51
66.01
66.51
67.01
67.51
68.01
68.51
69.01
69.51
70.01
70.51
71.01
71.51
72.01
72.51
73.01
73.51
74.01
74.51
75.01
75.51
76.01
76.51
77.01
77.51
78.01
78.51
79.01
79.51
80.0
80.51
81.01
81.51
82.01
82.51
83.01
83.51
84.01
84.51
85.01
85.51
86.01
86.51
87.01
87.51
88.01
88.51
89.01
89.51
90.01
90.51
91.01
91.51
92.0
92.5
93.0
93.5
94.0
94.5
95.0
95.5
96.0
96.5
97.0
97.5
98.0
98.5
99.0
99.5
100.0
100.5
101.0
101.5
102.0
102.5
103.0
103.5
104.0
104.5
105.0
105.5
106.0
106.5
107.0
107.5
108.0
108.5
109.0
109.5
110.0
110.5
111.0
111.5
111.99
112.48
112.98
113.48
113.98
114.48
114.98
115.48
115.98
116.48
116.98
117.48
117.98
118.48
118.98
119.48
119.97
120.47
120.97
121.47
121.97
122.47
122.97
123.47
123.97
124.47
124.97
125.47
125.97
126.47
126.97
127.47
127.97
128.47
128.97
129.47
129.97
130.47
130.97
131.47
131.97
132.47
132.97
133.47
133.97
134.47
134.97
135.47
135.97
136.47
136.97
137.47
137.97
138.47
138.97
139.47
139.97
140.47
140.97
141.47
141.97
142.47
142.97
143.47
143.97
144.47
144.96
145.45
145.94
146.42
146.89
147.37
147.86
148.36
148.86
149.36
149.85
150.34
