0.02
1.22
2.6
3.73
5.02
6.27
7.6
8.78
10.02
11.28
12.53
13.78
15.03
16.28
17.53
18.78
20.03
21.28
22.53
23.78
25.03
26.28
27.53
28.78
30.03
31.28
32.53
33.78
35.03
36.28
37.53
38.78
40.03
41.28
42.52
43.78
45.03
46.28
47.53
48.78
50.03
51.28
52.53
53.78
55.03
56.28
57.53
58.78
60.03
61.28
62.53
63.78
65.03
66.28
67.53
68.8
70.03
71.27
72.53
73.77
75.03
76.28
77.53
78.78
80.03
81.28
82.52
83.78
85.03
86.28
87.55
88.81
90.03
91.28
92.53
93.78
95.03
96.28
97.53
98.78
100.02
101.28
102.52
103.78
105.03
106.28
107.53
108.78
110.03
111.28
112.53
113.78
115.03
116.28
117.53
118.78
120.03
121.28
122.53
123.78
125.03
126.28
127.53
128.78
130.03
131.28
132.53
133.78
135.03
136.28
137.53
138.78
140.03
141.28
142.52
143.78
145.03
146.28
147.53
148.78
150.02
151.26
152.51
