0.04
0.57
1.13
1.71
2.17
2.68
3.19
3.7
4.23
4.75
5.26
5.78
6.31
6.84
7.36
7.87
8.4
8.92
9.45
9.96
10.49
11.03
11.55
12.07
12.59
13.12
13.64
14.16
14.68
15.2
15.72
16.24
16.77
17.29
17.81
18.34
18.86
19.38
19.91
20.43
20.95
21.48
22.0
22.52
23.05
23.57
24.09
24.62
25.14
25.66
26.19
26.71
27.23
27.76
28.28
28.8
29.33
29.85
30.37
30.9
31.42
31.94
32.47
32.99
33.51
34.04
34.56
35.08
35.61
36.13
36.65
37.18
37.7
38.22
38.74
39.27
39.79
40.32
40.84
41.36
41.89
42.41
42.93
43.46
43.98
44.5
45.03
45.55
46.07
46.6
47.12
47.64
48.17
48.69
49.21
49.74
50.26
50.78
51.31
51.83
52.35
52.88
53.4
53.92
54.45
54.97
55.49
56.02
56.54
57.06
57.59
58.11
58.64
59.16
59.68
60.2
60.73
61.25
61.77
62.3
62.82
63.34
63.87
64.39
64.91
65.44
65.96
66.49
67.01
67.53
68.06
68.58
69.1
69.63
70.15
70.67
71.2
71.72
72.24
72.77
73.29
73.81
74.34
74.86
75.38
75.91
76.43
76.95
77.48
78.0
78.53
79.05
79.57
80.1
80.62
81.14
81.67
82.19
82.71
83.23
83.76
84.28
84.8
85.33
85.85
86.38
86.91
87.43
87.95
88.48
89.0
89.52
90.04
90.56
91.1
91.62
92.14
92.66
93.18
93.7
94.23
94.76
95.28
95.8
96.33
96.85
97.37
97.9
98.42
98.95
99.47
99.99
100.52
101.04
101.56
102.09
102.61
103.13
103.66
104.18
104.7
105.23
105.75
106.27
106.8
107.32
107.85
108.37
108.89
109.42
109.94
110.46
110.99
111.51
112.03
112.56
113.08
113.6
114.13
114.65
115.17
115.7
116.22
116.74
117.28
117.81
118.33
118.84
119.36
119.89
120.42
120.94
121.46
121.98
122.51
123.03
123.55
124.08
124.61
125.13
125.65
126.17
126.7
127.22
127.74
128.26
128.79
129.31
129.84
130.36
130.89
131.41
131.93
132.45
132.98
133.5
134.03
134.55
135.07
135.6
136.12
136.64
137.16
137.69
138.21
138.74
139.26
139.78
140.31
140.83
141.35
141.88
142.4
142.92
143.45
143.97
144.5
145.02
145.54
146.06
146.59
147.11
147.64
148.16
148.68
149.21
149.73
150.25
150.78
151.3
151.82
152.35
152.87
153.39
153.91
154.44
154.91
155.43
155.99
156.45
156.95
157.46
157.98
158.52
159.05
159.58
160.09
160.61
161.13
161.64
