0.37
0.98
1.51
2.02
2.52
3.05
3.57
4.11
4.68
5.25
5.87
6.5
7.03
7.63
8.16
8.68
9.25
9.78
10.3
10.84
11.4
11.95
12.5
13.05
13.62
14.18
14.73
15.3
15.86
16.42
16.98
17.53
18.1
18.66
19.22
19.78
20.34
20.91
21.47
22.02
22.58
23.14
23.7
24.27
24.82
25.38
25.95
26.5
27.06
27.62
28.18
28.75
29.31
29.87
30.43
30.98
31.55
32.11
32.67
33.23
33.79
34.35
34.91
35.46
36.03
36.59
37.15
37.71
38.27
38.84
39.4
39.95
40.51
41.07
41.63
42.2
42.76
43.32
43.88
44.44
44.99
45.56
46.12
46.68
47.24
47.8
48.36
48.91
49.48
50.04
50.6
51.16
51.72
52.28
52.84
53.39
53.96
54.52
55.08
55.65
56.21
56.77
57.33
57.88
58.45
59.01
59.56
60.13
60.68
61.24
61.81
62.37
62.92
63.49
64.05
64.61
65.17
65.73
66.29
66.85
67.41
67.97
68.53
69.09
69.65
70.21
70.77
71.33
71.89
72.45
73.01
73.57
74.13
74.7
75.26
75.81
76.38
76.94
77.5
78.07
78.62
79.18
79.74
80.29
80.85
81.41
81.98
82.54
83.1
83.66
84.22
84.77
85.34
85.9
86.46
87.02
87.58
88.14
88.7
89.25
89.82
90.38
90.94
91.51
92.07
92.63
93.19
93.74
94.3
94.86
95.42
95.97
96.54
97.1
97.66
98.21
98.79
99.35
99.91
100.48
101.03
101.59
102.15
102.71
103.27
103.83
104.39
104.95
105.51
106.07
106.63
107.19
107.75
108.31
108.87
109.44
110.0
110.56
111.12
111.67
112.24
112.8
113.35
113.92
114.48
115.04
115.6
116.16
116.72
117.28
117.84
118.4
118.96
119.52
120.08
120.64
121.2
121.76
122.32
122.88
123.44
124.0
124.56
125.12
125.68
126.24
126.8
127.36
127.92
128.49
129.05
129.6
130.17
130.73
131.28
131.85
132.41
132.97
133.53
134.08
134.64
135.21
135.77
136.34
136.9
137.45
138.01
138.57
139.13
139.69
140.25
140.81
141.37
141.93
142.49
143.05
143.61
144.17
144.73
145.3
145.86
146.48
147.05
147.58
148.13
148.69
149.25
149.8
150.37
