0.38
1.09
1.8
2.52
3.24
3.95
4.66
5.37
6.08
6.79
7.5
8.21
8.92
9.63
10.34
11.05
11.76
12.47
13.18
13.89
14.6
15.31
16.02
16.73
17.45
18.15
18.86
19.57
20.28
20.99
21.7
22.42
23.13
23.83
24.54
25.26
25.97
26.68
27.39
28.1
28.81
29.52
30.23
30.94
31.65
32.36
33.07
33.78
34.49
35.2
35.91
36.62
37.33
38.04
38.75
39.46
40.17
40.88
41.59
42.3
43.01
43.72
44.43
45.14
45.85
46.56
47.27
47.98
48.69
49.4
50.11
50.82
51.53
52.24
52.95
53.66
54.37
55.08
55.79
56.5
57.21
57.92
58.63
59.35
60.05
60.76
61.47
62.18
62.89
63.6
64.31
65.02
65.73
66.44
67.15
67.86
68.57
69.28
69.99
70.71
71.43
72.13
72.84
73.56
74.27
74.97
75.68
76.4
77.11
77.81
78.53
79.24
79.95
80.66
81.37
82.08
82.79
83.49
84.2
84.92
85.63
86.33
87.04
87.76
88.47
89.18
89.89
90.6
91.31
92.02
92.73
93.44
94.14
94.85
95.56
96.27
96.98
97.69
98.4
99.11
99.82
100.53
101.24
101.95
102.66
103.37
104.08
104.8
105.5
106.21
106.92
107.63
108.34
109.05
109.76
110.47
111.18
111.89
112.6
113.31
114.02
114.73
115.44
116.15
116.87
117.57
118.28
119.0
119.71
120.41
121.12
121.84
122.55
123.25
123.97
124.68
125.39
126.1
126.81
127.52
128.21
128.93
129.64
130.36
131.06
131.78
132.49
133.2
133.91
134.62
135.33
136.04
136.73
137.47
138.19
138.87
139.58
140.28
140.99
141.69
142.39
143.09
143.8
144.51
145.22
145.93
146.63
147.34
148.05
148.76
149.46
150.17
150.91
