0.32
0.93
1.56
2.09
2.68
3.29
3.94
4.54
5.17
5.77
6.34
6.91
7.52
8.11
8.73
9.35
9.96
10.55
11.11
11.67
12.27
12.9
13.49
14.1
14.66
15.19
15.81
16.35
16.99
17.63
18.23
18.81
19.43
19.98
20.53
21.14
21.76
22.39
22.99
23.59
24.19
24.84
25.46
26.07
26.68
27.28
27.88
28.49
29.09
29.7
30.29
30.88
31.5
32.12
32.73
33.32
33.93
34.52
35.13
35.74
36.34
36.97
37.58
38.18
38.79
39.4
40.0
40.6
41.21
41.82
42.42
43.03
43.61
44.23
44.85
45.45
46.06
46.68
47.29
47.91
48.52
49.13
49.75
50.36
50.98
51.58
52.2
52.82
53.45
54.06
54.66
55.26
55.86
56.49
57.09
57.7
58.31
58.92
59.54
60.15
60.76
61.38
61.99
62.59
63.21
63.81
64.42
65.02
65.64
66.26
66.87
67.48
68.08
68.69
69.3
69.9
70.52
71.12
71.74
72.35
72.97
73.58
74.17
74.78
75.39
76.0
76.61
77.2
77.8
78.38
79.0
79.66
80.27
80.88
81.46
82.03
82.63
83.25
83.81
84.42
85.0
85.6
86.17
86.78
87.38
88.0
88.64
89.28
89.91
90.51
91.12
91.73
92.35
92.97
93.58
94.18
94.79
95.41
96.02
96.62
97.23
97.84
98.45
99.05
99.65
100.25
100.86
101.46
102.07
102.69
103.29
103.87
104.48
105.09
105.7
106.29
106.9
107.51
108.12
108.73
109.32
109.93
110.52
111.12
111.71
112.31
112.89
113.49
114.07
114.67
115.27
115.86
116.44
117.03
117.63
118.23
118.83
119.44
120.05
120.66
121.27
121.87
122.49
123.1
123.71
124.31
124.92
125.52
126.13
126.73
127.35
127.95
128.56
129.17
129.76
130.36
130.96
131.56
132.17
132.78
133.38
133.96
134.57
135.17
135.77
136.37
136.97
137.58
138.18
138.78
139.36
139.96
140.54
141.13
141.71
142.31
142.88
143.46
144.02
144.62
145.2
145.79
146.36
146.94
147.52
148.12
148.72
149.31
149.91
150.51
151.1
151.7
152.28
152.88
153.47
154.07
154.66
155.24
155.84
156.44
157.03
157.64
158.24
158.83
159.42
160.01
160.6
161.2
161.8
162.4
163.0
163.59
164.18
164.78
165.38
165.96
166.55
167.14
167.73
168.33
168.9
169.49
170.08
170.66
171.23
171.82
172.41
173.01
173.59
174.18
174.77
175.36
175.94
176.53
177.12
177.71
178.29
178.88
179.47
180.05
180.63
181.22
181.82
182.41
182.99
183.58
184.16
184.73
185.31
185.92
186.51
187.1
187.68
188.28
188.9
189.5
190.09
190.68
191.29
191.87
192.46
193.04
193.62
194.21
194.8
195.37
195.93
196.51
197.08
197.66
198.22
198.78
199.35
199.91
200.48
201.06
201.64
202.22
202.79
203.36
203.92
204.49
205.07
205.64
206.21
206.79
207.35
207.91
208.47
209.03
209.6
210.18
210.76
211.34
211.9
212.46
213.02
213.6
214.17
214.75
215.32
215.9
216.46
217.02
217.58
218.16
218.73
219.31
219.89
220.47
221.04
221.58
222.13
222.74
223.35
223.95
224.56
225.16
225.76
226.35
226.94
227.55
228.15
228.75
229.34
229.94
230.53
231.13
231.71
232.31
232.91
233.5
234.11
234.71
235.31
235.9
236.49
237.08
237.68
238.27
238.87
239.48
240.08
240.68
241.26
241.86
242.44
243.04
243.62
244.22
244.79
245.37
245.95
246.54
247.12
247.7
248.28
248.87
249.46
250.04
250.63
251.24
251.84
252.44
253.04
253.64
254.23
254.83
255.43
256.03
256.63
257.22
257.81
258.4
259.0
259.61
260.21
260.82
261.41
262.01
262.61
263.21
263.81
264.4
265.0
265.6
266.19
266.78
267.38
267.98
268.58
269.17
269.76
270.36
270.95
271.57
272.18
272.78
273.39
273.99
274.59
275.19
275.79
276.4
277.11
277.69
278.28
278.86
279.52
280.15
280.77
281.37
281.98
282.54
283.14
283.74
284.34
284.94
285.51
286.17
286.78
287.39
287.95
288.55
289.15
289.75
