0.03
0.48
0.93
1.38
1.84
2.29
2.75
3.2
3.65
4.1
4.55
5.0
5.45
5.9
6.36
6.81
7.27
7.72
8.17
8.62
9.07
9.52
9.97
10.42
10.87
11.32
11.77
12.22
12.67
13.12
13.57
14.03
14.48
14.94
15.39
15.84
16.28
16.73
17.18
17.63
18.08
18.53
18.98
19.43
19.88
20.33
20.79
21.24
21.69
22.14
22.59
23.04
23.49
23.94
24.39
24.84
25.3
25.75
26.2
26.65
27.1
27.55
28.0
28.45
28.91
29.36
29.81
30.26
30.72
31.19
31.64
32.07
32.52
32.97
33.42
33.87
34.32
34.77
35.22
35.67
36.12
36.57
37.02
37.47
37.92
38.37
38.82
39.27
39.73
40.18
40.63
41.08
41.53
41.98
42.43
42.88
43.33
43.78
44.24
44.69
45.14
45.59
46.03
46.49
46.94
47.39
47.84
48.29
48.74
49.2
49.65
50.1
50.55
51.0
51.45
51.9
52.36
52.81
53.26
53.71
54.16
54.61
55.06
55.51
55.97
56.42
56.87
57.32
57.77
58.22
58.67
59.12
59.57
60.02
60.48
60.93
61.38
61.83
62.28
62.73
63.18
63.64
64.09
64.54
64.99
65.44
65.89
66.34
66.79
67.24
67.7
68.15
68.6
69.05
69.5
69.95
70.4
70.85
71.31
71.76
72.21
72.66
73.11
73.56
74.01
74.46
74.91
75.36
75.82
76.27
76.72
77.17
77.62
78.07
78.52
78.97
79.43
79.88
80.33
80.78
81.23
81.68
82.14
82.6
83.05
83.49
83.94
84.39
84.84
85.29
85.74
86.19
86.64
87.09
87.55
88.0
88.45
88.9
89.35
89.8
90.25
90.7
91.16
91.61
92.06
92.51
92.96
93.41
93.86
94.31
94.77
95.22
95.67
96.12
96.57
97.02
97.47
97.92
98.37
98.82
99.28
99.74
100.19
100.64
101.09
101.54
101.99
102.44
102.89
103.34
103.79
104.24
104.69
105.14
105.6
106.05
106.5
106.95
107.41
107.86
108.31
108.76
109.21
109.66
110.11
110.56
111.01
111.46
111.92
112.37
112.82
113.27
113.72
114.17
114.62
115.07
115.51
115.97
116.42
116.87
117.33
117.78
118.23
118.68
119.13
119.58
120.03
120.48
120.93
121.39
121.84
122.29
122.74
123.19
123.64
124.09
124.55
125.0
125.45
125.9
126.35
126.8
127.25
127.7
128.15
128.6
129.06
129.51
129.96
130.41
130.86
131.31
131.77
132.22
132.67
133.12
133.57
134.02
134.47
134.92
135.37
135.82
136.28
136.73
137.18
137.63
138.08
138.53
138.98
139.43
139.88
140.33
140.79
141.24
141.69
142.14
142.59
143.04
143.49
143.94
144.4
144.85
145.3
145.75
146.2
146.65
147.1
147.55
147.99
148.43
148.89
149.35
149.8
150.24
150.68
151.09
151.53
151.93
152.37
152.8
153.24
153.68
154.12
154.56
155.0
