0.69
1.89
3.12
4.35
5.61
6.77
7.94
9.15
10.45
11.65
12.84
14.01
15.18
16.4
17.62
18.84
20.06
21.28
22.5
23.72
24.95
26.17
27.39
28.61
29.83
31.05
32.28
33.5
34.72
35.94
37.16
38.38
39.61
40.82
42.04
43.27
44.49
45.71
46.93
48.15
49.37
50.6
51.82
53.04
54.26
55.48
56.7
57.92
59.15
60.37
61.59
62.81
64.03
65.26
66.47
67.69
68.92
70.13
71.36
72.56
73.81
75.03
76.25
77.47
78.69
79.91
81.13
82.35
83.58
84.8
86.02
87.24
88.45
89.68
90.91
92.13
93.35
94.57
95.79
97.01
98.23
99.46
100.67
101.89
103.12
104.34
105.57
106.79
108.01
109.23
110.45
111.67
112.9
114.11
115.34
116.56
117.78
119.0
120.22
121.43
122.67
123.89
125.11
126.33
127.55
128.77
130.0
131.22
132.44
133.66
134.88
136.1
137.33
138.54
139.77
140.99
142.21
143.43
144.66
145.88
147.1
148.32
149.54
150.76
151.98
153.2
154.42
155.64
156.86
158.09
159.31
160.53
161.76
162.97
164.2
165.42
166.64
167.86
169.08
170.3
171.53
172.75
173.97
175.19
176.42
177.63
178.86
180.1
181.3
182.52
183.74
184.96
186.17
187.4
188.62
189.84
191.07
192.29
193.51
194.73
195.96
197.18
198.4
199.62
200.84
202.06
203.29
204.51
205.71
206.95
208.17
209.39
210.61
211.83
213.05
214.28
215.5
216.72
217.94
219.13
220.38
221.61
222.83
224.05
225.26
226.49
227.71
228.93
230.16
231.38
232.6
233.82
235.03
236.26
237.48
238.7
239.93
241.15
242.37
243.59
244.81
246.03
247.26
248.48
249.7
250.92
252.14
253.36
254.58
255.81
257.03
258.25
259.48
260.69
261.91
263.14
264.36
265.58
266.8
268.02
269.25
270.46
271.69
272.91
274.13
275.35
276.58
277.81
279.06
280.28
281.49
282.62
283.83
285.06
286.34
287.58
288.79
290.0
291.23
292.45
293.67
294.9
296.13
297.33
298.56
299.78
300.99
302.22
303.44
304.66
305.89
307.13
308.33
309.56
310.78
312.0
313.21
314.44
315.66
316.88
318.11
319.32
320.55
321.77
322.99
324.21
325.43
326.66
327.86
329.09
330.32
331.54
332.77
333.98
335.21
336.42
337.65
338.87
340.09
341.32
342.53
343.76
344.98
346.2
347.42
348.64
349.86
351.09
352.31
353.53
354.75
355.97
357.19
358.42
359.63
360.87
362.18
363.49
364.87
366.04
367.25
368.49
369.7
370.88
372.04
373.23
374.43
375.62
376.8
