0.66
1.43
2.19
2.93
3.7
4.47
5.29
6.11
6.92
7.73
8.51
9.28
10.02
10.78
11.55
12.35
13.16
13.96
14.74
15.55
16.34
17.14
17.94
18.74
19.52
20.3
21.09
21.88
22.67
23.46
24.24
25.03
25.82
26.61
27.39
28.17
28.98
29.77
30.56
31.35
32.15
32.95
33.73
34.51
35.31
36.1
36.88
37.68
38.47
39.27
40.06
40.83
41.63
42.42
43.2
43.97
44.76
45.54
46.34
47.13
47.92
48.7
49.5
50.28
51.09
51.87
52.67
53.46
54.26
55.03
55.83
56.59
57.39
58.17
58.97
59.75
60.54
61.32
62.12
62.9
63.7
64.47
65.28
66.06
66.86
67.64
68.44
69.22
70.02
70.8
71.61
72.4
73.2
73.98
74.76
75.54
76.34
77.1
77.89
78.68
79.49
80.27
81.08
81.86
82.67
83.44
84.25
85.03
85.83
86.61
87.41
88.18
88.98
89.75
90.56
91.34
92.14
92.91
93.7
94.46
95.28
96.06
96.86
97.63
98.43
99.22
100.02
100.8
101.61
102.4
103.19
103.97
104.76
105.54
106.34
107.13
107.93
108.72
109.52
110.29
111.09
111.87
112.68
113.45
114.24
115.03
115.84
116.61
117.41
118.18
118.98
119.76
120.56
121.35
122.15
122.93
123.73
124.5
125.31
126.08
126.87
127.65
128.45
129.23
130.03
130.81
131.58
132.33
133.14
133.94
134.76
135.56
136.35
137.13
137.93
138.72
139.52
140.3
141.09
141.87
142.66
143.44
144.24
145.02
145.83
146.62
147.42
148.19
148.99
149.77
150.57
151.33
152.12
152.9
153.72
154.49
155.29
156.07
156.88
157.65
158.46
159.24
160.04
160.82
161.62
162.4
163.2
163.98
164.78
165.55
166.34
167.12
167.92
168.71
169.48
170.29
171.09
171.89
172.68
173.47
174.28
175.08
175.88
176.65
177.43
178.19
178.98
179.76
180.57
181.36
182.14
182.91
183.7
184.49
185.28
186.09
186.88
187.67
188.45
189.25
190.03
190.82
191.59
192.38
193.18
193.97
194.74
195.54
196.34
197.12
197.91
198.7
199.5
200.28
201.09
201.87
202.67
203.44
204.24
205.01
205.81
206.58
207.38
208.17
208.97
209.76
210.56
211.32
212.12
212.91
213.72
214.48
215.28
216.07
216.87
217.64
218.45
219.22
220.02
220.78
221.6
222.4
223.2
223.98
224.77
225.55
226.35
227.12
227.92
228.7
229.5
230.28
231.08
231.88
232.65
233.43
234.24
235.03
235.85
236.63
237.41
238.2
238.99
239.77
240.57
241.34
242.14
242.92
243.7
244.48
245.28
246.06
246.86
247.65
248.45
249.23
250.02
250.8
251.59
252.37
253.18
253.97
254.77
255.55
256.34
257.12
257.9
258.69
259.49
260.28
261.09
261.87
262.67
263.46
264.26
265.04
265.83
266.59
267.4
268.17
268.96
269.74
270.53
271.3
272.11
272.89
273.68
274.47
275.28
276.08
276.89
277.67
278.46
279.23
280.02
280.8
281.59
282.36
283.17
284.03
284.83
285.59
286.41
287.22
288.03
288.81
289.59
290.4
291.15
291.96
292.76
293.55
294.33
295.13
295.94
296.68
297.47
