0.41
1.41
2.32
3.14
4.04
5.04
5.96
6.88
7.78
8.69
9.6
10.51
11.42
12.32
13.23
14.14
15.05
15.96
16.87
17.78
18.69
19.6
20.51
21.42
22.33
23.23
24.14
25.05
25.96
26.87
27.78
28.69
29.6
30.51
31.42
32.33
33.23
34.14
35.05
35.96
36.88
37.79
38.7
39.61
40.52
41.43
42.34
43.24
44.16
45.06
45.97
46.87
47.79
48.7
49.61
50.51
51.42
52.33
53.24
54.15
55.06
55.97
56.87
57.79
58.7
59.6
60.51
61.42
62.33
63.24
64.15
65.06
65.97
66.88
67.78
68.69
69.6
70.51
71.42
72.33
73.24
74.15
75.06
75.97
76.88
77.79
78.69
79.6
80.51
81.42
82.33
83.24
84.15
85.05
85.96
86.87
87.78
88.69
89.6
90.51
91.41
92.32
93.23
94.14
95.06
95.97
96.88
97.79
98.69
99.6
100.51
101.42
102.33
103.24
104.15
105.06
105.97
106.88
107.79
108.69
109.6
110.51
111.42
112.33
113.24
114.15
115.06
115.97
116.88
117.79
118.69
119.6
120.51
121.42
122.32
123.25
124.06
125.05
125.98
126.89
127.69
128.68
129.6
130.52
131.33
132.32
133.25
134.16
135.08
135.97
136.88
137.78
138.7
139.61
140.51
141.42
142.33
143.24
144.15
145.06
145.97
146.88
147.78
148.7
149.6
150.51
151.41
152.28
153.17
154.05
