0.31
1.37
2.57
3.8
4.91
6.09
7.23
8.41
9.59
10.75
12.06
13.27
14.48
15.64
16.84
17.98
19.14
20.25
21.58
22.76
24.01
25.23
26.44
27.65
28.86
30.07
31.28
32.5
33.71
34.92
36.13
37.34
38.55
39.76
40.97
42.18
43.39
44.6
45.81
47.02
48.23
49.44
50.65
51.86
53.07
54.28
55.49
56.7
57.91
59.12
60.33
61.54
62.75
63.96
65.17
66.38
67.59
68.8
69.78
70.98
72.19
73.41
74.62
75.83
77.05
78.26
79.47
80.68
81.89
83.11
84.32
85.53
86.74
87.95
89.17
90.38
91.59
92.8
94.02
95.23
96.44
97.65
98.86
100.08
101.29
102.5
103.71
104.92
106.13
107.35
108.56
109.77
110.99
112.2
113.43
114.65
115.84
117.05
118.26
119.51
120.68
121.9
123.11
124.32
125.53
126.74
127.96
129.17
130.38
131.59
132.8
134.02
135.23
136.44
137.65
138.86
140.07
141.29
142.5
143.71
144.92
146.13
147.35
148.56
149.77
150.98
152.2
153.41
154.62
155.83
157.05
158.26
159.47
160.68
161.89
163.11
164.32
165.53
166.74
167.96
169.17
170.38
171.59
172.8
174.01
175.23
176.44
177.65
178.86
180.08
181.29
182.5
183.71
184.93
186.14
187.35
188.56
189.77
190.99
192.2
193.41
194.62
195.82
197.04
198.26
199.46
200.68
201.89
203.12
204.32
205.54
206.74
207.96
209.17
210.38
211.59
212.81
214.02
215.23
216.44
217.65
218.86
220.08
221.29
222.5
223.71
224.93
226.14
227.35
228.56
229.77
230.98
232.19
233.41
234.62
235.83
237.05
238.26
239.47
240.68
241.89
243.11
244.32
245.53
246.74
247.96
249.17
250.38
251.59
252.8
254.02
255.23
256.44
257.65
258.87
260.08
261.28
262.5
263.71
264.92
266.12
267.35
268.55
269.69
270.86
