0.42
1.16
1.91
2.64
3.38
4.13
4.87
5.61
6.35
7.09
7.84
8.58
9.31
10.06
10.8
11.54
12.28
13.03
13.77
14.5
15.24
15.99
16.73
17.46
18.2
18.95
19.7
20.43
21.17
21.92
22.66
23.39
24.12
24.87
25.62
26.35
27.09
27.83
28.57
29.31
30.06
30.81
31.55
32.28
33.02
33.76
34.51
35.24
35.98
36.73
37.47
38.21
38.95
39.69
40.43
41.16
41.9
42.65
43.39
44.13
44.86
45.61
46.35
47.09
47.83
48.59
49.33
50.07
50.81
51.55
52.29
53.03
53.77
54.51
55.26
55.99
56.73
57.47
58.2
58.94
59.69
60.43
61.17
61.91
62.65
63.39
64.13
64.87
65.61
66.37
67.11
67.84
68.57
69.33
70.06
70.8
71.56
72.3
73.04
73.77
74.51
75.26
75.99
76.72
77.46
78.21
78.95
79.68
80.42
81.17
81.9
82.64
83.39
84.14
84.88
85.62
86.36
87.1
87.84
88.58
89.32
90.07
90.81
91.54
92.28
93.03
93.76
94.5
95.24
95.99
96.73
97.47
98.21
98.96
99.69
100.43
101.17
101.91
102.66
103.4
104.14
104.88
105.62
106.35
107.08
107.84
108.59
109.33
110.08
110.82
111.56
112.29
113.03
113.78
114.52
115.26
115.99
116.73
117.47
118.21
118.95
119.69
120.43
121.17
121.91
122.65
123.39
124.13
124.87
125.62
126.36
127.11
127.84
128.58
129.32
130.05
130.79
131.54
132.29
133.03
133.78
134.52
135.25
135.99
136.74
137.48
138.22
138.96
139.7
140.44
141.17
141.91
142.65
143.4
144.14
144.88
145.62
146.36
147.1
147.84
148.58
149.32
150.06
150.8
151.54
152.28
153.02
153.76
154.5
155.25
156.0
156.74
157.48
158.22
158.96
159.69
160.43
161.18
161.92
162.66
163.4
164.15
164.88
165.63
166.36
167.11
167.85
168.59
169.32
170.06
170.8
171.55
172.28
173.03
173.77
174.51
175.25
176.0
176.73
177.47
178.2
178.95
179.69
180.43
181.17
181.92
182.66
183.39
184.14
184.89
185.64
186.38
187.11
187.85
188.59
189.32
190.06
190.81
191.55
192.3
193.04
193.78
194.52
195.25
195.99
196.72
