0.33
0.79
1.26
1.73
2.21
2.68
3.15
3.62
4.09
4.57
5.04
5.52
5.99
6.47
6.94
7.42
7.88
8.35
8.82
9.28
9.75
10.21
10.67
11.14
11.6
12.06
12.52
12.99
13.45
13.92
14.38
14.84
15.3
15.76
16.22
16.68
17.15
17.61
18.07
18.53
18.99
19.46
19.92
20.39
20.86
21.32
21.78
22.24
22.7
23.17
23.64
24.1
24.55
25.02
25.48
25.94
26.4
26.86
27.32
27.78
28.24
28.7
29.16
29.62
30.08
30.54
30.99
31.45
31.9
32.36
32.82
33.28
33.74
34.2
34.65
35.11
35.57
36.03
36.49
36.95
37.4
37.86
38.32
38.78
39.24
39.7
40.16
40.62
41.07
41.53
41.98
42.44
42.89
43.35
43.8
44.26
44.71
45.17
45.63
46.09
46.55
47.0
47.46
47.91
48.37
48.83
49.29
49.74
50.19
50.65
51.11
51.57
52.02
52.48
52.94
53.4
53.86
54.31
54.77
55.23
55.69
56.14
56.6
57.05
57.51
57.97
58.42
58.88
59.33
59.78
60.24
60.69
61.15
61.6
62.05
62.51
62.97
63.42
63.88
64.34
64.79
65.25
65.71
66.17
66.63
67.09
67.56
68.02
68.48
68.94
69.4
69.85
70.3
70.76
71.22
71.68
72.14
72.6
73.06
73.52
73.98
74.44
74.9
75.36
75.81
76.28
76.74
77.19
77.64
78.09
78.54
79.0
79.46
79.92
80.37
80.82
81.28
81.74
82.2
82.66
83.12
83.58
84.03
84.49
84.94
85.4
85.86
86.32
86.77
87.23
87.68
88.14
88.59
89.05
89.51
89.96
90.41
90.87
91.32
91.77
92.23
92.69
93.15
93.6
94.06
94.52
94.98
95.44
95.89
96.35
96.81
97.27
97.73
98.19
98.64
99.1
99.56
100.03
100.49
100.95
101.4
101.86
102.31
102.77
103.23
103.69
104.15
104.6
105.05
105.51
105.97
106.44
106.9
107.36
107.81
108.27
108.72
109.18
109.64
110.1
110.55
111.01
111.47
111.93
112.39
112.85
113.3
113.76
114.22
114.68
115.14
115.6
116.05
116.51
116.97
117.43
117.89
118.35
118.81
119.27
119.72
120.18
120.64
121.11
121.56
122.02
122.48
122.94
123.39
123.85
124.31
124.77
125.22
125.68
126.13
126.59
127.04
127.5
127.96
128.42
128.88
129.34
129.79
130.25
130.7
131.17
131.63
132.1
132.56
133.03
133.49
133.94
134.4
134.86
135.31
135.77
136.23
136.69
137.14
137.6
138.05
138.5
138.96
139.41
139.86
140.32
140.78
141.23
141.68
142.14
142.6
143.06
143.51
143.97
144.42
144.88
145.33
145.79
146.25
146.72
147.18
147.63
148.08
148.53
148.98
149.44
149.9
150.36
150.81
151.27
151.72
152.17
152.62
153.08
153.54
154.0
154.45
154.91
155.36
155.82
156.27
156.73
157.18
157.64
158.1
158.56
159.01
159.47
159.92
160.38
160.83
161.29
161.75
162.2
162.65
163.11
163.56
164.01
164.46
164.92
165.38
165.84
166.29
166.74
167.19
167.64
168.09
168.54
168.99
169.45
169.91
170.36
170.82
171.27
171.72
172.18
172.64
173.09
173.55
174.0
174.45
174.91
175.36
175.82
176.27
176.73
177.18
177.63
178.08
178.53
178.99
179.44
179.89
180.34
180.79
181.24
181.69
182.14
182.59
183.04
183.49
183.95
184.4
184.85
185.3
185.75
186.2
186.65
187.1
187.55
188.0
188.44
188.89
189.34
189.79
190.24
190.68
191.14
191.59
192.04
192.49
192.94
193.4
193.85
194.3
194.75
195.2
195.65
196.1
196.55
197.0
197.46
197.91
198.36
198.81
199.26
199.71
200.16
200.61
201.06
201.51
201.97
202.42
202.88
203.33
203.78
204.23
204.69
205.14
205.59
206.04
206.48
206.93
207.38
207.83
208.28
208.73
209.18
209.63
210.08
210.52
210.98
211.43
211.88
212.32
212.77
213.22
213.67
214.12
214.57
215.02
215.47
215.92
216.38
216.82
217.27
217.71
218.17
218.63
219.09
219.55
220.01
220.47
220.92
221.37
221.83
222.29
222.75
223.2
223.66
224.12
224.57
225.02
225.48
225.94
226.4
226.86
227.32
227.77
228.21
228.66
229.12
229.58
230.03
230.48
230.94
231.4
231.85
232.3
232.76
233.21
233.67
234.12
234.58
235.04
235.49
235.94
236.4
236.85
237.3
237.75
238.22
238.67
239.13
239.58
240.04
240.49
240.94
241.4
241.86
242.31
242.76
243.21
243.67
244.13
244.59
245.04
245.5
245.96
246.41
246.86
247.31
247.77
248.23
248.69
249.15
249.6
250.06
250.52
250.98
251.44
251.9
252.35
252.81
253.25
253.71
254.16
254.62
255.08
255.54
256.0
256.46
256.91
257.36
257.81
258.27
258.72
259.17
259.62
260.08
260.53
260.98
261.43
261.88
262.33
262.78
263.23
263.68
264.13
264.59
265.04
265.49
265.94
266.4
266.85
267.3
267.76
268.21
268.66
269.11
269.56
270.01
270.45
270.9
271.34
271.79
272.23
272.68
273.14
273.59
274.04
274.5
274.95
275.4
275.85
276.3
276.75
277.21
277.67
278.13
278.58
279.03
279.48
279.94
280.39
280.85
281.3
281.75
282.2
282.65
283.1
283.55
284.01
284.46
284.92
285.37
285.83
286.29
