0.54
1.38
2.23
3.07
3.9
4.73
5.57
6.41
7.23
8.07
8.91
9.74
10.57
11.4
12.24
13.07
13.9
14.73
15.57
16.4
17.23
18.06
18.9
19.74
20.57
21.4
22.23
23.08
23.9
24.73
25.57
26.39
27.23
28.06
28.9
29.75
30.55
31.39
32.23
33.06
33.9
34.73
35.56
36.39
37.23
38.06
38.9
39.72
40.56
41.39
42.23
43.07
43.9
44.74
45.57
46.4
47.23
48.07
48.9
49.74
50.57
51.4
52.23
53.06
53.9
54.73
55.57
56.41
57.23
58.07
58.91
59.74
60.56
61.39
62.23
63.07
63.89
64.73
65.57
66.4
67.23
68.05
68.9
69.73
70.55
71.39
72.23
73.08
73.91
74.74
75.57
76.4
77.22
78.05
78.89
79.74
80.57
81.4
82.23
83.07
83.9
84.73
85.56
86.4
87.23
88.06
88.9
89.73
90.56
91.4
92.23
93.07
93.89
94.73
95.57
96.39
97.23
98.06
98.9
99.73
100.56
101.4
102.23
103.07
103.9
104.74
105.57
106.41
107.24
108.07
108.9
109.73
110.56
111.39
112.22
113.06
113.9
114.73
115.57
116.4
117.22
118.06
118.9
119.74
120.56
121.4
122.23
123.07
123.9
124.73
125.57
126.4
127.24
128.06
128.9
129.73
130.56
131.39
132.22
133.06
133.9
134.73
135.56
136.39
137.22
138.05
138.89
139.73
140.56
141.39
142.23
143.07
143.9
144.73
145.56
146.41
147.23
148.06
148.9
149.73
150.56
151.39
152.23
153.07
153.87
154.72
155.56
156.4
157.23
158.06
158.9
159.73
160.56
161.4
162.23
163.07
163.9
164.74
165.57
166.4
167.23
168.07
168.89
169.73
170.56
171.39
172.23
173.07
173.9
174.74
175.56
176.4
177.23
178.07
178.89
179.73
180.56
181.39
182.24
183.07
183.9
184.73
185.56
186.4
187.23
188.06
188.9
189.74
190.56
191.39
192.23
193.06
193.89
194.72
195.55
196.39
197.23
198.07
198.9
199.73
200.56
201.4
202.24
203.07
203.9
204.72
205.56
206.4
207.23
208.06
208.91
209.74
210.57
211.39
212.22
213.03
213.84
214.66
215.48
216.31
217.14
217.97
218.8
219.62
220.44
221.27
222.1
222.93
