0.2
0.99
1.77
2.56
3.35
4.14
4.93
5.72
6.51
7.3
8.09
8.88
9.67
10.46
11.25
12.04
12.83
13.62
14.42
15.2
15.99
16.78
17.57
18.36
19.15
19.94
20.74
21.52
22.3
23.09
23.89
24.67
25.46
26.25
27.04
27.83
28.62
29.4
30.2
30.99
31.78
32.57
33.36
34.14
34.93
35.72
36.51
37.3
38.09
38.88
39.67
40.46
41.25
42.04
42.83
43.62
44.41
45.2
45.99
46.77
47.57
48.36
49.15
49.94
50.73
51.52
52.31
53.1
53.89
54.67
55.46
56.25
57.04
57.83
58.62
59.41
60.2
60.98
61.78
62.56
63.35
64.14
64.93
65.72
66.51
67.3
68.08
68.88
69.67
70.46
71.25
72.04
72.83
73.62
74.4
75.19
75.98
76.77
77.57
78.36
79.14
79.94
80.72
81.51
82.3
83.09
83.89
84.68
85.46
86.25
87.04
87.83
88.62
89.41
90.2
90.99
91.78
92.57
93.36
94.15
94.94
95.73
96.52
97.3
98.09
98.88
99.66
100.46
101.25
102.04
102.83
103.61
104.41
105.2
105.99
106.78
107.57
108.36
109.14
109.93
110.72
111.51
112.3
113.09
113.88
114.67
115.46
116.25
117.04
117.83
118.62
119.41
120.2
120.99
121.78
122.57
123.36
124.14
124.93
125.72
126.51
127.3
128.09
128.88
129.67
130.46
131.25
132.04
132.83
133.62
134.41
135.19
135.98
136.77
137.56
138.35
139.14
139.93
140.73
141.52
142.31
143.09
143.88
144.67
145.46
146.25
147.04
147.83
148.62
149.41
150.21
151.0
151.78
152.56
153.36
154.14
154.93
155.72
156.51
157.3
158.09
158.87
159.64
160.44
161.24
162.04
162.84
163.62
164.41
165.2
165.98
166.77
167.57
168.35
169.14
169.93
170.72
171.51
172.29
173.09
173.88
174.67
175.46
176.24
177.04
177.83
178.61
179.4
180.2
180.99
181.77
182.56
183.35
184.14
184.93
185.72
186.51
187.3
188.09
188.87
189.67
190.46
191.25
192.04
192.83
193.62
194.4
195.19
195.98
196.77
197.56
198.35
199.14
199.93
200.72
201.51
202.3
203.09
203.88
204.67
205.46
206.25
207.04
207.83
208.62
209.41
210.19
210.98
211.77
212.56
213.35
214.14
214.94
215.74
216.53
217.31
218.09
218.89
219.68
220.47
221.25
222.05
222.84
223.61
224.41
225.2
225.96
226.75
227.53
228.31
229.1
