0.91
1.98
3.05
4.13
5.19
6.26
7.34
8.41
9.48
10.55
11.62
12.7
13.77
14.84
15.91
16.98
18.06
19.13
20.2
21.26
22.34
23.41
24.48
25.55
26.63
27.7
28.77
29.84
30.91
31.98
33.05
34.12
35.2
36.26
37.33
38.41
39.48
40.55
41.62
42.7
43.77
44.84
45.91
46.98
48.05
49.12
50.19
51.27
52.34
53.41
54.48
55.56
56.63
57.7
58.77
59.84
60.91
61.98
63.06
64.13
65.2
66.27
67.34
68.41
69.48
70.55
71.63
72.7
73.77
74.83
75.91
76.98
78.05
79.12
80.2
81.27
82.34
83.41
84.48
85.55
86.62
87.7
88.77
89.84
90.91
91.98
93.05
94.12
95.19
96.27
97.34
98.41
99.48
100.55
101.62
102.7
103.78
104.84
105.91
106.98
108.05
109.13
110.2
111.27
112.34
113.41
114.48
115.55
116.63
117.7
118.77
119.84
120.91
121.98
123.05
124.12
125.2
126.27
127.34
128.41
129.48
130.56
131.63
132.7
133.77
134.84
135.91
136.98
138.05
139.13
140.2
141.27
142.34
143.41
144.48
145.55
146.62
147.7
148.77
149.84
150.91
151.98
153.05
154.12
155.19
156.26
157.34
158.41
159.48
160.55
161.62
162.7
163.77
164.84
165.91
166.98
168.06
169.13
170.19
171.26
172.34
173.41
174.48
175.55
176.63
177.7
178.77
179.84
180.91
181.98
183.06
184.13
185.2
186.26
187.34
188.41
189.48
190.55
191.62
192.7
193.77
194.84
195.91
196.98
198.05
199.13
200.2
201.27
202.34
203.41
204.48
205.55
206.62
207.7
208.77
209.84
210.9
211.95
213.02
214.09
215.15
216.21
217.27
218.31
219.48
