0.32
1.16
2.0
2.83
3.67
4.51
5.36
6.19
7.03
7.87
8.71
9.54
10.39
11.23
12.07
12.9
13.74
14.58
15.43
16.27
17.1
17.94
18.79
19.62
20.46
21.3
22.15
22.98
23.82
24.65
25.49
26.33
27.17
28.01
28.85
29.69
30.53
31.37
32.22
33.05
33.89
34.73
35.56
36.4
37.24
38.07
38.91
39.75
40.6
41.44
42.29
43.12
43.96
44.8
45.64
46.47
47.31
48.15
49.01
49.83
50.67
51.51
52.35
53.18
54.01
54.86
55.71
56.54
57.39
58.22
59.06
59.9
60.75
61.57
62.42
63.26
64.1
64.94
65.78
66.61
67.45
68.29
69.13
69.96
70.81
71.65
72.49
73.33
74.17
75.01
75.85
76.68
77.53
78.36
79.19
80.03
80.88
81.72
82.56
83.39
84.23
85.07
85.91
86.75
87.58
88.43
89.28
90.1
90.94
91.78
92.62
93.45
94.3
95.14
95.99
96.83
97.67
98.5
99.34
100.17
101.02
101.86
102.71
103.53
104.37
105.2
106.04
106.89
107.73
108.55
109.41
110.24
111.09
111.93
112.77
113.61
114.46
115.3
116.14
116.97
117.81
118.65
119.49
120.33
121.16
121.99
122.84
123.68
124.52
125.36
126.21
127.05
127.88
128.71
129.56
130.39
131.23
132.07
132.91
133.75
134.59
135.42
136.26
137.09
137.94
138.79
139.63
140.46
141.31
142.14
142.98
143.82
144.67
145.49
146.33
147.17
148.02
148.85
149.7
150.53
151.37
152.21
153.05
153.86
154.72
155.56
156.41
157.25
158.08
158.92
159.76
160.62
161.44
162.28
163.12
163.95
164.78
165.63
166.49
167.31
168.16
169.0
169.85
170.67
171.51
172.35
173.2
174.04
174.87
175.71
176.53
177.39
178.23
179.05
179.9
180.73
181.59
182.42
183.27
184.1
184.94
185.78
186.62
187.45
188.3
189.13
189.97
190.81
191.64
192.49
193.34
194.16
195.0
195.85
196.68
197.52
198.36
199.2
200.05
200.88
201.72
202.56
203.39
204.23
205.07
205.91
206.72
207.59
208.42
209.25
210.1
210.93
211.76
212.6
213.44
214.28
215.1
215.94
216.77
217.61
