0.58
1.28
1.96
2.66
3.39
4.09
4.78
5.47
6.15
6.85
7.55
8.24
8.92
9.59
10.27
10.97
11.68
12.39
13.08
13.79
14.49
15.18
15.86
16.56
17.24
17.96
18.66
19.36
20.05
20.73
21.41
22.1
22.79
23.52
24.24
24.95
25.65
26.32
27.02
27.72
28.41
29.08
29.79
30.49
31.16
31.84
32.54
33.24
33.93
34.6
35.3
36.0
36.69
37.36
38.06
38.76
39.44
40.12
40.82
41.52
42.19
42.87
43.58
44.27
44.96
45.63
46.33
47.03
47.72
48.39
49.1
49.8
50.48
51.15
51.85
52.55
53.23
53.91
54.61
55.31
56.0
56.67
57.37
58.07
58.75
59.43
60.13
60.83
61.52
62.19
62.89
63.59
64.27
64.95
65.65
66.35
67.03
67.73
68.42
69.11
69.78
70.47
71.17
71.87
72.56
73.24
73.93
74.63
75.31
75.99
76.69
77.38
78.07
78.76
79.45
80.15
80.83
81.51
82.21
82.9
83.59
84.27
84.97
85.66
86.35
87.03
87.72
88.42
89.11
89.79
90.48
91.18
91.87
92.55
93.25
93.94
94.63
95.3
96.0
96.7
97.38
98.06
98.76
99.46
100.15
100.82
101.52
102.19
102.87
103.57
104.28
104.98
105.66
106.33
107.03
107.73
108.41
109.09
109.79
110.49
111.18
111.85
112.55
113.25
113.93
114.61
115.31
116.01
116.69
117.37
118.07
118.77
119.45
120.13
120.83
121.53
122.21
122.88
123.59
124.28
124.97
125.65
126.34
127.03
127.73
128.4
129.1
129.8
130.48
131.16
131.86
132.56
133.25
133.92
134.62
135.32
136.0
136.68
137.38
138.07
138.76
139.43
140.14
140.83
141.52
142.2
142.9
143.6
144.28
144.98
145.66
146.33
147.02
147.71
148.41
149.11
149.8
150.48
151.17
151.87
152.55
153.24
153.93
154.63
155.32
156.0
156.69
157.39
158.07
158.75
159.45
160.15
160.83
161.51
162.21
162.9
163.59
164.27
164.96
165.66
166.35
167.04
167.73
168.42
169.11
169.79
170.49
171.19
171.87
172.54
173.24
173.94
174.62
175.3
176.0
176.7
177.39
178.06
178.76
179.43
180.11
180.8
181.52
182.22
182.9
183.57
184.27
184.96
185.65
186.33
187.03
187.73
188.42
189.09
189.79
190.49
191.18
191.86
192.56
193.26
193.94
194.61
195.31
196.0
196.68
197.37
198.07
198.77
199.45
200.12
200.83
201.53
202.21
202.89
203.59
204.29
204.97
205.64
206.34
207.04
207.72
208.4
209.1
209.8
210.49
211.16
211.86
212.56
213.25
213.92
214.62
215.32
216.01
216.68
217.38
218.08
218.76
219.44
220.14
220.84
221.52
222.22
222.9
223.58
224.27
224.94
225.64
226.32
227.0
227.7
228.41
229.11
229.8
230.48
231.17
231.87
232.55
233.24
233.93
234.63
235.32
236.0
236.69
237.39
238.07
238.75
239.45
240.15
240.83
241.51
242.2
242.9
243.59
244.28
244.97
245.66
246.35
247.03
247.72
248.41
249.1
249.79
250.49
251.19
251.87
252.54
253.24
253.94
254.62
255.3
256.0
256.7
257.39
258.06
258.76
259.44
260.13
260.83
261.53
