0.18
0.93
1.68
2.43
3.19
3.93
4.69
5.44
6.18
6.93
7.69
8.44
9.19
9.94
10.69
11.44
12.2
12.95
13.69
14.44
15.19
15.94
16.69
17.45
18.19
18.94
19.69
20.43
21.19
21.94
22.69
23.44
24.19
24.94
25.69
26.44
27.19
27.94
28.7
29.44
30.21
30.96
31.71
32.44
33.2
33.94
34.7
35.46
36.21
36.95
37.7
38.43
39.19
39.93
40.69
41.44
42.19
42.95
43.69
44.44
45.2
45.94
46.69
47.45
48.21
48.96
49.7
50.45
51.2
51.94
52.69
53.45
54.2
54.94
55.7
56.45
57.2
57.96
58.7
59.46
60.21
60.95
61.7
62.44
63.2
63.95
64.7
65.44
66.2
66.95
67.7
68.45
69.2
69.95
70.7
71.45
72.21
72.95
73.69
74.44
75.2
75.94
76.69
77.44
78.2
78.96
79.7
80.44
81.2
81.95
82.71
83.44
84.2
84.95
85.7
86.43
87.19
87.94
88.68
89.44
90.2
90.95
91.69
92.45
93.19
93.94
94.69
95.45
96.2
96.97
97.7
98.44
99.2
99.94
100.69
101.44
102.19
102.95
103.69
104.45
105.2
105.95
106.69
107.44
108.19
108.94
109.69
110.44
111.19
111.94
112.69
113.44
114.2
114.96
115.71
116.46
117.2
117.95
118.7
119.45
120.2
120.96
121.71
122.45
123.2
123.94
124.69
125.45
126.21
126.97
127.71
128.45
129.2
129.95
130.7
131.43
132.2
132.95
133.7
134.45
135.21
135.96
136.7
137.44
138.2
138.96
139.7
140.46
141.2
141.96
142.7
143.45
144.2
144.96
145.71
146.45
147.19
147.95
148.71
149.46
150.23
150.97
151.71
152.45
153.21
153.95
154.7
155.44
156.19
156.95
157.7
158.44
159.19
159.93
160.68
161.42
162.2
162.95
163.7
164.44
165.19
165.94
166.69
167.44
168.19
168.94
169.71
170.45
171.21
171.94
172.69
173.43
174.2
174.95
175.7
176.45
177.18
177.93
178.69
179.44
180.2
180.96
181.7
182.46
183.2
183.95
184.7
185.45
186.2
186.95
187.7
188.46
189.21
189.96
190.71
191.45
192.2
192.97
193.71
194.46
195.21
195.95
196.7
197.45
198.2
198.96
199.71
200.46
201.2
201.95
202.7
203.46
204.21
204.96
205.71
206.47
207.22
207.96
208.71
209.46
210.21
210.96
211.71
212.47
213.22
213.96
214.71
215.46
216.21
216.97
217.71
218.46
219.21
219.95
220.71
221.46
222.21
222.96
223.71
224.46
225.21
225.96
226.71
227.47
228.23
228.97
229.71
230.45
231.21
231.96
232.71
233.44
234.21
234.96
235.71
236.45
237.2
237.95
238.69
239.43
240.2
240.95
241.7
242.45
243.2
243.94
244.69
245.44
246.21
246.98
247.72
248.46
249.21
249.95
250.71
251.45
252.22
252.95
253.7
254.45
255.2
255.95
256.71
257.47
258.22
258.98
259.72
260.46
261.22
261.97
262.73
263.46
264.23
264.96
265.69
266.44
267.18
267.93
268.67
269.45
270.2
270.95
271.7
272.42
273.13
