0.61
1.61
2.62
3.63
4.63
5.64
6.65
7.65
8.66
9.67
10.68
11.69
12.7
13.7
14.71
15.72
16.73
17.74
18.75
19.75
20.76
21.77
22.78
23.79
24.8
25.81
26.81
27.82
28.83
29.84
30.85
31.85
32.86
33.87
34.88
35.89
36.9
37.91
38.91
39.92
40.93
41.94
42.95
43.96
44.96
45.97
46.98
47.99
49.0
50.01
51.02
52.02
53.03
54.04
55.05
56.06
57.07
58.07
59.08
60.09
61.1
62.11
63.12
64.12
65.13
66.14
67.15
68.16
69.17
70.18
71.18
72.19
73.2
74.21
75.22
76.23
77.23
78.24
79.25
80.26
81.27
82.28
83.28
84.29
85.3
86.31
87.32
88.32
89.33
90.34
91.35
92.36
93.37
94.38
95.39
96.39
97.4
98.41
99.42
100.43
101.43
102.44
103.45
104.46
105.47
106.48
107.49
108.49
109.5
110.51
111.52
112.53
113.54
114.55
115.55
116.56
117.57
118.58
119.59
120.59
121.6
122.61
123.62
124.63
125.64
126.64
127.65
128.66
129.67
130.68
131.69
132.7
133.7
134.71
135.72
136.73
137.74
138.75
139.76
140.76
141.77
142.78
143.79
144.8
145.81
146.81
147.82
148.83
149.84
150.85
151.86
152.86
153.87
154.88
155.89
156.9
157.91
158.92
159.92
160.93
161.94
162.95
163.96
164.97
165.97
166.98
167.99
169.0
170.01
171.01
172.02
173.03
174.04
175.05
176.06
177.06
178.08
179.08
180.09
181.1
182.11
183.12
184.13
185.13
186.14
187.15
188.16
189.17
190.18
191.18
192.2
193.21
194.21
195.22
196.23
197.23
198.24
199.25
200.26
201.27
202.28
203.28
204.29
205.3
206.31
207.32
208.33
209.33
210.34
211.35
212.36
213.37
214.38
215.38
216.39
217.4
218.41
219.42
220.43
221.44
222.44
223.45
224.46
225.46
226.48
227.56
