0.46
0.98
1.5
2.02
2.54
3.06
3.58
4.09
4.61
5.13
5.65
6.17
6.69
7.21
7.73
8.25
8.76
9.28
9.8
10.32
10.84
11.36
11.88
12.39
12.91
13.43
13.95
14.47
14.99
15.51
16.03
16.55
17.07
17.59
18.11
18.62
19.14
19.66
20.18
20.7
21.22
21.74
22.26
22.78
23.3
23.82
24.34
24.85
25.37
25.89
26.41
26.93
27.45
27.97
28.49
29.0
29.52
30.04
30.56
31.08
31.6
32.12
32.64
33.16
33.68
34.19
34.71
35.23
35.75
36.27
36.79
37.31
37.83
38.35
38.87
39.39
39.91
40.43
40.95
41.46
41.98
42.5
43.02
43.54
44.06
44.58
45.1
45.62
46.14
46.65
47.17
47.69
48.21
48.73
49.25
49.77
50.29
50.8
51.32
51.84
52.36
52.88
53.4
53.92
54.44
54.95
55.47
55.99
56.51
57.03
57.55
58.07
58.58
59.1
59.62
60.14
60.66
61.18
61.7
62.22
62.74
63.26
63.78
64.3
64.82
65.34
65.86
66.38
66.89
67.41
67.93
68.45
68.97
69.49
70.01
70.52
71.04
71.56
72.08
72.6
73.12
73.64
74.16
74.68
75.2
75.71
76.23
76.75
77.27
77.79
78.31
78.83
79.35
79.87
80.39
80.91
81.43
81.95
82.47
82.98
83.5
84.02
84.54
85.06
85.58
86.1
86.61
87.13
87.65
88.17
88.69
89.21
89.73
90.24
90.76
91.28
91.8
92.32
92.84
93.36
93.88
94.4
94.92
95.44
95.96
96.47
96.99
97.51
98.03
98.55
99.07
99.59
100.11
100.63
101.15
101.67
102.19
102.71
103.23
103.75
104.26
104.78
105.3
105.82
106.34
106.85
107.37
107.89
108.41
108.93
109.45
109.97
110.49
111.01
111.53
112.05
112.57
113.09
113.61
114.13
114.65
115.16
115.68
116.2
116.72
117.24
117.76
118.28
118.8
119.32
119.83
120.35
120.87
121.39
121.91
122.43
122.95
123.47
123.99
124.5
125.02
125.54
126.06
126.58
127.1
127.62
128.14
128.65
129.17
129.69
130.21
130.73
131.25
131.77
132.29
132.81
133.33
133.85
134.37
134.88
135.4
135.92
136.44
136.96
137.48
138.0
138.52
139.04
139.55
140.07
140.59
141.11
141.63
142.15
142.67
143.19
143.71
144.23
144.75
145.26
145.78
146.3
146.82
147.34
147.86
148.38
148.89
149.41
149.93
150.45
150.97
151.49
152.01
152.53
153.05
153.57
154.08
154.6
155.12
155.64
156.16
156.68
157.2
157.72
158.24
158.76
159.28
159.8
160.32
160.84
161.35
161.87
162.39
162.91
163.43
163.94
164.46
164.98
165.5
166.02
166.54
167.06
167.58
168.1
168.62
169.14
169.66
170.18
170.7
171.21
171.73
172.25
172.77
173.29
173.81
174.33
174.85
175.37
175.89
176.41
176.93
177.45
177.96
178.48
179.0
179.52
180.03
180.55
181.07
181.59
182.11
182.63
183.15
183.67
184.19
184.71
185.23
185.75
186.27
186.79
187.31
187.82
188.34
188.86
189.38
189.9
190.42
190.94
191.46
191.98
192.49
193.01
193.53
194.05
194.57
195.08
195.6
196.11
196.64
197.16
197.72
198.26
198.79
199.31
199.83
200.34
200.89
201.4
201.91
202.43
202.9
203.46
203.92
204.47
204.93
205.49
206.07
206.54
207.1
207.56
208.12
208.58
209.14
209.73
210.2
210.77
211.23
211.79
212.25
212.81
213.28
213.84
214.3
214.86
215.32
215.88
216.34
216.91
217.37
217.94
218.4
218.97
219.43
219.99
220.46
221.03
221.49
222.05
222.51
223.07
223.54
224.09
224.55
225.12
225.58
226.15
226.62
227.18
227.64
228.2
228.66
229.23
229.69
230.25
230.71
231.28
231.75
232.31
232.77
233.33
233.91
234.38
234.94
235.53
236.0
236.56
237.02
237.57
238.03
238.59
239.05
239.61
240.07
240.62
241.09
241.6
242.12
242.7
243.2
243.65
244.17
244.68
245.26
245.73
246.18
246.72
247.21
247.78
248.27
248.78
249.29
249.79
250.31
250.82
251.33
251.85
252.37
