0.67
1.75
2.84
3.94
5.03
6.13
7.21
8.31
9.41
10.49
11.58
12.67
13.76
14.84
15.94
17.06
18.15
19.21
20.3
21.39
22.48
23.57
24.66
25.75
26.84
27.93
29.02
30.12
31.2
32.3
33.39
34.48
35.57
36.66
37.75
38.84
39.93
41.03
42.12
43.21
44.3
45.39
46.48
47.57
48.66
49.75
50.84
51.93
53.03
54.11
55.2
56.3
57.39
58.48
59.57
60.66
61.75
62.84
63.93
65.02
66.11
67.21
68.3
69.39
70.48
71.57
72.66
73.75
74.84
75.93
77.02
78.11
79.2
80.29
81.39
82.48
83.57
84.66
85.75
86.84
87.93
89.02
90.12
91.21
92.3
93.39
94.48
95.57
96.66
97.75
98.84
99.93
101.02
102.12
103.21
104.3
105.39
106.48
107.57
108.66
109.75
110.84
111.93
113.03
114.12
115.21
116.3
117.39
118.48
119.57
120.66
121.75
122.85
123.93
125.02
126.11
127.2
128.29
129.39
130.48
131.57
132.66
133.75
134.84
135.93
137.02
138.11
139.21
140.3
141.39
142.48
143.57
144.66
145.75
146.84
147.93
149.02
150.11
151.21
152.3
153.39
154.48
155.57
156.66
157.75
158.85
159.94
161.03
162.12
163.21
164.3
165.39
166.48
167.57
168.67
169.75
170.85
171.94
173.03
174.12
175.21
176.3
177.39
178.48
179.57
180.66
181.75
182.84
183.93
185.02
186.11
187.2
188.3
189.39
190.48
191.57
192.66
193.75
194.84
195.93
197.02
198.11
199.2
200.3
201.39
202.48
203.57
204.66
205.75
206.84
207.93
209.02
210.11
211.2
212.3
213.39
214.48
215.57
216.66
217.75
218.84
219.91
220.98
