0.59
1.26
1.92
2.59
3.26
3.93
4.59
5.26
5.93
6.6
7.27
7.94
8.61
9.27
9.93
10.6
11.27
11.93
12.6
13.27
13.94
14.6
15.27
15.93
16.6
17.27
17.94
18.6
19.27
19.94
20.61
21.27
21.94
22.59
23.28
23.94
24.62
25.25
25.94
26.6
27.28
27.93
28.62
29.27
29.94
30.6
31.28
31.94
32.62
33.3
33.95
34.61
35.29
35.93
36.61
37.27
37.95
38.63
39.29
39.94
40.61
41.26
41.94
42.6
43.28
43.93
44.61
45.28
45.93
46.6
47.28
47.94
48.61
49.27
49.94
50.61
51.28
51.94
52.61
53.27
53.94
54.62
55.28
55.94
56.61
57.27
57.94
58.6
59.27
59.93
60.61
61.28
61.94
62.61
63.27
63.94
64.61
65.27
65.94
66.6
67.27
67.93
68.6
69.27
69.94
70.61
71.27
71.94
72.61
73.27
73.94
74.6
75.27
75.93
76.6
77.27
77.94
78.6
79.27
79.93
80.6
81.27
81.94
82.6
83.27
83.94
84.61
85.27
85.94
86.6
87.28
87.94
88.62
89.27
89.95
90.61
91.27
91.91
92.6
93.27
93.95
94.6
95.3
95.94
96.61
97.26
97.94
98.6
99.28
99.95
100.63
101.28
101.94
102.6
103.29
103.99
104.66
105.32
105.96
106.61
107.27
107.93
108.61
109.27
109.93
110.6
111.27
111.94
112.61
113.27
113.94
114.61
115.27
115.93
116.61
117.27
117.94
118.61
119.28
119.94
120.61
121.27
121.94
122.6
123.27
123.93
124.61
125.27
125.94
126.61
127.28
127.94
128.6
129.27
129.94
130.6
131.27
131.93
132.6
133.27
133.94
134.61
135.27
135.94
136.61
137.27
137.94
138.6
139.27
139.94
140.61
141.27
141.94
142.6
143.27
143.94
144.6
145.27
145.94
146.6
147.27
147.94
148.61
149.27
149.94
150.59
151.27
151.93
152.6
153.27
153.94
154.61
155.28
155.97
156.61
157.27
157.94
158.6
159.27
159.94
160.62
161.27
161.95
162.61
163.27
163.93
164.62
165.28
165.95
166.6
167.28
167.94
168.64
169.33
169.96
170.61
171.27
171.94
172.6
173.27
173.94
174.6
175.27
175.93
176.6
177.27
177.94
178.6
179.27
179.96
180.63
181.27
181.94
182.6
183.27
183.94
184.6
185.27
185.94
186.6
187.26
187.93
188.6
189.27
189.94
190.61
191.27
191.94
192.6
193.27
193.94
194.6
195.27
195.93
196.6
197.27
197.94
198.6
199.27
199.93
200.6
201.3
201.97
202.62
203.27
203.97
