0.18
0.77
1.36
1.94
2.52
3.1
3.69
4.27
4.85
5.43
6.02
6.6
7.18
7.76
8.34
8.93
9.51
10.1
10.68
11.26
11.84
12.42
13.0
13.59
14.17
14.75
15.34
15.92
16.5
17.09
17.67
18.25
18.83
19.42
20.0
20.58
21.16
21.75
22.32
22.91
23.49
24.06
24.66
25.25
25.83
26.41
27.0
27.58
28.16
28.74
29.32
29.9
30.48
31.06
31.65
32.23
32.81
33.4
33.98
34.56
35.14
35.73
36.31
36.89
37.48
38.06
38.64
39.22
39.8
40.38
40.97
41.55
42.13
42.71
43.3
43.88
44.46
45.04
45.62
46.2
46.79
47.37
47.95
48.53
49.12
49.7
50.28
50.86
51.45
52.03
52.61
53.19
53.77
54.34
54.92
55.5
56.1
56.7
57.28
57.86
58.44
59.02
59.61
60.19
60.77
61.35
61.93
62.51
63.1
63.68
64.27
64.85
65.43
66.01
66.6
67.18
67.76
68.34
68.93
69.51
70.09
70.67
71.25
71.84
72.42
73.0
73.59
74.16
74.74
75.32
75.91
76.49
77.07
77.66
78.25
78.82
79.4
79.99
80.58
81.16
81.74
82.32
82.91
83.49
84.07
84.65
85.23
85.81
86.39
86.97
87.55
88.13
88.71
89.31
89.9
90.48
91.06
91.64
92.23
92.81
93.39
93.97
94.55
95.13
95.72
96.3
96.89
97.47
98.06
98.64
99.22
99.8
100.38
100.96
101.55
102.13
102.71
103.3
103.88
104.46
105.04
105.62
106.21
106.79
107.37
107.95
108.54
109.12
109.71
110.29
110.87
111.45
112.03
112.61
113.2
113.78
114.36
114.95
115.54
116.12
116.69
117.28
117.86
118.44
119.03
119.61
120.19
120.77
121.35
121.93
122.52
123.1
123.68
124.26
124.85
125.43
126.01
126.59
127.17
127.76
128.34
128.92
129.5
130.08
130.67
131.25
131.83
132.41
132.99
133.57
134.16
134.74
135.32
135.9
136.48
137.06
137.64
138.23
138.81
139.39
139.98
140.57
141.16
141.74
142.33
142.91
143.49
144.08
144.66
145.24
145.82
146.4
146.98
147.57
148.15
148.73
149.32
149.91
150.48
151.06
151.64
152.22
152.81
153.39
153.97
154.55
155.13
155.72
156.3
156.87
157.45
158.04
158.63
159.21
159.8
160.38
160.97
161.55
162.13
162.71
163.3
163.88
164.46
165.04
165.63
166.21
166.78
167.37
167.96
168.54
169.12
169.7
170.28
170.87
171.45
172.03
172.61
173.19
173.78
174.36
174.94
175.52
176.1
176.69
177.27
177.85
178.44
179.02
179.6
180.18
180.76
181.34
181.93
182.51
183.1
183.68
184.26
184.84
185.43
186.01
186.6
187.17
187.75
188.33
188.91
189.49
190.07
190.66
191.25
191.83
192.41
192.99
193.58
194.16
194.72
195.3
195.88
196.46
197.03
197.61
198.18
198.74
199.3
199.86
200.43
201.0
201.58
202.14
202.72
203.29
203.86
