0.38
0.82
1.28
1.73
2.17
2.62
3.07
3.52
3.98
4.43
4.88
5.33
5.78
6.23
6.68
7.13
7.58
8.03
8.49
8.94
9.38
9.84
10.29
10.74
11.19
11.65
12.11
12.56
13.01
13.46
13.91
14.36
14.81
15.27
15.72
16.17
16.62
17.07
17.52
17.97
18.43
18.88
19.34
19.79
20.24
20.69
21.15
21.6
22.05
22.5
22.96
23.41
23.87
24.32
24.77
25.22
25.68
26.13
26.58
27.03
27.48
27.93
28.39
28.84
29.29
29.74
30.2
30.65
31.1
31.55
32.0
32.46
32.91
33.36
33.81
34.26
34.71
35.16
35.61
36.07
36.52
36.97
37.43
37.88
38.33
38.78
39.23
39.68
40.13
40.59
41.04
41.49
41.94
42.39
42.85
43.3
43.75
44.21
44.67
45.12
45.57
46.02
46.47
46.92
47.37
47.82
48.27
48.72
49.18
49.63
50.09
50.54
50.99
51.44
51.9
52.35
52.8
53.25
53.71
54.16
54.61
55.07
55.52
55.97
56.42
56.87
57.32
57.77
58.22
58.67
59.12
59.57
60.02
60.48
60.94
61.39
61.84
62.29
62.74
63.19
63.65
64.1
64.56
65.01
65.46
65.91
66.36
66.81
67.26
67.71
68.16
68.61
69.06
69.52
69.98
70.43
70.88
71.33
71.77
72.23
72.68
73.14
73.59
74.04
74.49
74.94
75.39
75.84
76.3
76.76
77.22
77.66
78.11
78.56
79.02
79.47
79.93
80.38
80.84
81.29
81.74
82.19
82.64
83.09
83.54
84.0
84.46
84.9
85.36
85.8
86.25
86.71
87.16
87.61
88.07
88.52
88.97
89.42
89.88
90.33
90.78
91.23
91.67
92.12
92.58
93.03
93.48
93.94
94.39
94.84
95.29
95.74
96.19
96.65
97.11
97.56
98.01
98.46
98.91
99.36
99.81
100.27
100.73
101.18
101.62
102.08
102.53
102.98
103.43
103.88
104.33
104.78
105.23
105.69
106.14
106.59
107.04
107.5
107.95
108.4
108.85
109.31
109.76
110.21
110.67
111.12
111.57
112.02
112.47
112.92
113.37
113.82
114.27
114.72
115.18
115.63
116.08
116.53
116.98
117.44
117.9
118.35
118.8
119.25
119.7
120.15
120.6
121.05
121.51
121.97
122.42
122.87
123.32
123.78
124.23
124.68
125.13
125.58
126.03
126.49
126.94
127.39
127.84
128.3
128.75
129.2
129.65
130.1
130.55
131.0
131.45
131.9
132.36
132.81
133.25
133.69
134.13
134.59
135.04
135.5
135.95
136.41
136.86
137.3
137.75
138.21
138.67
139.13
139.59
140.03
140.48
140.93
141.38
141.84
142.29
142.74
143.2
143.66
144.11
144.56
145.02
145.47
145.92
146.37
146.83
147.29
147.74
148.19
148.64
149.1
149.55
150.0
150.45
150.9
151.35
151.8
152.25
152.7
153.15
153.61
154.07
154.53
154.98
155.43
155.87
156.31
156.76
157.21
157.67
158.12
158.58
159.03
159.48
159.93
160.38
160.81
161.27
161.72
162.18
162.63
163.09
163.55
164.01
164.46
164.91
165.35
165.8
166.26
166.72
167.18
167.63
168.08
168.53
168.99
169.44
169.89
170.34
170.79
171.24
171.69
172.14
172.59
173.04
173.5
173.95
174.4
174.85
175.3
175.75
176.2
176.66
177.12
177.57
178.02
178.47
178.92
179.37
179.82
180.28
180.73
181.18
181.63
182.08
182.54
182.99
183.44
183.9
184.35
184.8
185.25
185.71
186.16
186.61
187.06
187.51
187.96
188.41
188.86
189.31
189.76
190.21
190.67
191.12
191.57
192.02
192.47
192.92
193.38
193.83
194.28
194.73
195.19
195.64
196.09
196.54
196.99
197.45
197.9
198.36
198.8
199.25
199.71
200.16
200.61
201.06
201.51
201.97
202.42
202.87
203.32
203.77
204.23
204.68
205.13
205.58
206.03
206.48
206.93
207.38
207.84
208.3
208.76
209.21
209.66
210.1
210.54
210.98
211.42
