0.42
0.97
1.53
2.05
2.59
3.15
3.69
4.24
4.79
5.34
5.88
6.44
7.0
7.55
8.1
8.67
9.21
9.76
10.28
10.81
11.36
11.92
12.48
13.05
13.61
14.17
14.72
15.27
15.83
16.39
16.93
17.45
18.01
18.58
19.11
19.68
20.23
20.8
21.36
21.92
22.46
23.01
23.54
24.12
24.67
25.22
25.78
26.34
26.89
27.44
27.99
28.53
29.09
29.65
30.2
30.74
31.28
31.82
32.37
32.93
33.47
34.02
34.57
35.12
35.67
36.22
36.78
37.33
37.88
38.43
38.99
39.54
40.09
40.64
41.2
41.75
42.3
42.85
43.41
43.96
44.51
45.06
45.62
46.17
46.72
47.27
47.82
48.38
48.93
49.48
50.04
50.59
51.14
51.69
52.25
52.8
53.35
53.9
54.45
55.01
55.56
56.11
56.66
57.21
57.76
58.31
58.87
59.42
59.97
60.52
61.07
61.63
62.18
62.73
63.29
63.84
64.39
64.94
65.49
66.05
66.6
67.15
67.71
68.26
68.81
69.36
69.91
70.47
71.02
71.57
72.12
72.67
73.22
73.77
74.32
74.88
75.43
75.98
76.53
77.1
77.65
78.21
78.76
79.31
79.86
80.41
80.96
81.51
82.06
82.62
83.17
83.72
84.28
84.83
85.39
85.95
86.49
87.04
87.59
88.14
88.69
89.25
89.81
90.37
90.92
91.47
92.03
92.58
93.15
93.71
94.26
94.81
95.37
95.92
96.47
97.02
97.57
98.12
98.67
99.22
99.77
100.32
100.88
101.43
101.98
102.53
103.08
103.63
104.19
104.74
105.29
105.84
106.4
106.96
107.51
108.05
108.61
109.16
109.72
110.27
110.82
111.36
111.91
112.47
113.02
113.57
114.12
114.68
115.22
115.77
116.32
116.87
117.42
117.97
118.53
119.08
119.63
120.18
120.73
121.29
121.85
122.4
122.95
123.5
124.06
124.61
125.17
125.73
126.28
126.83
127.38
127.93
128.49
129.04
129.59
130.14
130.69
131.24
131.79
132.35
132.9
133.45
134.0
134.56
135.11
135.66
136.21
136.77
137.33
137.88
138.43
138.98
139.54
140.09
140.64
141.2
141.75
142.3
142.86
143.42
143.97
144.53
145.08
145.63
146.18
146.73
147.29
147.85
148.4
148.96
149.52
150.07
150.62
151.17
151.72
152.28
152.83
153.39
153.94
154.49
155.05
155.61
156.15
156.71
157.26
157.82
158.37
158.93
159.48
160.03
160.59
161.15
161.7
162.25
162.79
163.34
163.89
164.44
164.99
165.55
166.1
166.65
167.21
167.76
168.32
168.87
169.42
169.97
170.53
171.08
171.63
172.18
172.74
173.29
173.84
174.39
174.94
175.49
176.04
176.6
177.15
177.71
178.26
178.81
179.36
179.92
180.47
181.02
181.59
182.15
182.7
183.25
183.8
184.36
184.91
185.47
186.02
186.57
187.12
187.67
188.22
188.77
189.33
189.88
190.44
190.99
191.53
192.09
192.64
193.19
193.74
194.3
194.86
195.42
195.97
196.52
197.07
197.62
198.17
198.73
199.28
199.84
200.38
200.94
201.48
202.04
202.58
203.13
203.68
204.23
204.78
205.33
205.89
206.44
206.99
207.55
208.1
208.64
209.2
209.75
210.3
210.86
211.41
211.96
212.51
213.07
213.62
214.17
214.72
215.27
215.83
216.38
216.94
217.49
218.04
218.59
219.15
219.7
220.24
220.79
221.34
221.89
222.44
222.99
223.54
224.09
224.64
225.19
225.75
226.3
226.85
227.42
227.96
228.52
229.07
229.63
230.18
230.74
231.29
231.85
232.41
232.98
233.53
234.03
234.6
235.18
235.67
236.29
236.81
237.37
237.95
238.52
239.09
239.66
240.23
240.81
241.31
241.81
242.36
242.95
243.48
244.02
244.56
245.16
245.7
246.24
246.76
247.34
247.92
248.49
249.05
249.6
250.17
250.73
251.28
251.83
252.38
252.94
253.49
254.04
254.6
255.15
255.7
256.26
256.81
257.36
257.91
258.46
259.02
259.58
260.13
260.68
261.23
261.78
262.33
262.88
263.43
263.99
264.54
265.09
265.65
266.2
266.75
267.3
267.85
268.41
268.96
269.51
270.07
270.63
271.18
271.72
272.28
272.83
273.38
273.93
274.49
275.05
275.6
276.15
276.72
277.28
277.84
278.4
278.95
279.51
280.06
280.62
281.17
281.73
282.29
282.84
283.39
283.94
284.49
285.04
285.6
286.16
286.7
287.24
287.78
288.32
288.85
