0.07
0.54
1.02
1.5
1.97
2.44
2.92
3.39
3.87
4.35
4.82
5.3
5.77
6.26
6.73
7.21
7.68
8.16
8.64
9.11
9.59
10.06
10.54
11.02
11.49
11.97
12.45
12.92
13.4
13.87
14.35
14.83
15.3
15.78
16.26
16.73
17.21
17.68
18.16
18.63
19.11
19.59
20.06
20.54
21.02
21.49
21.97
22.44
22.92
23.4
23.88
24.35
24.83
25.3
25.78
26.25
26.73
27.21
27.69
28.16
28.64
29.11
29.59
30.06
30.54
31.02
31.49
31.97
32.45
32.92
33.4
33.87
34.35
34.83
35.3
35.78
36.26
36.73
37.21
37.68
38.16
38.63
39.13
39.62
40.09
40.58
41.05
41.52
41.98
42.46
42.93
43.39
43.86
44.34
44.82
45.3
45.78
46.28
46.75
47.24
47.69
48.17
48.64
49.12
49.59
50.07
50.55
51.02
51.5
51.97
52.45
52.93
53.4
53.88
54.36
54.83
55.31
55.79
56.26
56.74
57.21
57.69
58.16
58.63
59.11
59.59
60.07
60.54
61.02
61.5
61.97
62.45
62.93
63.4
63.88
64.35
64.83
65.31
65.78
66.26
66.73
67.21
67.69
68.16
68.63
69.11
69.58
70.06
70.54
71.01
71.49
71.97
72.45
72.92
73.4
73.87
74.35
74.82
75.3
75.77
76.25
76.73
77.21
77.68
78.16
78.63
79.11
79.59
80.07
80.54
81.02
81.49
81.97
82.44
82.92
83.4
83.87
84.35
84.83
85.31
85.78
86.25
86.73
87.21
87.69
88.16
88.64
89.11
89.59
90.07
90.54
91.01
91.49
91.97
92.45
92.92
93.4
93.87
94.35
94.83
95.3
95.78
96.25
96.73
97.21
97.68
98.16
98.64
99.11
99.59
100.07
100.54
101.02
101.49
101.97
102.44
102.92
103.4
103.88
104.35
104.83
105.3
105.78
106.26
106.73
107.21
107.69
108.16
108.64
109.11
109.59
110.06
110.54
111.02
111.49
111.97
112.45
112.92
113.4
113.87
114.35
114.82
115.32
115.82
116.28
116.77
117.23
117.71
118.17
118.65
119.12
119.59
120.07
120.54
121.01
121.5
121.97
122.47
122.94
123.42
123.89
124.36
124.82
125.3
125.77
126.25
126.73
127.21
127.69
128.16
128.64
129.12
129.59
130.07
130.55
131.03
131.5
131.98
132.45
132.93
133.4
133.88
134.36
134.83
135.31
135.78
136.26
136.74
137.21
137.69
138.17
138.64
139.12
139.59
140.07
140.55
141.02
141.5
141.97
142.45
142.92
143.4
143.88
144.35
144.83
145.3
145.78
146.25
146.73
147.21
147.68
148.16
148.63
149.11
149.59
150.06
150.54
151.01
151.49
151.97
152.44
152.92
153.39
153.87
154.35
154.82
155.3
155.77
156.24
156.72
157.2
157.68
158.15
158.62
159.1
159.59
160.06
160.54
161.03
161.51
161.99
162.46
162.95
163.42
163.88
164.35
164.82
165.31
165.78
166.26
166.73
167.21
167.69
168.17
168.65
169.11
169.59
170.07
170.55
171.03
171.51
172.0
172.49
172.97
173.43
173.89
174.36
174.83
175.31
175.79
176.27
176.76
177.22
177.7
178.17
178.65
179.12
179.6
180.07
180.54
181.02
181.5
181.98
182.46
182.93
183.4
183.88
184.36
184.83
185.31
185.79
186.26
186.74
187.21
187.69
188.17
188.64
189.12
189.59
190.06
190.54
191.01
191.49
191.96
192.44
192.92
193.4
193.87
194.35
194.82
195.3
195.78
196.26
196.73
197.21
197.68
198.16
198.63
199.11
199.59
200.06
200.54
201.02
201.49
201.96
202.43
202.91
203.39
203.86
204.34
204.82
205.29
205.77
206.24
206.72
207.19
207.64
208.12
208.59
209.06
209.53
210.01
210.5
