0.17
0.63
1.14
1.56
2.02
2.53
2.94
3.4
3.84
4.3
4.75
5.22
5.69
6.14
6.6
7.06
7.52
7.98
8.44
8.9
9.36
9.82
10.28
10.75
11.21
11.67
12.13
12.59
13.06
13.52
13.98
14.44
14.9
15.36
15.83
16.28
16.75
17.21
17.67
18.13
18.6
19.06
19.52
19.98
20.44
20.9
21.36
21.82
22.29
22.75
23.21
23.67
24.13
24.59
25.06
25.52
25.98
26.44
26.9
27.36
27.83
28.29
28.75
29.21
29.67
30.13
30.59
31.05
31.52
31.98
32.44
32.9
33.36
33.82
34.29
34.75
35.21
35.67
36.13
36.59
37.06
37.52
37.98
38.44
38.9
39.36
39.82
40.28
40.75
41.21
41.67
42.13
42.59
43.05
43.52
43.98
44.44
44.9
45.38
45.87
46.35
46.82
47.26
47.72
48.17
48.62
49.09
49.57
50.05
50.53
50.96
51.42
51.86
52.3
52.77
53.26
53.74
54.19
54.64
55.11
55.56
56.0
56.47
56.94
57.41
57.86
58.3
58.76
59.22
59.68
60.14
60.6
61.06
61.52
61.98
62.44
62.9
63.37
63.83
64.29
64.75
65.21
65.67
66.14
66.6
67.06
67.52
67.98
68.44
68.9
69.37
69.83
70.29
70.75
71.21
71.67
72.14
72.6
73.06
73.52
73.98
74.45
74.91
75.37
75.83
76.29
76.75
77.21
77.67
78.13
78.6
79.06
79.52
79.98
80.45
80.91
81.37
81.83
82.29
82.75
83.21
83.67
84.13
84.6
85.06
85.52
85.98
86.44
86.9
87.37
87.83
88.29
88.75
89.21
89.67
90.13
90.59
91.05
91.51
91.98
92.44
92.9
93.36
93.82
94.29
94.75
95.21
95.67
96.13
96.6
97.06
97.52
97.98
98.44
98.9
99.36
99.83
100.29
100.75
101.21
101.67
102.13
102.6
103.06
103.52
103.98
104.44
104.9
105.36
105.83
106.29
106.75
107.21
107.67
108.14
108.6
109.06
109.52
109.98
110.44
110.9
111.36
111.83
112.29
112.75
113.21
113.67
114.13
114.6
115.06
115.52
115.98
116.44
116.9
117.37
117.83
118.29
118.75
119.22
119.71
120.19
120.66
121.1
121.57
122.01
122.45
122.92
123.4
123.88
124.36
124.79
125.24
125.69
126.14
126.62
127.1
127.58
128.05
128.49
128.95
129.41
129.85
130.31
130.78
131.26
131.73
132.17
132.61
133.07
133.53
133.99
134.45
134.91
135.37
135.83
136.29
136.75
137.21
137.67
138.13
138.6
139.06
139.52
139.98
140.44
140.9
141.36
141.83
142.29
142.75
143.21
143.67
144.13
144.59
145.06
145.52
145.98
146.44
146.9
147.37
147.83
148.29
148.76
149.22
149.69
150.15
150.6
151.06
151.52
151.98
152.44
152.9
153.36
153.83
154.29
154.76
155.22
155.68
156.14
156.6
157.06
157.53
157.99
158.45
158.91
159.38
159.84
160.3
160.76
161.22
161.68
162.14
162.6
163.06
163.52
163.98
164.44
164.9
165.37
165.83
166.29
166.75
167.21
167.67
168.14
168.6
169.06
169.52
169.98
170.44
170.9
171.36
171.83
172.29
172.75
173.21
173.67
174.13
174.6
175.06
175.52
175.98
176.45
176.91
177.37
177.83
178.31
178.8
179.25
179.72
180.17
180.64
181.08
181.54
182.02
182.49
182.97
183.44
183.87
184.33
184.78
185.23
185.7
186.18
186.66
187.13
187.57
188.03
188.48
188.92
189.38
189.86
190.34
190.81
191.25
191.7
192.15
192.61
193.07
193.53
193.99
194.45
194.91
195.37
195.83
196.29
196.75
197.21
197.67
198.14
198.6
199.06
199.52
199.98
200.44
200.91
201.37
201.83
202.29
202.75
203.21
203.67
204.13
204.6
205.06
205.52
205.98
206.45
206.91
207.37
207.83
208.29
208.75
209.22
209.68
210.14
210.6
211.06
211.52
211.98
212.44
212.91
213.37
213.83
214.29
214.75
215.21
215.68
216.14
216.6
217.06
217.52
217.98
218.45
218.91
219.37
219.83
220.29
220.75
221.21
221.67
222.12
222.57
223.02
223.47
223.93
