0.49
1.16
1.76
2.43
3.05
3.71
4.35
4.99
5.61
6.26
6.9
7.54
8.15
8.81
9.45
10.1
10.73
11.37
11.98
12.64
13.26
13.92
14.56
15.2
15.84
16.48
17.1
17.75
18.35
19.02
19.66
20.24
20.86
21.56
22.26
22.91
23.57
24.16
24.78
25.42
26.04
26.68
27.25
27.88
28.5
29.21
29.86
30.51
31.17
31.8
32.48
33.08
33.73
34.35
34.99
35.62
36.26
36.89
37.51
38.14
38.8
39.44
40.08
40.73
41.37
42.0
42.63
43.27
43.91
44.55
45.18
45.82
46.46
47.1
47.73
48.37
49.01
49.65
50.29
50.93
51.56
52.2
52.84
53.48
54.12
54.76
55.4
56.03
56.67
57.31
57.95
58.58
59.22
59.86
60.5
61.13
61.78
62.42
63.05
63.69
64.33
64.97
65.61
66.24
66.88
67.52
68.15
68.79
69.43
70.07
70.71
71.34
71.98
72.62
73.26
73.89
74.52
75.17
75.81
76.44
77.08
77.72
78.36
78.99
79.64
80.28
80.92
81.55
82.19
82.83
83.47
84.11
84.74
85.38
86.02
86.65
87.29
87.94
88.57
89.21
89.85
90.49
91.12
91.76
92.4
93.04
93.67
94.31
94.95
95.59
96.23
96.86
97.5
98.14
98.78
99.41
100.05
100.69
101.33
101.96
102.6
103.24
103.88
104.52
105.16
105.8
106.43
107.07
107.71
108.35
108.99
109.62
110.26
110.9
111.54
112.17
112.81
113.46
114.09
114.72
115.36
116.0
116.64
117.28
117.92
118.56
119.19
119.83
120.47
121.11
121.74
122.38
123.02
123.66
124.29
124.93
125.57
126.21
126.84
127.49
128.11
128.75
129.39
130.03
130.67
131.31
131.93
132.58
133.22
133.86
134.49
135.14
135.77
136.41
137.04
137.69
138.34
138.96
139.59
140.24
140.88
141.52
142.15
142.78
143.43
144.07
144.71
145.36
145.99
146.63
147.27
147.91
148.54
149.18
149.81
150.45
151.09
151.73
152.37
153.0
153.64
154.29
154.92
155.56
156.19
156.83
157.47
158.11
158.75
159.39
160.02
160.66
161.3
161.94
162.58
163.21
163.86
164.5
165.13
165.77
166.41
167.05
167.68
168.32
168.96
169.6
170.24
170.87
171.51
172.15
172.79
173.42
174.06
174.7
175.34
175.97
176.61
177.25
177.89
178.53
179.17
179.81
180.44
181.08
181.72
182.36
183.0
183.63
184.27
184.91
185.55
186.18
186.81
187.46
188.09
188.73
189.37
190.01
190.64
191.28
191.92
192.56
193.2
193.83
194.47
195.11
195.75
196.39
197.02
197.67
198.3
198.94
199.58
200.22
200.85
201.49
202.13
202.77
203.41
204.04
204.68
205.32
205.96
206.59
207.24
207.87
208.51
209.14
209.78
210.43
211.07
211.7
212.34
212.98
213.62
214.25
214.89
215.53
216.17
216.8
217.44
218.08
218.72
219.36
220.0
220.63
221.27
221.91
222.55
223.19
223.82
224.46
225.1
225.74
226.37
227.01
227.65
228.29
228.93
229.56
230.21
230.85
231.48
232.12
232.76
233.4
234.04
234.67
235.31
235.95
236.59
237.22
237.86
238.5
239.14
239.77
240.41
241.05
241.69
242.33
242.97
243.61
244.24
244.85
245.49
246.14
