0.05
0.49
0.94
1.39
1.85
2.33
2.78
3.23
3.68
4.13
4.59
5.05
5.52
5.98
6.44
6.89
7.36
7.82
8.28
8.73
9.18
9.64
10.1
10.56
11.01
11.46
11.92
12.38
12.83
13.29
13.75
14.21
14.67
15.13
15.58
16.04
16.5
16.96
17.41
17.87
18.33
18.79
19.25
19.71
20.16
20.62
21.08
21.54
22.0
22.46
22.91
23.37
23.83
24.29
24.75
25.2
25.66
26.12
26.58
27.03
27.49
27.95
28.41
28.87
29.33
29.78
30.24
30.7
31.15
31.61
32.06
32.53
32.98
33.44
33.9
34.36
34.82
35.28
35.74
36.2
36.66
37.11
37.57
38.03
38.49
38.95
39.4
39.86
40.32
40.78
41.24
41.69
42.15
42.61
43.07
43.53
43.98
44.44
44.9
45.36
45.82
46.28
46.73
47.19
47.65
48.11
48.56
49.02
49.48
49.94
50.4
50.85
51.31
51.77
52.23
52.68
53.14
53.6
54.06
54.52
54.97
55.43
55.89
56.35
56.81
57.26
57.71
58.18
58.64
59.1
59.55
60.01
60.47
60.93
61.39
61.85
62.3
62.76
63.22
63.68
64.14
64.59
65.05
65.51
65.96
66.42
66.88
67.34
67.8
68.26
68.72
69.17
69.63
70.09
70.54
71.0
71.46
71.92
72.38
72.84
73.3
73.75
74.21
74.67
75.13
75.58
76.04
76.5
76.96
77.42
77.87
78.33
78.79
79.25
79.71
80.17
80.62
81.08
81.54
82.0
82.46
82.92
83.37
83.83
84.29
84.75
85.2
85.66
86.12
86.58
87.03
87.49
87.95
88.41
88.87
89.33
89.78
90.24
90.7
91.16
91.62
92.08
92.53
92.99
93.45
93.91
94.37
94.83
95.28
95.74
96.2
96.66
97.12
97.57
98.03
98.49
98.94
99.4
99.86
100.32
100.78
101.24
101.7
102.15
102.61
103.07
103.53
103.99
104.45
104.9
105.36
105.82
106.27
106.73
107.19
107.65
108.11
108.56
109.02
109.48
109.94
110.4
110.86
111.31
111.77
112.23
112.69
113.15
113.6
114.05
114.51
114.97
115.43
115.89
116.35
116.8
117.26
117.72
118.18
118.64
119.1
119.56
120.02
120.48
120.93
121.39
121.85
122.31
122.76
123.22
123.68
124.14
124.6
125.05
125.51
125.97
126.43
126.89
127.35
127.8
128.26
128.71
129.17
129.63
130.09
130.55
131.01
131.46
131.92
132.38
132.84
133.3
133.76
134.21
134.67
135.13
135.59
136.05
136.51
136.96
137.42
137.88
138.34
138.79
139.25
139.71
140.17
140.63
141.09
141.54
142.0
142.46
142.92
143.38
143.83
144.29
144.75
145.21
145.66
146.12
146.58
147.04
147.5
147.95
148.41
148.87
149.33
149.78
150.24
150.72
151.19
151.64
152.09
152.53
152.98
153.44
153.9
154.36
154.82
155.28
155.74
156.2
156.66
157.11
157.57
158.03
158.49
158.95
159.41
159.86
160.32
160.78
161.24
161.7
162.15
162.61
163.07
163.53
163.99
164.44
164.9
165.36
165.82
166.28
166.74
167.19
167.65
168.1
168.56
169.02
169.48
169.94
170.4
170.85
171.31
171.77
172.22
172.68
173.14
173.6
174.06
174.52
174.98
175.44
175.89
176.35
176.8
177.26
177.72
178.18
178.64
179.09
179.55
180.01
180.47
180.93
181.39
181.85
182.3
182.76
183.22
183.68
184.14
184.6
185.06
185.51
185.97
186.42
186.87
187.31
187.74
188.18
188.66
189.15
189.55
189.98
190.43
190.84
191.3
191.77
192.2
192.67
193.12
193.57
194.02
194.47
194.92
195.37
195.83
196.29
196.74
197.19
