0.2
0.67
1.09
1.57
2.05
2.54
2.96
3.46
3.95
4.42
4.89
5.36
5.83
6.3
6.77
7.23
7.7
8.17
8.64
9.11
9.57
10.04
10.52
10.99
11.46
11.93
12.4
12.86
13.33
13.8
14.27
14.73
15.2
15.66
16.13
16.59
17.06
17.53
18.0
18.47
18.94
19.41
19.88
20.34
20.81
21.28
21.75
22.22
22.69
23.16
23.63
24.09
24.56
25.03
25.5
25.97
26.44
26.91
27.38
27.84
28.31
28.78
29.25
29.72
30.19
30.66
31.13
31.6
32.06
32.53
33.0
33.47
33.94
34.41
34.88
35.34
35.81
36.28
36.75
37.22
37.69
38.16
38.63
39.09
39.56
40.03
40.5
40.97
41.44
41.91
42.38
42.84
43.31
43.78
44.25
44.72
45.19
45.66
46.13
46.59
47.04
47.51
47.98
48.46
48.93
49.41
49.88
50.35
50.82
51.3
51.77
52.22
52.7
53.17
53.63
54.09
54.56
55.03
55.5
55.98
56.45
56.91
57.38
57.85
58.32
58.78
59.24
59.72
60.2
60.66
61.12
61.59
62.06
62.53
63.0
63.47
63.93
64.4
64.87
65.34
65.81
66.28
66.75
67.22
67.68
68.15
68.62
69.09
69.55
70.02
70.49
70.96
71.43
71.9
72.37
72.84
73.31
73.78
74.25
74.72
75.19
75.66
76.13
76.59
77.06
77.53
78.0
78.47
78.94
79.4
79.87
80.34
80.81
81.28
81.75
82.22
82.69
83.16
83.62
84.09
84.56
85.03
85.5
85.97
86.43
86.9
87.37
87.84
88.31
88.77
89.25
89.73
90.19
90.66
91.12
91.59
92.06
92.53
93.0
93.47
93.94
94.41
94.87
95.34
95.81
96.28
96.75
97.22
97.69
98.16
98.63
99.09
99.56
100.03
100.5
100.97
101.44
101.91
102.37
102.84
103.31
103.78
104.25
104.72
105.19
105.66
106.12
106.59
107.06
107.53
108.0
108.47
108.94
109.41
109.88
110.34
110.81
111.28
111.75
112.22
112.69
113.16
113.63
114.09
114.56
115.03
115.5
115.97
116.44
116.91
117.37
117.84
118.31
118.78
119.25
119.72
120.19
120.66
121.13
121.6
122.07
122.53
123.0
123.47
123.94
124.41
124.88
125.35
125.82
126.29
126.76
127.23
127.7
128.17
128.63
129.1
129.56
130.03
130.5
130.97
131.44
131.91
132.38
132.85
133.32
133.79
134.25
134.72
135.19
135.65
136.12
136.59
137.06
137.53
138.0
138.47
138.93
139.4
139.87
140.34
140.81
141.28
141.75
142.22
142.68
143.15
143.62
144.09
144.55
145.02
145.49
145.96
146.43
146.9
147.37
147.84
148.31
148.78
149.25
149.71
150.18
150.65
151.12
151.59
152.06
152.53
153.0
153.47
153.94
154.4
154.87
155.34
155.81
156.28
156.75
157.22
157.69
158.16
158.62
159.09
159.56
160.03
160.5
160.97
161.43
161.9
162.37
162.84
163.31
163.78
164.26
164.73
165.2
165.67
166.15
166.63
167.1
167.56
168.04
168.5
168.96
169.43
169.91
170.4
170.87
171.32
171.79
172.25
172.71
173.16
173.63
174.1
174.56
175.03
175.5
175.97
176.44
176.9
177.37
177.84
178.31
178.78
179.25
179.74
180.21
180.66
181.12
181.59
182.06
182.53
183.0
183.47
183.94
184.4
184.87
185.34
185.81
186.28
186.75
187.22
187.69
188.16
188.62
189.09
189.56
190.03
190.5
190.97
191.44
191.91
192.38
192.84
193.31
193.78
194.25
194.72
195.19
195.65
196.12
196.59
197.06
197.53
197.99
198.46
198.93
199.4
199.87
200.34
200.81
201.28
201.74
202.21
202.68
203.15
203.62
204.09
204.55
205.02
205.49
205.96
206.43
206.9
207.37
207.84
208.31
208.78
209.25
209.72
210.19
210.65
211.12
211.59
212.06
212.53
212.99
213.46
213.93
214.4
214.87
215.34
215.8
216.27
216.74
217.21
217.68
218.15
218.62
219.09
219.56
220.03
220.49
220.95
221.42
221.89
222.36
222.83
223.3
223.77
224.25
224.72
225.18
225.65
226.12
226.59
227.06
227.53
227.99
228.46
228.93
229.4
229.87
230.34
230.81
231.28
231.74
232.21
232.68
233.15
233.62
234.09
234.56
235.03
235.5
235.97
236.44
236.91
237.38
237.84
238.31
238.78
239.25
239.72
240.21
240.68
241.15
241.62
242.1
242.55
243.0
243.47
243.94
244.41
