0.16
0.61
1.05
1.49
1.92
2.36
2.79
3.23
3.67
4.12
4.55
5.0
5.44
5.88
6.32
6.76
7.2
7.64
8.08
8.52
8.96
9.4
9.84
10.28
10.72
11.16
11.6
12.05
12.48
12.93
13.36
13.8
14.24
14.68
15.12
15.56
16.0
16.44
16.88
17.32
17.77
18.21
18.65
19.09
19.53
19.97
20.41
20.85
21.29
21.73
22.17
22.61
23.05
23.49
23.93
24.37
24.82
25.26
25.69
26.13
26.57
27.01
27.46
27.9
28.34
28.78
29.22
29.66
30.1
30.54
30.98
31.42
31.86
32.3
32.74
33.18
33.62
34.06
34.5
34.94
35.38
35.82
36.26
36.7
37.14
37.58
38.02
38.46
38.9
39.34
39.78
40.22
40.66
41.1
41.54
41.98
42.42
42.86
43.3
43.74
44.18
44.62
45.06
45.5
45.94
46.38
46.82
47.26
47.71
48.15
48.59
49.03
49.47
49.91
50.35
50.79
51.23
51.67
52.11
52.55
52.99
53.43
53.87
54.31
54.75
55.19
55.63
56.07
56.51
56.95
57.39
57.83
58.27
58.71
59.16
59.6
60.04
60.48
60.92
61.36
61.8
62.24
62.68
63.12
63.56
64.0
64.44
64.88
65.32
65.76
66.2
66.64
67.08
67.52
67.96
68.4
68.84
69.28
69.72
70.16
70.6
71.05
71.49
71.93
72.37
72.81
73.25
73.69
74.13
74.57
75.01
75.45
75.89
76.33
76.78
77.22
77.66
78.1
78.54
78.98
79.42
79.86
80.3
80.74
81.18
81.62
82.06
82.5
82.94
83.38
83.82
84.26
84.7
85.14
85.58
86.02
86.46
86.9
87.34
87.78
88.22
88.66
89.1
89.54
89.98
90.43
90.87
91.31
91.75
92.19
92.63
93.07
93.51
93.95
94.39
94.83
95.27
95.71
96.15
96.59
97.03
97.47
97.91
98.35
98.78
99.22
99.66
100.1
100.54
100.99
101.43
101.87
102.31
102.75
103.18
103.63
104.07
104.51
104.95
105.39
105.83
106.27
106.71
107.15
107.59
108.03
108.47
108.91
109.35
109.8
110.24
110.68
111.12
111.56
112.0
112.44
112.88
113.32
113.76
114.2
114.64
115.08
115.52
115.96
116.4
116.84
117.28
117.72
118.16
118.6
119.04
119.49
119.93
120.37
120.81
121.25
121.68
122.12
122.56
123.01
123.45
123.89
124.33
124.77
125.21
125.65
126.09
126.53
126.97
127.41
127.85
128.29
128.72
129.17
129.61
130.05
130.5
130.94
131.39
131.83
132.26
132.71
133.15
133.59
134.05
134.5
134.93
135.37
135.81
136.25
136.68
137.12
137.58
138.01
138.45
138.88
139.31
139.74
140.21
140.66
141.11
141.54
141.98
142.42
142.85
143.28
143.72
144.17
144.62
145.05
145.49
145.93
146.36
146.81
147.26
147.7
148.15
148.59
149.03
149.46
149.89
150.33
150.77
151.21
151.65
152.09
152.53
152.97
153.41
153.85
154.29
154.73
155.18
155.62
156.06
156.5
156.93
157.37
157.82
158.26
158.7
159.14
159.57
160.01
160.45
160.89
161.34
161.78
162.22
162.67
163.12
163.56
164.0
164.44
164.87
165.31
165.74
166.17
166.61
167.05
167.49
167.92
168.37
168.82
169.26
169.7
170.14
170.58
171.02
171.46
171.9
172.34
172.78
173.22
173.67
174.11
174.55
174.99
175.43
175.87
176.31
176.75
177.18
177.62
178.06
178.5
178.95
179.39
179.83
180.27
180.71
181.15
181.59
182.03
182.47
182.91
183.35
183.79
184.23
184.67
185.11
185.55
185.99
186.44
186.88
187.32
187.76
188.2
188.64
189.08
189.52
189.96
190.4
190.84
191.28
191.72
192.16
192.6
193.04
193.48
193.92
194.36
194.8
195.24
195.69
196.13
196.57
197.01
197.45
197.89
198.33
198.77
199.21
199.65
200.09
200.53
200.97
201.41
201.85
202.29
202.73
203.17
203.61
204.05
204.49
204.93
205.37
205.82
206.26
206.7
207.14
207.58
208.02
208.46
208.9
209.34
209.78
210.21
210.65
211.09
211.53
211.98
212.42
212.86
213.3
213.74
214.18
214.62
215.06
215.5
215.94
216.38
216.82
217.26
217.7
218.14
218.58
219.02
219.46
219.9
220.34
220.77
221.22
221.66
222.1
222.55
222.99
223.42
223.85
224.29
224.74
225.18
225.62
226.05
226.48
226.92
227.36
227.81
228.26
228.7
229.14
229.59
230.03
230.48
230.92
231.36
231.8
232.25
232.7
233.16
233.61
234.06
234.5
234.94
235.38
235.82
236.25
236.68
237.12
237.55
237.99
238.42
238.85
239.29
239.73
240.17
240.61
241.05
241.49
241.92
242.36
242.8
243.24
243.68
244.12
244.55
244.98
245.42
