0.35
1.28
2.23
3.17
4.1
5.04
5.98
6.92
7.85
8.79
9.73
10.67
11.61
12.54
13.48
14.42
15.36
16.3
17.24
18.18
19.11
20.04
20.98
21.92
22.86
23.79
24.73
25.67
26.61
27.54
28.48
29.42
30.37
31.3
32.24
33.18
34.11
35.1
35.99
36.92
37.86
38.79
39.73
40.67
41.66
42.58
43.53
44.44
45.37
46.31
47.24
48.18
49.1
50.04
50.98
51.92
52.86
53.8
54.73
55.68
56.61
57.55
58.48
59.42
60.36
61.3
62.23
63.17
64.11
65.05
65.99
66.93
67.86
68.8
69.73
70.68
71.61
72.55
73.48
74.43
75.36
76.3
77.24
78.18
79.11
80.05
80.99
81.93
82.86
83.8
84.74
85.68
86.61
87.55
88.49
89.43
90.36
91.3
92.24
93.18
94.11
95.05
95.99
96.93
97.86
98.79
99.73
100.68
101.61
102.54
103.48
104.43
105.36
106.31
107.24
108.17
109.11
110.05
110.99
111.93
112.86
113.8
114.74
115.68
116.61
117.54
118.48
119.43
120.36
121.3
122.23
123.19
124.12
125.07
126.0
126.92
127.85
128.79
129.73
130.67
131.61
132.55
133.49
134.43
135.36
136.3
137.23
138.18
139.11
140.05
140.99
141.93
142.87
143.8
144.74
145.68
146.61
147.55
148.48
149.42
150.36
151.3
152.24
153.18
154.11
155.05
155.99
156.93
157.87
158.81
159.74
160.68
161.61
162.55
163.49
164.43
165.36
166.3
167.24
168.18
169.11
170.05
170.99
171.93
172.87
173.81
174.74
175.69
176.61
177.54
178.48
179.42
180.36
181.3
182.24
183.17
184.11
185.05
185.99
186.93
187.87
188.81
189.74
190.68
191.62
192.56
193.5
194.43
195.36
196.3
197.24
198.17
199.11
200.05
200.99
201.93
202.86
203.8
204.74
205.68
206.62
207.57
208.5
209.44
210.37
211.3
212.24
213.18
214.11
215.05
215.99
216.93
217.87
218.8
219.74
220.69
221.62
222.56
223.49
224.44
225.37
226.3
227.24
228.18
