0.12
0.85
1.58
2.31
3.05
3.78
4.51
5.24
5.98
6.71
7.44
8.17
8.9
9.63
10.36
11.1
11.83
12.56
13.29
14.02
14.76
15.49
16.22
16.95
17.69
18.42
19.15
19.88
20.62
21.35
22.08
22.8
23.53
24.26
24.99
25.72
26.45
27.18
27.92
28.65
29.38
30.11
30.85
31.58
32.31
33.04
33.77
34.5
35.23
35.97
36.7
37.43
38.16
38.89
39.63
40.36
41.09
41.82
42.56
43.28
44.01
44.74
45.48
46.21
46.94
47.67
48.41
49.14
49.87
50.6
51.33
52.06
52.79
53.53
54.27
54.99
55.72
56.45
57.19
57.92
58.65
59.38
60.12
60.84
61.57
62.3
63.04
63.77
64.5
65.23
65.97
66.7
67.43
68.17
68.91
69.64
70.36
71.09
71.82
72.55
73.28
74.01
74.75
75.48
76.21
76.94
77.68
78.41
79.14
79.87
80.6
81.33
82.06
82.79
83.53
84.26
84.99
85.72
86.45
87.19
87.92
88.65
89.39
90.12
90.85
91.58
92.31
93.04
93.78
94.51
95.24
95.97
96.71
97.44
98.17
98.9
99.64
100.37
101.11
101.84
102.57
103.3
104.03
104.75
105.48
106.21
106.94
107.67
108.4
109.14
109.87
110.6
111.33
112.07
112.81
113.53
114.26
114.99
115.73
116.46
117.19
117.92
118.65
119.38
120.11
120.84
121.58
122.31
123.04
123.77
124.51
125.25
125.97
126.7
127.43
128.16
128.89
129.62
130.36
131.09
131.82
132.55
133.29
134.02
134.76
135.5
136.22
136.95
137.68
138.41
139.14
139.87
140.6
141.33
142.07
142.8
143.53
144.26
144.99
145.72
146.45
147.19
147.93
148.66
149.38
150.11
150.85
151.58
152.31
153.04
153.78
154.51
155.24
155.97
156.7
157.43
158.16
158.9
159.63
160.36
161.09
161.82
162.56
163.29
164.02
164.75
165.48
166.22
166.95
167.68
168.42
169.15
169.88
170.61
171.34
172.07
172.8
173.54
174.27
174.99
175.72
176.45
177.18
177.92
178.65
179.38
180.11
180.85
181.58
182.31
183.04
183.77
184.5
185.23
185.97
186.7
187.43
188.16
188.9
189.63
190.36
191.09
191.82
192.55
193.28
194.02
194.76
195.49
196.21
196.94
197.68
198.41
199.14
199.87
200.61
201.33
202.06
202.8
203.54
204.27
204.99
205.73
206.46
207.19
207.92
208.65
209.39
210.12
210.85
211.58
212.31
213.04
213.77
214.51
215.24
215.97
216.7
217.43
218.17
218.9
219.63
220.36
221.1
221.83
222.56
223.29
224.02
224.75
225.49
226.22
226.95
227.68
228.41
229.14
229.89
230.61
231.34
232.07
232.8
233.56
