0.79
1.74
2.69
3.65
4.59
5.54
6.5
7.35
8.18
9.12
10.07
11.02
11.97
12.92
13.88
14.83
15.79
16.75
17.72
18.72
19.61
20.59
21.53
22.51
23.41
24.36
25.28
26.27
27.21
28.19
29.1
30.08
31.02
31.97
32.93
33.88
34.83
35.78
36.74
37.7
38.64
39.6
40.55
41.5
42.45
43.4
44.35
45.31
46.26
47.21
48.16
49.12
50.07
51.02
51.97
52.93
53.88
54.83
55.78
56.74
57.69
58.64
59.59
60.55
61.5
62.45
63.4
64.36
65.31
66.26
67.21
68.17
69.12
70.07
71.02
71.98
72.93
73.88
74.83
75.79
76.74
77.69
78.64
79.59
80.55
81.5
82.45
83.41
84.36
85.31
86.26
87.21
88.17
89.12
90.07
91.02
91.98
92.93
93.88
94.83
95.78
96.74
97.69
98.64
99.59
100.55
101.5
102.45
103.4
104.36
105.31
106.26
107.21
108.17
109.12
110.07
111.02
111.98
112.93
113.88
114.83
115.79
116.74
117.69
118.64
119.59
120.55
121.5
122.45
123.4
124.36
125.31
126.26
127.21
128.17
129.12
130.07
131.02
131.97
132.93
133.88
134.83
135.78
136.74
137.69
138.64
139.59
140.55
141.5
142.45
143.4
144.36
145.31
146.26
147.21
148.17
149.12
150.07
151.02
151.98
152.95
153.9
154.85
155.81
156.76
157.71
158.66
159.62
160.57
161.52
162.47
163.43
164.38
165.33
166.28
167.23
168.17
169.12
170.07
171.02
171.98
172.93
173.88
174.83
175.78
176.74
177.69
178.64
179.61
180.57
181.51
182.47
183.4
184.36
185.31
186.26
187.21
188.17
189.12
190.07
191.02
191.97
192.93
193.88
194.83
195.78
196.74
197.69
198.64
199.59
200.55
201.5
202.45
203.4
204.36
205.31
206.26
207.21
208.16
209.12
210.07
211.02
211.97
212.93
213.88
214.84
215.79
216.76
217.7
218.65
219.6
220.56
221.5
222.45
223.41
224.37
225.31
226.26
227.21
228.16
229.12
230.09
231.07
232.01
232.96
