0.36
1.18
2.0
2.82
3.64
4.48
5.3
6.12
6.91
7.75
8.51
9.34
10.21
10.99
11.87
12.7
13.51
14.32
15.15
15.97
16.8
17.61
18.43
19.26
20.08
20.9
21.73
22.55
23.37
24.18
25.02
25.84
26.66
27.47
28.3
29.13
29.95
30.76
31.59
32.42
33.23
34.05
34.87
35.7
36.52
37.34
38.16
38.98
39.81
40.62
41.44
42.26
43.09
43.91
44.72
45.55
46.38
47.2
48.02
48.85
49.68
50.5
51.33
52.14
52.96
53.77
54.59
55.41
56.24
57.07
57.89
58.7
59.53
60.33
61.16
61.97
62.81
63.63
64.46
65.26
66.08
66.91
67.72
68.54
69.36
70.19
71.03
71.83
72.68
73.49
74.33
75.16
75.97
76.78
77.61
78.44
79.27
80.08
80.91
81.73
82.55
83.36
84.17
85.02
85.85
86.65
87.48
88.31
89.13
89.93
90.77
91.59
92.41
93.23
94.06
94.87
95.7
96.52
97.35
98.17
98.99
99.81
100.63
101.45
102.28
103.1
103.93
104.75
105.57
106.39
107.21
108.03
108.85
109.68
110.51
111.32
112.14
112.95
113.78
114.6
115.43
116.23
117.07
117.89
118.71
119.52
120.35
121.17
122.0
122.81
123.64
124.45
125.28
126.1
126.93
127.75
128.58
129.39
130.22
131.04
131.86
132.67
133.51
134.32
135.15
135.97
136.8
137.6
138.44
139.26
140.08
140.9
141.73
142.55
143.37
144.19
145.02
145.83
146.66
147.48
148.28
149.11
149.95
150.76
151.59
152.4
153.23
154.06
154.88
155.7
156.52
157.34
158.16
158.97
159.8
160.64
161.46
162.26
163.1
163.96
164.75
165.56
166.39
167.2
168.03
168.84
169.67
170.49
171.32
172.13
172.96
173.78
174.6
175.42
176.25
177.07
177.9
178.72
179.54
180.36
181.18
181.98
182.82
183.64
184.47
185.28
186.11
186.93
187.75
188.56
189.39
190.25
191.05
191.86
192.68
193.51
194.34
195.15
195.97
196.78
197.62
198.44
199.25
200.08
200.91
201.72
202.54
203.36
204.19
205.01
205.82
206.64
207.48
208.29
209.11
209.93
210.77
211.58
212.43
213.23
214.06
214.86
215.68
216.52
217.35
218.18
218.97
219.79
220.61
221.45
222.27
223.1
223.91
224.74
225.58
226.42
227.23
228.04
228.87
229.69
230.5
231.32
232.14
232.96
233.78
234.6
235.43
236.25
237.07
237.89
238.72
239.54
240.36
241.18
242.0
242.82
243.64
244.47
245.29
246.11
246.93
247.75
248.58
249.4
250.22
251.04
251.87
252.69
253.51
254.34
255.17
255.99
256.8
257.63
