0.36
0.82
1.29
1.76
2.23
2.7
3.18
3.64
4.11
4.58
5.04
5.5
5.96
6.43
6.9
7.38
7.84
8.31
8.78
9.25
9.72
10.19
10.66
11.13
11.6
12.07
12.54
13.01
13.47
13.94
14.41
14.88
15.35
15.82
16.29
16.76
17.23
17.7
18.17
18.63
19.1
19.57
20.04
20.51
20.97
21.44
21.9
22.37
22.84
23.31
23.78
24.25
24.72
25.19
25.66
26.13
26.6
27.06
27.53
28.0
28.47
28.94
29.4
29.87
30.35
30.81
31.28
31.75
32.22
32.68
33.15
33.62
34.09
34.56
35.03
35.5
35.97
36.45
36.92
37.39
37.86
38.33
38.79
39.26
39.72
40.19
40.66
41.13
41.6
42.07
42.54
43.01
43.48
43.95
44.42
44.89
45.36
45.83
46.3
46.77
47.22
47.69
48.16
48.64
49.11
49.58
50.04
50.51
50.98
51.45
51.92
52.38
52.85
53.32
53.8
54.26
54.72
55.19
55.66
56.13
56.6
57.07
57.54
58.01
58.48
58.95
59.42
59.9
60.37
60.82
61.28
61.75
62.22
62.69
63.16
63.63
64.1
64.57
65.04
65.51
65.98
66.44
66.91
67.38
67.86
68.32
68.79
69.26
69.72
70.19
70.65
71.12
71.59
72.06
72.53
73.01
73.48
73.95
74.42
74.89
75.36
75.82
76.28
76.75
77.22
77.7
78.16
78.63
79.1
79.57
80.04
80.52
80.99
81.46
81.92
82.39
82.85
83.32
83.79
84.26
84.73
85.21
85.67
86.14
86.6
87.07
87.54
88.01
88.48
88.95
89.42
89.88
90.35
90.82
91.29
91.75
92.21
92.68
93.15
93.61
94.08
94.55
95.02
95.49
95.96
96.44
96.92
97.39
97.86
98.33
98.79
99.26
99.72
100.19
100.66
101.13
101.6
102.06
102.52
103.0
103.47
103.94
104.41
104.89
105.35
105.83
106.3
106.77
107.23
107.7
108.16
108.63
109.1
109.58
110.05
110.52
110.98
111.45
111.92
112.39
112.86
113.33
113.79
114.24
114.7
115.18
115.65
116.13
116.61
117.08
117.55
118.01
118.48
118.96
119.43
119.89
120.36
120.83
121.29
121.76
122.24
122.71
123.18
123.65
124.11
124.57
125.04
125.5
125.97
126.43
126.9
127.38
127.84
128.31
128.78
129.25
129.72
130.19
130.66
131.13
131.6
132.07
132.54
133.01
133.48
133.94
134.41
134.88
135.35
135.83
136.29
136.76
137.23
137.7
138.16
138.63
139.1
139.57
140.03
140.5
140.98
141.45
141.92
142.39
142.86
143.33
143.8
144.27
144.73
145.2
145.66
146.13
146.6
147.07
147.54
147.99
148.46
148.93
149.41
149.88
150.36
150.83
151.3
151.77
152.24
152.7
153.17
153.65
154.12
154.59
155.06
155.53
156.0
156.46
156.93
157.4
157.87
158.34
158.81
159.29
159.75
160.22
160.69
161.16
161.63
162.12
