0.16
1.08
1.99
2.9
3.81
4.72
5.62
6.52
7.42
8.34
9.26
10.17
11.07
11.99
12.89
13.79
14.69
15.6
16.51
17.41
18.32
19.23
20.14
21.05
21.96
22.87
23.78
24.68
25.59
26.5
27.42
28.32
29.23
30.14
31.05
31.96
32.87
33.78
34.69
35.6
36.51
37.42
38.32
39.23
40.14
41.05
41.96
42.86
43.78
44.67
45.59
46.51
47.41
48.33
49.24
50.14
51.05
51.96
52.87
53.78
54.69
55.6
56.51
57.42
58.32
59.24
60.14
61.05
61.96
62.88
63.78
64.69
65.6
66.51
67.41
68.32
69.23
70.15
71.05
71.96
72.87
73.78
74.69
75.6
76.5
77.42
78.33
79.23
80.14
81.06
81.96
82.87
83.78
84.68
85.6
86.5
87.41
88.33
89.23
90.14
91.05
91.96
92.87
93.78
94.69
95.6
96.51
97.41
98.32
99.24
100.14
101.04
101.96
102.86
103.78
104.69
105.6
106.51
107.42
108.32
109.23
110.14
111.05
111.96
112.87
113.78
114.69
115.6
116.5
117.42
118.32
119.23
120.14
121.05
121.96
122.87
123.78
124.69
125.6
126.51
127.41
128.33
129.23
130.14
131.05
131.96
132.87
133.78
134.68
135.6
136.51
137.42
138.32
139.24
140.14
141.05
141.96
142.87
143.78
144.69
145.59
146.51
147.42
148.33
149.23
150.15
151.05
151.96
152.87
153.78
154.69
155.6
156.5
157.41
158.32
159.23
160.14
161.06
161.96
162.87
163.77
164.68
165.6
166.51
167.41
168.32
169.23
170.14
171.05
171.97
172.87
173.78
174.68
175.6
176.51
177.41
178.32
179.24
180.14
181.05
181.96
182.87
183.78
184.69
185.59
186.51
187.42
188.33
189.23
190.14
191.05
191.96
192.87
193.78
194.69
195.6
196.5
197.42
198.32
199.23
200.14
201.05
201.96
202.87
203.78
204.69
205.6
206.51
