0.02
0.62
1.27
1.84
2.46
3.1
3.73
4.38
5.02
5.64
6.3
6.9
7.53
8.11
8.68
9.3
9.9
10.54
11.17
11.81
12.43
13.04
13.67
14.31
14.92
15.56
16.18
16.8
17.42
18.02
18.63
19.25
19.87
20.5
21.13
21.75
22.38
23.0
23.63
24.25
24.88
25.5
26.12
26.75
27.38
28.0
28.63
29.25
29.87
30.5
31.13
31.75
32.38
33.0
33.63
34.25
34.88
35.5
36.13
36.76
37.38
38.0
38.63
39.26
39.88
40.5
41.13
41.76
42.38
43.01
43.63
44.26
44.88
45.51
46.13
46.76
47.39
48.01
48.63
49.26
49.89
50.51
51.14
51.76
52.38
53.01
53.63
54.25
54.88
55.51
56.13
56.76
57.39
58.01
58.64
59.27
59.89
60.51
61.14
61.76
62.39
63.02
63.64
64.26
64.89
65.51
66.14
66.77
67.39
68.02
68.64
69.27
69.89
70.52
71.14
71.77
72.4
73.01
73.64
74.27
74.89
75.52
76.15
76.77
77.4
78.02
78.64
79.27
79.9
80.52
81.15
81.77
82.39
83.02
83.65
84.27
84.9
85.53
86.15
86.77
87.4
88.02
88.65
89.28
89.9
90.53
91.15
91.78
92.4
93.03
93.65
94.28
94.9
95.53
96.16
96.79
97.4
98.03
98.65
99.28
99.9
100.53
101.15
101.78
102.4
103.03
103.66
104.28
104.91
105.53
106.15
106.78
107.41
108.03
108.66
109.28
109.91
110.53
111.16
111.79
112.41
113.04
113.66
114.29
114.91
115.54
116.16
116.79
117.41
118.03
118.66
119.29
119.91
120.54
121.16
121.79
122.41
123.04
123.66
124.29
124.92
125.54
126.17
126.8
127.43
128.06
128.67
129.29
129.92
130.54
131.17
131.79
132.42
133.04
133.67
134.3
134.92
135.54
136.17
136.79
137.42
138.05
138.67
139.29
139.92
140.55
141.18
141.81
142.42
143.05
143.67
144.3
144.93
145.55
146.17
146.8
147.43
148.05
148.68
149.32
149.93
150.55
151.18
151.8
152.43
153.06
153.68
154.3
154.93
155.55
156.18
156.81
157.43
158.05
158.68
159.3
159.93
160.56
161.18
161.81
162.43
163.06
163.68
164.32
164.93
165.56
166.18
166.81
167.44
168.06
168.68
169.31
169.93
170.56
171.19
171.82
172.43
173.06
173.69
174.32
174.94
175.56
176.18
176.81
177.44
178.06
178.69
179.32
179.94
180.57
181.19
181.81
182.44
183.08
183.7
184.33
184.95
185.57
186.2
186.83
187.45
188.08
188.71
189.33
189.96
190.58
191.19
191.81
192.42
193.02
193.61
194.23
194.86
