0.1
0.7
1.3
1.9
2.5
3.09
3.69
4.29
4.88
5.48
6.09
6.69
7.29
7.89
8.5
9.1
9.7
10.3
10.9
11.5
12.1
12.69
13.29
13.9
14.5
15.09
15.69
16.3
16.9
17.49
18.1
18.69
19.29
19.89
20.49
21.1
21.69
22.29
22.89
23.5
24.09
24.68
25.28
25.88
26.48
27.08
27.68
28.29
28.9
29.49
30.09
30.7
31.3
31.89
32.49
33.09
33.69
34.29
34.89
35.5
36.08
36.68
37.29
37.88
38.47
39.07
39.68
40.29
40.89
41.49
42.1
42.7
43.3
43.89
44.49
45.09
45.69
46.29
46.89
47.5
48.1
48.69
49.29
49.9
50.5
51.08
51.69
52.29
52.89
53.49
54.09
54.69
55.29
55.89
56.49
57.09
57.69
58.29
58.89
59.49
60.09
60.68
61.28
61.89
62.49
63.08
63.68
64.29
64.88
65.48
66.08
66.68
67.28
67.88
68.49
69.09
69.69
70.29
70.89
71.49
72.08
72.68
73.28
73.89
74.49
75.08
75.68
76.28
76.88
77.47
78.08
78.68
79.28
79.88
80.49
81.09
81.69
82.29
82.89
83.49
84.09
84.68
85.27
85.87
86.47
87.07
87.68
88.29
88.89
89.49
90.09
90.7
91.29
91.88
92.49
93.1
93.69
94.29
94.89
95.49
96.09
96.68
97.28
97.89
98.49
99.08
99.68
100.28
100.88
101.47
102.08
102.69
103.29
103.88
104.48
105.09
105.69
106.28
106.88
107.49
108.08
108.68
109.27
109.87
110.47
111.07
111.68
112.28
112.88
113.47
114.08
114.66
115.28
115.87
116.48
117.09
117.69
118.28
118.88
119.48
120.08
120.68
121.28
121.88
122.48
123.08
123.67
124.27
124.86
125.46
126.07
126.68
127.28
127.88
128.48
129.08
129.68
130.28
130.88
131.48
132.08
132.68
133.28
133.87
134.46
135.05
135.66
136.27
136.87
137.47
138.08
138.68
139.28
139.88
140.48
141.08
141.67
142.27
142.87
143.47
144.08
144.69
145.29
145.88
146.48
147.08
147.68
148.28
148.88
149.48
150.08
150.68
151.29
151.9
152.5
153.09
153.68
154.28
154.89
155.5
156.1
156.69
157.28
157.88
158.48
159.08
159.68
160.28
160.88
161.48
162.08
162.69
163.28
163.87
164.47
165.07
165.67
166.27
166.87
167.47
168.07
168.68
169.31
169.89
170.5
171.07
171.67
172.28
172.9
173.49
174.1
174.73
175.3
175.88
176.48
177.08
177.68
178.29
178.89
179.48
180.08
180.68
181.29
181.89
182.49
183.09
183.69
184.29
184.89
185.48
186.09
186.71
187.31
187.91
188.5
189.1
189.7
190.3
190.9
191.49
192.09
192.68
193.28
193.88
194.48
195.06
195.68
196.28
196.88
197.48
198.08
198.67
199.27
199.87
200.47
201.07
201.67
202.27
202.87
203.46
204.05
204.65
205.26
205.87
206.47
207.07
207.67
208.27
208.87
209.47
210.07
210.67
211.27
211.87
212.47
213.06
213.66
214.26
214.88
215.48
216.08
216.67
217.27
217.87
218.47
219.07
219.67
220.27
220.87
221.47
222.07
222.66
223.25
223.85
224.47
225.07
225.67
226.27
226.87
227.47
228.07
228.67
229.28
229.89
230.53
231.2
231.84
232.44
233.02
233.6
234.18
234.77
235.39
235.99
236.57
237.16
237.76
238.35
238.95
239.55
240.14
240.73
241.32
241.92
242.52
243.12
243.71
244.31
244.91
245.5
246.1
246.7
247.29
247.89
248.49
249.08
249.67
250.26
250.86
251.44
