0.08
0.54
0.98
1.44
1.89
2.35
2.81
3.26
3.75
4.21
4.66
5.11
5.57
6.03
6.48
6.93
7.37
7.82
8.27
8.74
9.21
9.68
10.13
10.6
11.06
11.52
11.98
12.44
12.91
13.38
13.86
14.33
14.8
15.26
15.73
16.2
16.66
17.13
17.59
18.04
18.5
18.97
19.44
19.92
20.38
20.84
21.3
21.77
22.24
22.7
23.16
23.62
24.09
24.55
25.02
25.48
25.95
26.41
26.88
27.33
27.8
28.27
28.75
29.19
29.65
30.1
30.55
31.01
31.48
31.94
32.4
32.86
33.32
33.78
34.24
34.7
35.17
35.62
36.08
36.54
37.0
37.47
37.94
38.4
38.86
39.32
39.78
40.24
40.7
41.17
41.63
42.09
42.55
43.01
43.47
43.94
44.4
44.86
45.33
45.79
46.25
46.71
47.17
47.63
48.09
48.55
49.01
49.47
49.93
50.39
50.86
51.32
51.78
52.24
52.71
53.17
53.63
54.09
54.55
55.01
55.47
55.93
56.4
56.86
57.32
57.78
58.24
58.71
59.17
59.63
60.09
60.55
61.01
61.47
61.93
62.39
62.85
63.32
63.78
64.24
64.7
65.17
65.63
66.09
66.55
67.01
67.47
67.93
68.4
68.86
69.32
69.78
70.24
70.7
71.17
71.63
72.09
72.55
73.02
73.48
73.94
74.4
74.86
75.32
75.78
76.24
76.7
77.17
77.63
78.09
78.55
79.01
79.47
79.93
80.39
80.85
81.31
81.78
82.25
82.71
83.17
83.63
84.09
84.55
85.01
85.47
85.94
86.4
86.86
87.32
87.78
88.25
88.71
89.17
89.63
90.1
90.56
91.02
91.48
91.94
92.4
92.86
93.32
93.78
94.24
94.7
95.17
95.63
96.09
96.55
97.02
97.48
97.94
98.4
98.86
99.32
99.78
100.24
100.7
101.16
101.62
102.09
102.55
103.0
103.46
103.93
104.39
104.86
105.32
105.78
106.24
106.7
107.16
107.63
108.09
108.55
109.01
109.47
109.94
110.4
110.86
111.32
111.78
112.24
112.71
113.17
113.63
114.09
114.55
115.01
115.47
115.93
116.39
116.86
117.32
117.78
118.24
118.7
119.16
119.63
120.09
120.55
121.01
121.47
121.93
122.39
122.86
123.32
123.78
124.24
124.71
125.17
125.63
126.09
126.55
127.01
127.48
127.94
128.4
128.86
129.32
129.78
130.24
130.7
131.17
131.63
132.1
132.56
133.02
133.48
133.94
134.4
134.86
135.32
135.78
136.24
136.7
137.16
137.62
138.09
138.55
139.01
139.47
139.93
140.39
140.85
141.32
141.78
142.24
142.7
143.16
143.62
144.08
144.54
145.01
145.47
145.93
146.39
146.86
147.32
147.78
148.25
148.71
149.17
149.63
150.09
150.55
151.01
151.47
151.93
152.4
152.86
153.32
153.78
154.25
154.71
155.17
155.63
156.09
156.55
157.01
157.47
157.94
158.4
158.86
159.32
159.78
160.24
160.7
161.16
161.62
162.08
162.55
163.01
163.47
163.94
164.4
164.86
165.32
165.78
166.24
166.7
167.16
167.63
168.09
168.55
169.01
169.48
169.94
170.39
170.86
171.32
171.78
172.25
172.71
173.17
173.62
174.09
174.56
175.02
175.48
175.94
176.4
176.86
177.32
177.78
178.24
178.69
179.17
179.63
180.09
180.55
181.01
181.48
181.93
182.36
182.77
183.19
183.61
184.04
184.49
184.95
185.41
185.87
186.34
186.8
187.26
187.73
188.19
188.64
189.1
189.56
190.02
190.48
190.94
191.41
191.87
192.33
192.79
193.25
193.71
194.17
194.63
195.1
195.56
196.02
196.48
196.94
197.41
197.87
198.33
198.79
199.25
199.71
200.17
200.64
201.1
201.56
202.02
202.48
202.95
203.41
203.87
204.33
204.79
205.25
205.72
206.18
206.64
207.1
207.56
208.02
208.48
208.94
209.4
209.87
210.33
210.79
211.25
211.71
212.17
212.64
213.1
213.56
214.02
214.48
214.94
215.4
215.87
216.33
216.79
217.25
217.72
218.18
218.64
219.1
219.56
220.02
220.48
220.95
221.41
221.87
222.33
222.79
223.25
223.71
224.17
224.63
225.1
225.56
226.02
226.48
226.94
227.4
227.87
228.33
228.79
229.25
229.71
230.18
230.64
231.1
231.56
232.02
232.48
232.94
233.41
233.87
234.33
234.79
235.25
235.71
236.17
236.63
237.1
237.56
238.02
238.48
238.95
239.41
239.87
240.33
240.79
241.25
241.71
242.17
242.64
243.1
243.56
244.02
244.48
244.94
245.41
245.87
246.33
246.79
247.25
247.71
248.17
248.64
249.1
249.56
250.02
250.48
250.94
251.4
251.87
252.33
252.79
253.25
253.71
254.17
254.64
255.1
255.56
256.02
256.48
256.94
257.4
257.87
258.33
258.79
259.25
259.71
260.17
260.64
261.1
261.56
262.02
262.48
262.94
263.41
263.87
264.33
264.79
265.25
265.71
266.17
266.64
267.1
267.56
268.02
268.48
268.94
269.41
269.87
270.33
270.79
271.25
271.71
272.17
272.64
273.1
273.56
274.02
274.48
274.94
275.41
275.87
276.33
276.79
277.25
277.71
278.18
278.64
279.1
279.56
280.02
280.48
280.94
281.41
281.87
282.33
282.79
283.25
283.71
284.17
284.64
285.1
285.56
286.02
286.48
286.94
287.41
287.87
288.33
288.79
289.25
289.71
290.18
290.64
291.1
291.56
292.02
292.48
292.95
293.41
293.87
294.33
294.79
295.25
295.71
296.17
296.63
297.1
297.56
298.02
298.48
298.94
299.41
299.87
300.33
300.79
301.25
301.71
302.18
302.64
303.1
303.56
304.02
304.48
304.94
305.4
305.86
306.33
306.79
307.25
307.71
308.17
308.63
309.09
309.56
310.02
310.48
310.94
311.4
311.86
312.33
312.79
313.25
313.71
314.17
314.63
315.09
315.56
316.02
316.48
316.94
317.4
317.87
318.33
318.79
319.25
319.71
320.17
320.63
321.1
321.56
322.02
322.48
322.95
323.41
323.87
324.33
324.79
325.25
325.71
326.17
326.63
327.09
327.56
328.02
328.48
328.94
329.41
329.87
330.33
330.79
331.25
331.71
332.18
332.64
333.1
333.56
334.02
334.48
334.95
335.41
335.87
336.33
336.79
337.25
337.72
338.18
338.64
339.1
339.56
340.02
340.48
340.94
341.41
341.87
342.33
342.79
343.25
343.71
344.17
344.64
345.1
345.56
346.02
346.48
346.95
347.41
347.87
348.33
348.79
349.25
349.72
350.18
350.64
351.1
351.56
352.02
352.48
352.95
353.41
353.87
354.33
354.79
355.25
355.71
356.17
356.63
357.1
357.56
358.02
358.48
358.94
359.4
359.87
360.33
360.79
361.25
361.71
362.17
362.64
363.1
363.56
364.02
364.48
364.95
365.41
365.87
366.33
366.79
367.25
367.71
368.17
368.63
369.1
369.56
370.02
370.48
370.95
371.41
371.87
372.33
372.79
373.25
373.71
374.17
374.64
375.1
375.56
376.02
376.48
376.94
377.4
377.87
378.33
378.79
379.25
379.71
380.18
380.64
381.1
381.56
382.02
382.48
382.94
383.4
383.87
384.33
384.79
385.25
385.71
386.18
386.64
387.1
387.56
388.02
388.48
388.94
389.4
389.86
390.32
390.77
391.23
391.69
392.14
392.6
393.05
393.51
393.96
394.41
394.87
395.32
395.77
396.22
396.68
397.13
397.58
398.03
398.48
398.93
399.38
399.83
400.28
400.73
401.18
401.62
402.07
402.51
402.96
403.4
403.85
404.29
404.74
405.18
405.63
406.07
406.51
406.95
407.4
407.84
408.28
408.72
409.16
409.6
410.04
410.48
410.92
411.36
411.8
412.24
412.68
413.11
413.55
413.98
414.42
