0.07
0.68
1.33
1.99
2.65
3.32
3.98
4.64
5.31
5.97
6.63
7.3
7.97
8.63
9.29
9.95
10.62
11.28
11.94
12.6
13.26
13.93
14.59
15.25
15.92
16.58
17.24
17.91
18.58
19.24
19.9
20.57
21.22
21.88
22.55
23.21
23.87
24.54
25.2
25.86
26.52
27.19
27.85
28.52
29.18
29.84
30.5
31.16
31.82
32.49
33.15
33.82
34.48
35.14
35.8
36.46
37.13
37.79
38.46
39.12
39.79
40.45
41.11
41.77
42.44
43.1
43.76
44.43
45.09
45.75
46.41
47.08
47.74
48.41
49.07
49.73
50.39
51.06
51.72
52.38
53.04
53.7
54.37
55.03
55.7
56.36
57.02
57.68
58.35
59.01
59.68
60.34
61.0
61.67
62.33
62.99
63.66
64.32
64.98
65.65
66.31
66.97
67.63
68.3
68.96
69.63
70.29
70.95
71.61
72.28
72.94
73.6
74.26
74.92
75.58
76.24
76.91
77.58
78.24
78.9
79.57
80.23
80.89
81.55
82.22
82.88
83.55
84.21
84.87
85.54
86.2
86.87
87.53
88.19
88.85
89.52
90.18
90.84
91.5
92.17
92.83
93.5
94.16
94.82
95.48
96.14
96.81
97.47
98.14
98.8
99.46
100.12
100.79
101.45
102.11
102.77
103.44
104.1
104.76
105.42
106.09
106.76
107.42
108.08
108.74
109.41
110.07
110.74
111.4
112.06
112.72
113.39
114.05
114.71
115.37
116.04
116.7
117.36
118.03
118.69
119.35
120.02
120.68
121.34
122.01
122.67
123.33
123.99
124.66
125.32
125.98
126.64
127.31
127.98
128.64
129.3
129.96
130.63
131.29
131.96
132.62
133.28
133.94
134.61
135.27
135.93
136.59
137.25
137.92
138.58
139.24
139.9
140.57
141.24
141.9
142.56
143.22
143.88
144.55
145.21
145.87
146.57
147.22
147.86
148.53
149.2
149.86
150.52
151.18
151.85
152.51
153.17
153.83
154.5
155.16
155.83
156.49
157.15
157.81
158.47
159.14
159.8
160.47
161.13
161.79
162.45
163.12
163.78
164.44
165.11
165.77
166.43
167.1
167.76
168.42
169.08
169.75
170.41
171.07
171.74
172.4
173.07
173.73
174.39
175.05
175.72
176.38
177.04
177.7
178.37
179.03
179.69
180.35
181.01
181.68
182.34
183.01
183.67
184.33
184.99
185.66
186.32
186.99
187.65
188.31
188.97
189.63
190.3
190.97
191.63
192.29
192.96
193.62
194.28
194.94
195.61
196.27
196.93
197.6
198.26
198.92
199.59
200.25
200.91
201.57
202.23
202.9
203.56
204.23
204.89
205.55
206.21
206.88
207.54
208.2
208.86
209.53
210.19
210.85
211.51
212.18
212.85
213.51
214.18
214.85
215.51
216.18
216.84
217.5
218.16
218.83
219.49
220.16
220.82
221.48
222.14
222.82
223.48
224.14
224.81
225.46
226.13
226.79
227.45
228.11
228.78
229.45
230.11
230.77
231.43
232.1
232.76
233.43
234.11
234.77
235.43
236.09
236.75
237.37
