0.13
1.04
1.97
2.9
3.83
4.76
5.69
6.62
7.55
8.48
9.41
10.34
11.27
12.2
13.13
14.06
14.99
15.92
16.85
17.79
18.72
19.65
20.58
21.51
22.44
23.38
24.3
25.23
26.16
27.09
28.02
28.95
29.88
30.81
31.74
32.68
33.61
34.54
35.47
36.4
37.33
38.26
39.19
40.12
41.05
41.98
42.91
43.84
44.78
45.71
46.64
47.57
48.5
49.43
50.36
51.29
52.22
53.15
54.08
55.02
55.95
56.88
57.81
58.74
59.67
60.59
61.53
62.46
63.4
64.32
65.25
66.18
67.11
68.04
68.97
69.91
70.84
71.77
72.7
73.63
74.58
75.51
76.43
77.36
78.29
79.22
80.15
81.08
82.01
82.94
83.87
84.8
85.73
86.66
87.59
88.52
89.45
90.38
91.31
92.25
93.18
94.11
95.04
95.97
96.9
97.83
98.76
99.69
100.62
101.55
102.49
103.41
104.34
105.27
106.21
107.14
108.07
109.0
109.93
110.86
111.79
112.73
113.66
114.59
115.52
116.45
117.38
118.31
119.24
120.17
121.1
122.03
122.96
123.89
124.82
125.75
126.68
127.61
128.54
129.48
130.41
131.34
132.27
133.2
134.13
135.06
135.99
136.92
137.85
138.78
139.71
140.64
141.57
142.5
143.44
144.37
145.3
146.23
147.16
148.09
149.02
149.95
150.88
151.81
152.75
153.67
154.6
155.54
156.47
157.4
158.33
159.26
160.19
161.12
162.05
162.98
163.91
164.84
165.77
166.71
167.64
168.57
169.5
170.43
171.36
172.29
173.22
174.15
175.08
176.01
176.94
177.88
178.81
179.74
180.67
181.6
182.53
183.47
184.42
185.44
186.33
187.2
188.12
189.01
189.88
190.77
