0.27
1.15
2.04
2.93
3.82
4.7
5.59
6.48
7.37
8.25
9.15
10.04
10.93
11.82
12.7
13.59
14.48
15.37
16.26
17.15
18.04
18.92
19.81
20.7
21.59
22.48
23.37
24.26
25.15
26.04
26.93
27.82
28.71
29.6
30.49
31.37
32.26
33.15
34.04
34.93
35.82
36.7
37.59
38.48
39.37
40.26
41.15
42.04
42.93
43.81
44.7
45.59
46.48
47.37
48.26
49.15
50.04
50.92
51.81
52.7
53.59
54.48
55.37
56.26
57.15
58.04
58.93
59.82
60.71
61.59
62.48
63.37
64.26
65.15
66.04
66.93
67.82
68.71
69.59
70.48
71.37
72.26
73.15
74.04
74.93
75.82
76.7
77.59
78.48
79.37
80.26
81.14
82.03
82.93
83.82
84.71
85.6
86.48
87.37
88.26
89.15
90.04
90.93
91.82
92.71
93.59
94.48
95.37
96.26
97.15
98.04
98.93
99.82
100.7
101.59
102.48
103.37
104.26
105.15
106.04
106.93
107.81
108.7
109.59
110.48
111.37
112.26
113.15
114.04
114.93
115.82
116.71
117.59
118.48
119.37
120.26
121.15
122.04
122.93
123.82
124.7
125.59
126.48
127.37
128.26
129.15
130.04
130.93
131.82
132.71
133.6
134.49
135.37
136.26
137.15
138.04
138.93
139.82
140.71
141.6
142.48
143.37
144.26
145.15
146.04
146.93
147.82
148.71
149.6
150.49
151.38
152.26
153.15
154.03
154.93
155.8
156.71
157.6
158.49
159.39
160.26
161.15
162.03
162.91
163.81
164.7
165.6
166.47
167.37
168.26
169.15
170.04
170.93
171.82
172.71
173.59
174.48
175.37
176.26
177.15
178.04
178.93
179.82
180.71
181.59
182.48
183.37
184.26
185.15
186.04
186.93
187.82
188.7
189.59
190.48
191.37
192.26
193.15
194.04
194.93
195.81
196.7
197.59
198.48
199.37
200.26
201.14
202.04
202.92
203.85
204.74
205.62
