0.54
1.34
2.16
2.98
3.77
4.56
5.33
6.12
6.92
7.75
8.57
9.37
10.17
10.94
11.73
12.54
13.35
14.15
14.95
15.76
16.56
17.37
18.15
18.95
19.74
20.56
21.37
22.16
22.93
23.73
24.55
25.36
26.15
26.95
27.75
28.56
29.35
30.16
30.96
31.76
32.56
33.36
34.15
34.95
35.75
36.55
37.36
38.16
38.95
39.76
40.56
41.35
42.15
42.95
43.75
44.55
45.36
46.16
46.95
47.76
48.55
49.36
50.16
50.96
51.76
52.56
53.35
54.16
54.95
55.76
56.55
57.35
58.15
58.95
59.75
60.56
61.35
62.15
62.95
63.75
64.55
65.36
66.15
66.95
67.75
68.55
69.35
70.16
70.96
71.76
72.55
73.35
74.15
74.95
75.75
76.53
77.34
78.15
78.95
79.76
80.55
81.36
82.15
82.95
83.76
84.56
85.35
86.16
86.95
87.76
88.56
89.35
90.15
90.96
91.76
92.56
93.35
94.15
94.95
95.75
96.56
97.36
98.15
98.96
99.75
100.56
101.35
102.13
102.95
103.76
104.55
105.35
106.15
106.95
107.75
108.55
109.36
110.16
110.96
111.75
112.55
113.35
114.15
114.96
115.75
116.55
117.35
118.15
118.95
119.76
120.56
121.36
122.16
122.96
123.75
124.55
125.35
126.15
126.95
127.76
128.56
129.36
130.16
130.95
131.75
132.55
133.35
134.16
134.95
135.76
136.55
137.35
138.15
138.95
139.75
140.55
141.35
142.15
142.95
143.75
144.55
145.35
146.15
146.95
147.74
148.55
149.34
150.14
150.94
151.75
152.55
153.35
154.14
154.95
155.74
156.55
157.35
158.15
158.96
159.75
160.54
161.35
162.14
162.95
163.74
164.55
165.35
166.16
166.95
167.75
168.55
169.36
170.14
170.93
171.74
172.54
173.37
174.17
174.93
175.71
176.5
177.3
178.11
178.91
179.69
180.47
181.26
182.07
182.86
183.65
184.46
