0.1
0.56
1.01
1.47
1.93
2.39
2.86
3.32
3.78
4.24
4.71
5.17
5.63
6.09
6.55
7.01
7.48
7.94
8.4
8.86
9.32
9.78
10.24
10.7
11.17
11.63
12.09
12.55
13.01
13.47
13.93
14.4
14.86
15.32
15.78
16.24
16.7
17.16
17.63
18.09
18.55
19.01
19.47
19.94
20.4
20.86
21.32
21.78
22.24
22.7
23.16
23.62
24.09
24.55
25.01
25.47
25.94
26.4
26.86
27.32
27.78
28.24
28.7
29.17
29.63
30.09
30.55
31.01
31.47
31.93
32.39
32.85
33.32
33.78
34.24
34.7
35.16
35.63
36.09
36.55
37.01
37.47
37.93
38.39
38.85
39.31
39.78
40.24
40.7
41.16
41.62
42.09
42.55
43.01
43.47
43.93
44.4
44.86
45.32
45.78
46.24
46.7
47.16
47.62
48.09
48.55
49.01
49.47
49.93
50.39
50.86
51.32
51.78
52.24
52.7
53.16
53.63
54.09
54.55
55.01
55.47
55.93
56.39
56.85
57.31
57.78
58.24
58.7
59.16
59.62
60.08
60.55
61.01
61.47
61.93
62.39
62.85
63.32
63.78
64.24
64.7
65.16
65.62
66.09
66.55
67.02
67.48
67.94
68.4
68.86
69.32
69.78
70.24
70.7
71.17
71.63
72.09
72.55
73.01
73.47
73.93
74.39
74.86
75.32
75.78
76.24
76.7
77.16
77.63
78.09
78.55
79.01
79.47
79.93
80.4
80.86
81.32
81.78
82.24
82.7
83.16
83.62
84.09
84.55
85.01
85.47
85.93
86.39
86.85
87.31
87.78
88.24
88.7
89.16
89.62
90.09
90.55
91.01
91.47
91.93
92.39
92.85
93.31
93.78
94.24
94.7
95.16
95.62
96.09
96.55
97.01
97.47
97.93
98.39
98.85
99.32
99.78
100.24
100.7
101.16
101.63
102.09
102.55
103.01
103.47
103.93
104.39
104.86
105.32
105.78
106.24
106.7
107.17
107.63
108.09
108.55
109.01
109.47
109.93
110.39
110.86
111.32
111.78
112.24
112.7
113.16
113.62
114.09
114.55
115.01
115.47
115.93
116.39
116.86
117.32
117.78
118.24
118.7
119.16
119.63
120.09
120.55
121.01
121.47
121.93
122.4
122.86
123.33
123.79
124.25
124.71
125.17
125.63
126.09
126.55
127.01
127.47
127.93
128.39
128.86
129.32
129.78
130.24
130.7
131.17
131.63
132.09
132.55
133.01
133.47
133.93
134.39
134.86
135.32
135.78
136.24
136.7
137.16
137.63
138.09
138.55
139.01
139.47
139.93
140.4
140.86
141.32
141.78
142.24
142.71
143.17
143.63
144.09
144.55
145.01
145.47
145.93
146.39
146.85
147.32
147.78
148.25
148.71
149.17
149.63
150.09
150.55
151.01
151.47
151.93
152.39
152.86
153.32
153.78
154.24
154.7
155.16
155.63
156.09
156.55
157.01
157.47
157.93
158.39
158.85
159.32
159.78
160.24
160.7
161.16
161.63
162.09
162.55
163.01
163.47
163.93
164.39
164.86
165.32
165.78
166.24
166.7
167.16
167.63
168.09
168.55
169.01
169.47
169.93
170.39
170.86
171.32
171.78
172.24
172.7
173.17
173.63
174.09
174.55
175.01
175.47
175.93
176.39
176.85
177.32
177.78
178.24
178.7
179.16
179.62
180.09
180.55
181.01
181.47
181.93
182.39
182.85
183.32
183.78
184.24
184.7
185.16
185.62
186.08
186.55
187.01
187.47
187.93
188.39
188.85
189.31
189.78
190.24
190.7
191.16
191.62
192.08
192.55
193.01
193.47
193.93
194.39
194.85
195.32
195.78
196.24
196.7
197.16
197.62
198.08
198.55
199.01
199.47
199.93
200.39
200.85
201.32
201.78
202.24
202.66
203.16
203.62
