0.49
1.18
1.9
2.62
3.35
4.08
4.8
5.52
6.25
6.97
7.7
8.42
9.15
9.86
10.58
11.3
12.04
12.76
13.48
14.2
14.92
15.64
16.36
17.09
17.82
18.54
19.27
19.99
20.71
21.44
22.16
22.88
23.6
24.32
25.05
25.78
26.5
27.22
27.94
28.66
29.38
30.11
30.84
31.56
32.28
33.0
33.72
34.44
35.17
35.89
36.62
37.34
38.06
38.78
39.5
40.22
40.95
41.68
42.4
43.12
43.85
44.56
45.28
46.0
46.74
47.45
48.17
48.9
49.63
50.35
51.08
51.81
52.52
53.24
53.97
54.68
55.4
56.13
56.85
57.57
58.3
59.01
59.74
60.46
61.19
61.91
62.65
63.37
64.09
64.81
65.53
66.25
66.97
67.69
68.41
69.13
69.86
70.6
71.32
72.04
72.77
73.49
74.21
74.93
75.66
76.38
77.1
77.82
78.54
79.27
79.98
80.71
81.44
82.16
82.89
83.61
84.33
85.05
85.78
86.51
87.23
87.95
88.67
89.4
90.11
90.83
91.55
92.27
93.0
93.74
94.46
95.17
95.89
96.62
97.34
98.07
98.79
99.51
100.24
100.96
101.68
102.4
103.12
103.85
104.57
105.29
106.01
106.74
107.47
108.19
108.92
109.64
110.37
111.09
111.81
112.53
113.25
113.97
114.69
115.41
116.13
116.86
117.59
118.3
119.03
119.76
120.48
121.2
121.91
122.64
123.37
124.09
124.81
125.53
126.25
126.97
127.7
128.41
129.14
129.87
130.6
131.33
132.05
132.77
133.48
134.2
134.92
135.64
136.37
137.09
137.81
138.53
139.26
139.99
140.72
141.45
142.17
142.9
143.62
144.34
145.06
145.78
146.5
147.23
147.95
148.68
149.4
150.12
150.83
151.56
152.29
153.01
153.73
154.45
155.18
155.91
156.63
157.35
158.08
158.8
159.52
160.24
160.97
161.68
162.41
163.13
163.86
164.58
165.3
166.02
166.75
167.47
168.19
168.92
169.64
170.35
171.08
171.8
172.51
173.24
173.96
174.68
175.41
176.13
176.86
177.58
178.31
179.03
179.75
180.48
181.21
181.92
182.64
183.36
184.09
184.82
185.54
186.26
186.97
187.69
188.42
189.14
189.86
190.58
191.31
192.04
192.77
193.5
194.23
194.98
195.69
196.39
197.12
197.84
198.55
199.27
200.0
200.72
201.43
202.14
202.85
203.55
204.31
