0.47
1.2
1.93
2.65
3.39
4.12
4.86
5.57
6.31
7.04
7.77
8.5
9.23
9.97
10.7
11.43
12.16
12.9
13.63
14.36
15.09
15.82
16.55
17.28
18.02
18.75
19.48
20.21
20.94
21.68
22.41
23.14
23.87
24.6
25.33
26.07
26.8
27.53
28.26
28.99
29.73
30.45
31.18
31.92
32.66
33.39
34.12
34.85
35.58
36.31
37.04
37.77
38.5
39.24
39.97
40.7
41.43
42.16
42.9
43.63
44.36
45.09
45.82
46.56
47.29
48.02
48.75
49.48
50.21
50.96
51.7
52.43
53.15
53.88
54.61
55.34
56.07
56.8
57.53
58.26
59.0
59.73
60.46
61.19
61.92
62.65
63.39
64.12
64.85
65.58
66.31
67.04
67.77
68.51
69.24
69.97
70.7
71.43
72.16
72.9
73.63
74.36
75.09
75.82
76.55
77.29
78.01
78.74
79.48
80.21
80.95
81.68
82.41
83.14
83.87
84.6
85.34
86.07
86.8
87.53
88.27
89.0
89.73
90.46
91.19
91.92
92.65
93.39
94.12
94.85
95.58
96.31
97.04
97.79
98.53
99.25
99.98
100.71
101.44
102.17
102.9
103.63
104.36
105.09
105.82
106.56
107.29
108.03
108.76
109.49
110.22
110.96
111.68
112.41
113.14
113.88
114.61
115.34
116.07
116.81
117.54
118.27
119.0
119.74
120.47
121.2
121.93
122.66
123.39
124.12
124.85
125.59
126.32
127.05
127.78
128.51
129.23
129.97
130.71
131.44
132.17
132.91
133.64
134.37
135.1
135.83
136.56
137.29
138.02
138.75
139.48
140.22
140.95
141.67
142.41
143.15
143.88
144.61
145.34
146.07
146.8
147.53
148.24
148.99
149.74
150.47
151.18
151.92
152.66
153.39
154.12
154.84
155.57
156.33
157.03
157.76
158.49
159.21
159.94
160.67
161.43
162.17
162.9
163.63
164.36
165.1
165.83
166.56
167.3
168.03
168.76
169.5
170.23
170.96
171.69
172.42
173.15
173.89
174.62
175.35
176.08
176.81
177.54
178.28
179.0
179.73
180.47
181.21
181.94
182.67
183.4
184.13
184.86
185.59
186.32
187.05
187.78
188.51
189.25
189.98
190.71
191.44
192.18
192.91
193.64
194.37
195.1
195.83
196.57
197.3
198.03
198.76
199.49
200.22
200.95
201.69
202.42
203.15
203.88
204.62
205.35
206.08
206.81
207.54
208.28
209.02
209.74
210.46
211.2
211.93
212.66
213.4
214.13
214.86
215.59
216.32
217.05
217.78
218.51
219.24
219.98
220.64
221.42
222.1
222.81
223.51
