0.13
1.02
1.94
2.85
3.78
4.71
5.64
6.57
7.5
8.42
9.35
10.28
11.21
12.15
13.08
14.01
14.94
15.86
16.8
17.73
18.66
19.59
20.52
21.45
22.38
23.31
24.24
25.17
26.1
27.03
27.96
28.89
29.82
30.75
31.68
32.61
33.54
34.47
35.4
36.33
37.26
38.2
39.13
40.05
40.98
41.91
42.84
43.77
44.7
45.63
46.56
47.49
48.42
49.35
50.28
51.21
52.14
53.08
54.0
54.93
55.86
56.79
57.72
58.66
59.59
60.51
61.45
62.38
63.31
64.24
65.17
66.1
67.03
67.96
68.89
69.82
70.75
71.68
72.61
73.54
74.47
75.4
76.33
77.26
78.19
79.12
80.05
80.98
81.91
82.85
83.78
84.71
85.63
86.56
87.49
88.42
89.35
90.28
91.21
92.14
93.07
94.0
94.93
95.86
96.79
97.73
98.65
99.58
100.51
101.44
102.37
103.3
104.24
105.17
106.1
107.03
107.96
108.89
109.82
110.75
111.68
112.61
113.54
114.47
115.4
116.33
117.26
118.19
119.12
120.05
120.98
121.91
122.84
123.77
124.7
125.63
126.56
127.49
128.42
129.35
130.28
131.21
132.14
133.07
134.0
134.93
135.86
136.79
137.72
138.65
139.58
140.51
141.44
142.37
143.3
144.23
145.16
146.09
147.02
147.96
148.89
149.82
150.75
151.67
152.61
153.54
154.47
155.4
156.33
157.26
158.19
159.12
160.05
160.98
161.91
162.84
163.77
164.7
165.63
166.56
167.49
168.42
169.36
170.27
171.19
