0.5
1.08
1.67
2.26
2.85
3.44
4.02
4.61
5.2
5.79
6.38
6.97
7.56
8.15
8.73
9.32
9.91
10.5
11.09
11.68
12.27
12.86
13.44
14.03
14.61
15.2
15.8
16.39
16.97
17.56
18.16
18.74
19.33
19.91
20.51
21.09
21.68
22.26
22.87
23.44
24.03
24.62
25.21
25.8
26.38
26.97
27.56
28.15
28.73
29.32
29.91
30.5
31.08
31.67
32.26
32.85
33.44
34.03
34.62
35.21
35.79
36.38
36.97
37.56
38.15
38.73
39.32
39.91
40.5
41.09
41.68
42.26
42.85
43.44
44.03
44.62
45.2
45.79
46.38
46.97
47.57
48.15
48.74
49.32
49.91
50.5
51.09
51.67
52.26
52.85
53.44
54.03
54.62
55.2
55.78
56.37
56.97
57.56
58.15
58.74
59.33
59.92
60.5
61.09
61.68
62.27
62.85
63.44
64.03
64.62
65.2
65.79
66.38
66.97
67.56
68.15
68.73
69.32
69.91
70.5
71.08
71.67
72.26
72.85
73.44
74.03
74.62
75.21
75.79
76.38
76.97
77.56
78.15
78.74
79.33
79.91
80.5
81.09
81.68
82.27
82.85
83.44
84.03
84.61
85.21
85.79
86.38
86.97
87.56
88.15
88.74
89.32
89.91
90.5
91.09
91.68
92.26
92.85
93.44
94.03
94.62
95.21
95.79
96.38
96.97
97.56
98.14
98.73
99.32
99.91
100.5
101.09
101.67
102.26
102.85
103.44
104.03
104.61
105.2
105.79
106.38
106.96
107.55
108.14
108.73
109.32
109.9
110.49
111.08
111.66
112.25
112.84
113.43
114.01
114.61
115.2
115.79
116.38
116.96
117.55
118.14
118.73
119.32
119.91
120.5
121.08
121.67
122.26
122.85
123.43
124.03
124.62
125.21
125.79
126.37
126.96
127.55
128.14
128.73
129.32
129.91
130.5
131.09
131.67
132.26
132.85
133.44
134.03
134.62
135.2
135.79
136.38
136.97
137.56
138.15
138.74
139.32
139.91
140.5
141.09
141.68
142.26
142.85
143.44
144.03
144.62
145.21
145.8
146.38
146.97
147.56
148.15
148.73
149.32
149.91
150.5
151.09
151.68
152.26
152.85
153.44
154.03
154.62
155.21
155.79
156.38
156.97
157.56
158.14
158.73
159.32
159.91
160.5
161.09
161.67
162.26
162.85
163.44
164.03
164.62
165.21
165.8
166.38
166.97
167.55
168.14
168.73
169.32
169.93
170.51
171.09
171.66
