0.07
0.53
0.99
1.45
1.9
2.36
2.82
3.28
3.74
4.19
4.65
5.11
5.57
6.03
6.48
6.94
7.4
7.86
8.32
8.78
9.24
9.69
10.15
10.61
11.07
11.53
11.98
12.44
12.9
13.35
13.81
14.27
14.73
15.19
15.64
16.1
16.56
17.02
17.48
17.94
18.39
18.85
19.31
19.76
20.22
20.68
21.14
21.6
22.06
22.52
22.97
23.43
23.88
24.34
24.8
25.26
25.72
26.18
26.64
27.09
27.55
28.01
28.47
28.93
29.38
29.84
30.3
30.76
31.21
31.67
32.13
32.59
33.05
33.51
33.96
34.42
34.88
35.34
35.8
36.25
36.71
37.16
37.61
38.06
38.52
39.0
39.46
39.92
40.38
40.85
41.31
41.76
42.21
42.66
43.12
43.58
44.04
44.5
44.96
45.42
45.88
46.34
46.79
47.25
47.7
48.16
48.62
49.08
49.54
50.0
50.45
50.91
51.37
51.83
52.29
52.75
53.2
53.66
54.12
54.58
55.03
55.49
55.95
56.41
56.86
57.32
57.78
58.24
58.69
59.15
59.61
60.07
60.53
60.99
61.45
61.9
62.36
62.82
63.28
63.73
64.19
64.65
65.11
65.57
66.02
66.48
66.94
67.4
67.86
68.32
68.77
69.23
69.69
70.15
70.6
71.06
71.52
71.98
72.44
72.9
73.36
73.81
74.27
74.73
75.18
75.64
76.1
76.56
77.02
77.48
77.94
78.39
78.85
79.31
79.77
80.23
80.68
81.14
81.6
82.06
82.52
82.98
83.44
83.9
84.35
84.81
85.27
85.72
86.18
86.64
87.1
87.55
88.01
88.47
88.93
89.38
89.84
90.3
90.76
91.22
91.67
92.13
92.59
93.05
93.51
93.97
94.42
94.88
95.34
95.8
96.25
96.71
97.17
97.63
98.09
98.54
99.0
99.46
99.92
100.38
100.83
101.29
101.75
102.21
102.66
103.12
103.57
104.02
104.48
104.95
105.41
105.87
106.33
106.8
107.27
107.72
108.17
108.62
109.08
109.54
110.0
110.46
110.91
111.37
111.83
112.29
112.75
113.2
113.66
114.12
114.57
115.03
115.49
115.95
116.4
116.86
117.32
117.78
118.24
118.7
119.15
119.61
120.07
120.53
120.99
121.45
121.9
122.36
122.82
123.28
123.74
124.2
124.65
125.11
125.57
126.02
126.48
126.94
127.4
127.86
128.31
128.77
129.23
129.69
130.14
130.6
131.07
131.53
131.98
132.44
132.89
133.35
133.81
134.27
134.73
135.19
135.65
136.1
136.56
137.02
137.48
137.94
138.39
138.85
139.31
139.77
140.22
140.68
141.14
141.6
142.06
142.52
142.97
143.43
143.89
144.35
144.8
145.26
145.72
146.18
146.64
147.1
147.55
148.01
148.46
148.92
149.38
149.84
150.3
150.76
151.22
151.68
152.13
152.59
153.04
153.5
153.96
154.42
154.88
155.34
155.8
156.26
156.71
157.17
157.63
158.09
158.55
159.0
159.46
159.92
160.38
160.84
161.3
161.76
162.22
162.68
163.14
163.59
164.05
164.51
164.96
165.42
165.88
166.34
166.8
167.26
167.72
168.18
168.63
169.08
169.54
170.0
170.46
170.91
171.37
171.83
172.28
172.75
173.22
173.68
174.14
174.59
175.03
175.48
175.94
176.4
176.86
177.32
177.78
178.24
178.69
179.15
179.61
180.07
180.53
180.99
181.45
181.91
182.36
182.82
183.28
183.74
184.19
184.65
185.11
185.57
186.03
186.48
186.94
187.4
187.86
188.31
188.77
189.23
189.69
190.15
190.61
191.07
191.52
191.98
192.44
192.9
193.36
193.81
194.27
194.73
195.19
195.65
196.1
196.56
197.02
197.48
197.93
198.39
198.85
199.31
199.77
200.23
200.69
201.14
201.6
202.06
202.51
202.97
203.42
203.88
204.34
204.8
205.26
205.72
206.18
206.64
207.09
207.55
208.01
208.47
208.93
209.39
209.84
210.3
210.76
211.22
211.68
212.14
212.59
213.05
213.51
213.97
214.42
214.88
215.34
215.79
216.25
216.71
217.17
217.63
218.08
218.54
219.0
219.46
219.92
220.37
