0.65
1.44
2.22
3.0
3.8
4.6
5.39
6.19
6.98
7.78
8.58
9.37
10.16
10.96
11.74
12.53
13.33
14.13
14.93
15.73
16.52
17.32
18.12
18.92
19.72
20.52
21.31
22.1
22.89
23.68
24.48
25.27
26.05
26.86
27.65
28.45
29.25
30.04
30.84
31.64
32.42
33.2
34.01
34.81
35.6
36.4
37.19
37.99
38.79
39.57
40.37
41.17
41.96
42.76
43.56
44.35
45.15
45.92
46.72
47.51
48.31
49.11
49.91
50.7
51.49
52.28
53.08
53.87
54.66
55.47
56.26
57.04
57.83
58.63
59.43
60.22
61.01
61.82
62.62
63.42
64.21
65.01
65.81
66.59
67.39
68.19
68.99
69.77
70.57
71.36
72.16
72.95
73.75
74.55
75.34
76.13
76.92
77.73
78.52
79.3
80.11
80.9
81.7
82.49
83.29
84.08
84.87
85.66
86.46
87.25
88.05
88.83
89.63
90.42
91.23
92.02
92.81
93.61
94.41
95.21
96.0
96.79
97.58
98.37
99.17
99.97
100.75
101.56
102.35
103.15
103.95
104.74
105.54
106.32
107.12
107.91
108.7
109.5
110.3
111.09
111.89
112.69
113.46
114.26
115.06
115.85
116.65
117.45
118.24
119.02
119.83
120.61
121.42
122.21
123.01
123.8
124.6
125.39
126.19
126.98
127.78
128.57
129.36
130.15
130.95
131.75
132.54
133.34
134.14
134.94
135.73
136.52
137.32
138.11
138.9
139.69
140.49
141.29
142.09
142.91
143.68
144.47
145.26
146.06
146.86
147.65
148.44
149.22
150.03
150.83
151.62
152.41
153.22
154.02
154.81
155.59
156.38
157.19
157.98
158.78
159.58
160.38
161.17
161.97
162.76
163.56
164.35
165.14
165.93
166.73
167.52
168.3
169.11
169.91
170.71
171.51
172.29
173.1
173.89
174.69
175.47
176.28
177.06
177.88
178.67
179.44
180.23
181.02
181.82
182.61
183.41
184.2
185.0
185.8
186.59
187.39
188.18
188.97
189.76
190.56
191.35
192.15
192.95
193.73
194.53
195.32
196.11
196.91
197.71
198.51
199.3
200.08
200.89
201.69
202.47
203.27
204.07
204.87
205.66
206.46
207.25
208.04
208.83
209.62
210.41
211.21
