0.2
0.67
1.14
1.61
2.07
2.54
3.01
3.48
3.95
4.42
4.89
5.36
5.82
6.29
6.76
7.23
7.7
8.17
8.64
9.11
9.57
10.04
10.51
10.98
11.45
11.92
12.39
12.86
13.33
13.8
14.27
14.73
15.2
15.67
16.14
16.61
17.08
17.55
18.02
18.48
18.95
19.42
19.89
20.36
20.83
21.3
21.77
22.23
22.7
23.17
23.64
24.11
24.58
25.04
25.51
25.98
26.45
26.92
27.39
27.86
28.33
28.8
29.27
29.73
30.2
30.67
31.14
31.61
32.08
32.55
33.02
33.48
33.95
34.42
34.89
35.36
35.83
36.3
36.77
37.23
37.7
38.17
38.64
39.11
39.58
40.05
40.52
40.98
41.45
41.92
42.39
42.86
43.33
43.8
44.27
44.73
45.2
45.67
46.14
46.61
47.08
47.55
48.02
48.48
48.95
49.42
49.89
50.36
50.83
51.3
51.77
52.24
52.71
53.17
53.64
54.11
54.58
55.05
55.52
55.99
56.46
56.92
57.39
57.86
58.33
58.8
59.27
59.73
60.2
60.67
61.14
61.61
62.08
62.55
63.02
63.48
63.95
64.42
64.89
65.36
65.83
66.3
66.77
67.23
67.7
68.17
68.64
69.11
69.58
70.05
70.52
70.98
71.45
71.92
72.39
72.86
73.33
73.8
74.27
74.74
75.2
75.67
76.14
76.61
77.08
77.55
78.02
78.49
78.95
79.42
79.89
80.36
80.83
81.3
81.77
82.23
82.7
83.17
83.64
84.11
84.58
85.05
85.52
85.98
86.45
86.92
87.39
87.86
88.33
88.8
89.27
89.73
90.2
90.67
91.14
91.61
92.08
92.55
93.02
93.48
93.95
94.42
94.89
95.36
95.83
96.3
96.77
97.24
97.7
98.17
98.64
99.11
99.58
100.05
100.51
100.98
101.45
101.92
102.39
102.86
103.33
103.8
104.27
104.74
105.21
105.67
106.14
106.61
107.08
107.55
108.01
108.48
108.95
109.42
109.89
110.36
110.83
111.3
111.77
112.24
112.71
113.18
113.65
114.11
114.58
115.05
115.52
115.99
116.45
116.92
117.39
117.86
118.33
118.8
119.27
119.74
120.21
120.67
121.14
121.61
122.08
122.55
123.02
123.49
123.95
124.42
124.89
125.36
125.83
126.3
126.77
127.24
127.7
128.17
128.64
129.11
129.58
130.05
130.52
130.98
131.45
131.92
132.39
132.86
133.33
133.8
134.27
134.74
135.21
135.67
136.14
136.61
137.08
137.55
138.02
138.49
138.95
139.42
139.89
140.36
140.83
141.3
141.77
142.24
142.71
143.17
143.64
144.11
144.58
145.05
145.52
145.98
146.45
146.92
147.39
147.85
148.32
148.79
149.26
149.73
150.2
150.67
151.14
151.61
152.08
152.54
153.01
153.48
153.95
154.42
154.89
155.35
155.82
156.29
156.76
157.23
157.7
158.17
158.64
159.1
159.57
160.04
160.51
160.98
161.45
161.92
162.39
162.85
163.31
163.79
164.26
164.72
165.18
165.66
166.14
166.61
167.07
167.54
168.0
168.48
168.95
169.42
169.89
170.36
170.83
171.3
171.77
172.24
172.7
173.17
173.64
174.11
174.58
175.05
175.52
175.99
176.46
176.92
177.39
177.86
178.33
178.8
179.27
179.74
180.2
180.67
181.14
181.61
182.08
182.55
183.02
183.49
183.95
184.42
184.89
185.36
185.83
186.3
186.77
187.24
187.7
188.17
188.64
189.11
189.58
190.05
190.52
190.99
191.45
191.92
192.39
192.86
193.33
193.8
194.27
194.74
195.2
195.67
196.14
196.61
197.08
197.55
198.02
198.49
198.96
199.42
199.89
200.36
200.83
201.3
201.76
202.23
202.7
203.16
203.64
204.12
204.58
205.05
205.52
205.99
206.46
206.92
207.41
207.86
208.33
208.8
209.27
209.73
210.2
210.67
211.13
211.59
212.06
212.53
213.0
213.48
213.95
214.42
214.89
215.36
215.83
216.29
216.78
217.27
217.76
218.24
218.73
219.19
219.65
220.11
