0.02
0.97
1.93
2.9
3.88
4.82
5.81
6.78
7.75
8.7
9.66
10.63
11.6
12.56
13.53
14.5
15.47
16.43
17.4
18.37
19.34
20.31
21.27
22.24
23.22
24.18
25.14
26.11
27.08
28.05
29.01
29.98
30.95
31.92
32.89
33.85
34.82
35.79
36.76
37.72
38.69
39.66
40.63
41.6
42.56
43.53
44.5
45.47
46.45
47.4
48.37
49.34
50.3
51.27
52.24
53.21
54.17
55.14
56.11
57.08
58.05
59.01
59.98
60.95
61.92
62.89
63.85
64.82
65.79
66.76
67.72
68.69
69.66
70.63
71.59
72.56
73.53
74.5
75.47
76.44
77.41
78.36
79.31
80.29
81.27
82.24
83.21
84.17
85.14
86.11
87.08
88.05
89.01
89.98
90.95
91.92
92.89
93.85
94.82
95.79
96.76
97.72
98.69
99.66
100.63
101.6
102.56
103.53
104.51
105.47
106.43
107.4
108.37
109.34
110.3
111.27
112.24
113.21
114.17
115.14
116.11
117.08
118.04
119.01
119.98
120.95
121.92
122.88
123.85
124.82
125.79
126.76
127.72
128.69
129.66
130.63
131.6
132.56
133.53
134.5
135.47
136.43
137.4
138.37
139.34
140.31
141.27
142.24
143.21
144.18
145.14
146.11
147.08
148.05
149.03
149.99
150.96
151.92
152.88
153.86
154.83
155.79
156.76
157.72
158.69
159.66
160.63
161.6
162.57
163.53
164.5
165.47
166.43
167.4
168.37
169.34
170.3
171.27
172.24
173.21
174.18
175.14
176.11
177.08
178.05
179.01
179.98
180.95
181.92
182.89
183.85
184.82
185.79
186.76
187.72
188.69
189.66
190.63
191.59
192.56
193.53
194.5
195.47
196.43
197.4
198.37
199.34
200.3
201.26
202.22
203.15
204.1
205.06
206.01
206.9
207.9
208.85
209.83
210.78
211.73
212.66
213.66
214.62
