0.73
1.97
3.22
4.47
5.72
6.96
8.22
9.46
10.72
11.97
13.21
14.46
15.71
16.97
18.22
19.47
20.71
21.97
23.21
24.47
25.72
26.98
28.22
29.47
30.72
31.97
33.21
34.46
35.71
36.96
38.21
39.45
40.72
41.97
43.18
44.46
45.72
46.96
48.21
49.45
50.71
51.96
53.21
54.47
55.71
56.95
58.21
59.46
60.71
61.96
63.21
64.45
65.69
66.96
68.2
69.45
70.71
71.96
73.21
74.46
75.71
76.96
78.21
79.46
80.71
81.96
83.21
84.46
85.71
86.96
88.21
89.46
90.71
91.96
93.21
94.46
95.71
96.97
98.2
99.45
100.71
101.96
103.21
104.45
105.71
106.96
108.21
109.46
110.71
111.96
113.21
114.46
115.71
116.96
118.21
119.46
120.71
121.96
123.21
124.46
125.71
126.96
128.21
129.46
130.71
131.95
133.21
134.46
135.71
136.96
138.21
139.45
140.71
141.96
143.21
144.45
145.71
146.96
148.21
149.46
150.71
151.96
153.21
154.45
155.71
156.96
158.21
159.45
160.71
161.96
163.21
164.47
165.72
166.97
168.23
169.47
170.72
171.97
173.21
174.47
175.72
176.96
178.22
179.47
180.72
181.96
183.2
184.44
185.71
186.96
188.21
189.45
190.71
191.96
193.21
194.46
195.71
196.95
198.21
199.46
200.71
201.96
203.21
204.46
205.71
206.96
208.21
209.46
210.71
211.96
213.21
214.46
215.71
216.96
218.21
219.46
220.71
221.96
223.21
224.45
225.7
226.93
228.21
229.47
230.69
231.96
233.07
234.22
235.5
236.67
238.02
239.2
240.43
241.67
243.02
244.21
245.45
246.68
248.02
