0.12
1.12
2.12
3.12
4.11
5.11
6.12
7.12
8.12
9.13
10.13
11.12
12.12
13.11
14.12
15.13
16.13
17.12
18.13
19.12
20.12
21.12
22.11
23.19
24.11
25.11
26.12
27.13
28.15
29.13
30.13
31.13
32.12
33.12
34.12
35.11
36.12
37.12
38.1
39.14
40.12
41.13
42.12
43.12
44.13
45.13
46.12
47.12
48.12
49.13
50.13
51.12
52.12
53.12
54.13
55.15
56.14
57.14
58.12
59.11
60.12
61.12
62.12
63.12
64.12
65.12
66.13
67.12
68.12
69.13
70.13
71.14
72.14
73.13
74.14
75.12
76.11
77.12
78.13
79.12
80.1
81.12
82.14
83.14
84.13
85.13
86.13
87.13
88.13
89.12
90.12
91.12
92.12
93.12
94.12
95.12
96.12
97.12
98.12
99.12
100.12
101.12
102.12
103.12
104.12
105.12
106.12
107.12
108.12
109.12
110.12
111.12
112.12
113.12
114.12
115.12
116.12
117.12
118.12
119.12
120.12
121.12
122.12
123.12
124.12
125.12
126.13
127.12
128.1
129.11
130.12
131.12
132.12
133.12
134.13
135.12
136.12
137.12
138.13
139.12
140.12
141.12
142.12
143.12
144.11
145.11
146.12
147.12
148.13
149.12
150.13
151.12
152.12
153.12
154.13
155.12
156.12
157.12
158.12
159.12
160.12
161.12
162.12
163.11
164.12
165.11
166.12
167.12
168.17
169.19
170.2
171.25
172.25
173.24
174.24
175.24
176.24
177.24
178.23
179.23
180.24
181.24
182.23
183.24
184.24
185.24
186.24
187.24
188.24
189.22
190.23
191.22
192.23
193.23
194.24
195.24
196.24
197.23
198.24
199.24
200.24
201.24
202.24
203.23
204.23
205.23
206.23
207.23
208.22
209.24
210.23
211.23
212.23
213.23
214.22
215.23
216.22
217.21
218.27
219.28
220.23
221.2
222.25
223.21
224.15
225.15
226.15
227.2
228.26
229.34
230.4
231.39
232.39
233.37
234.36
235.32
236.35
237.34
238.32
239.35
