0.63
1.35
2.02
2.68
3.3
3.98
4.68
5.36
6.05
6.75
7.46
8.14
8.82
9.52
10.23
10.91
11.6
12.29
13.01
13.69
14.38
15.07
15.78
16.46
17.15
17.84
18.54
19.23
19.92
20.62
21.33
22.01
22.69
23.39
24.1
24.78
25.47
26.16
26.87
27.55
28.24
28.94
29.65
30.33
31.02
31.71
32.42
33.1
33.79
34.49
35.19
35.88
36.57
37.26
37.97
38.65
39.34
40.04
40.75
41.43
42.12
42.81
43.52
44.21
44.89
45.59
46.3
46.98
47.67
48.36
49.06
49.75
50.44
51.13
51.83
52.52
53.22
53.91
54.61
55.3
55.98
56.68
57.39
58.07
58.77
59.46
60.15
60.85
61.54
62.23
62.93
63.62
64.31
65.01
65.72
66.4
67.09
67.78
68.48
69.17
69.86
70.56
71.26
71.94
72.64
73.33
74.04
74.72
75.41
76.11
76.81
77.5
78.19
78.88
79.59
80.27
80.96
81.66
82.36
83.05
83.74
84.43
85.13
85.82
86.51
87.2
87.91
88.6
89.29
89.98
90.68
91.37
92.06
92.75
93.46
94.15
94.84
95.53
96.23
96.92
97.61
98.31
99.01
99.69
100.38
101.08
101.79
102.47
103.16
103.85
104.55
105.24
105.93
106.63
107.33
108.01
108.71
109.4
110.11
110.79
111.48
112.17
112.87
113.56
114.25
114.95
115.66
116.34
117.03
117.72
118.43
119.11
119.81
120.5
121.19
121.89
122.58
123.28
123.98
124.67
125.36
126.05
126.76
127.44
128.13
128.82
129.52
130.21
130.9
131.6
132.3
132.99
133.68
134.37
135.08
135.77
136.45
137.15
137.85
138.53
139.22
139.92
140.61
141.31
142.0
142.7
143.39
144.08
144.77
145.47
146.17
146.86
147.55
148.25
148.94
149.63
150.32
151.02
151.72
152.41
153.1
153.79
154.51
155.19
155.88
156.57
157.28
157.96
158.65
159.34
160.05
160.73
161.42
162.12
162.82
163.5
164.19
164.89
165.59
166.28
166.97
167.67
168.38
169.06
169.75
170.44
171.14
171.83
172.52
173.22
173.91
174.6
175.29
175.99
176.7
177.38
178.07
178.76
179.47
180.16
180.85
181.54
182.24
182.93
183.62
184.32
185.02
185.71
186.4
187.09
187.8
188.48
189.17
189.87
190.57
191.25
191.94
192.64
193.34
194.03
194.72
195.41
196.11
196.8
197.49
198.19
198.9
199.58
200.27
200.96
201.66
202.35
203.04
203.73
204.43
205.13
205.82
206.51
207.2
207.9
208.59
209.28
209.99
210.67
211.36
212.06
212.77
213.45
214.14
214.84
215.54
216.22
216.91
217.61
218.31
219.0
219.69
220.38
221.09
221.78
222.47
223.16
223.86
224.55
225.24
225.93
226.63
227.32
228.01
228.71
229.4
230.09
230.79
231.48
232.19
232.87
233.57
234.26
234.96
235.64
236.33
