0.08
0.54
1.0
1.46
1.92
2.38
2.84
3.3
3.76
4.22
4.68
5.14
5.61
6.07
6.53
6.99
7.45
7.91
8.38
8.84
9.3
9.76
10.22
10.68
11.14
11.61
12.07
12.53
12.99
13.45
13.91
14.37
14.84
15.3
15.76
16.22
16.68
17.14
17.61
18.07
18.53
18.99
19.45
19.91
20.38
20.84
21.3
21.76
22.22
22.68
23.15
23.61
24.07
24.53
24.99
25.45
25.91
26.37
26.84
27.3
27.76
28.22
28.68
29.14
29.61
30.07
30.53
30.99
31.45
31.91
32.38
32.84
33.3
33.76
34.22
34.68
35.14
35.61
36.07
36.53
36.99
37.45
37.91
38.38
38.84
39.3
39.76
40.22
40.68
41.14
41.61
42.07
42.53
42.99
43.45
43.91
44.38
44.84
45.3
45.76
46.22
46.68
47.15
47.61
48.07
48.53
48.99
49.45
49.91
50.38
50.84
51.3
51.76
52.22
52.68
53.14
53.61
54.07
54.53
54.99
55.45
55.91
56.38
56.84
57.3
57.76
58.22
58.68
59.14
59.6
60.06
60.49
60.96
61.42
61.89
62.36
62.83
63.29
63.75
64.22
64.68
65.14
65.58
66.04
66.51
66.98
67.44
67.9
68.36
68.83
69.32
69.8
70.24
70.69
71.13
71.59
72.06
72.5
72.95
73.43
73.91
74.38
74.84
75.3
75.76
76.22
76.68
77.14
77.61
78.07
78.53
78.99
79.45
79.91
80.38
80.84
81.3
81.76
82.22
82.68
83.15
83.61
84.07
84.53
84.99
85.45
85.92
86.38
86.84
87.3
87.76
88.22
88.68
89.15
89.61
90.07
90.53
90.99
91.45
91.91
92.37
92.84
93.3
93.76
94.22
94.68
95.14
95.6
96.07
96.53
96.99
97.45
97.91
98.37
98.84
99.3
99.76
100.22
100.68
101.14
101.61
102.07
102.53
102.99
103.45
103.91
104.38
104.84
105.3
105.76
106.22
106.68
107.14
107.61
108.07
108.53
108.99
109.45
109.91
110.38
110.84
111.3
111.76
112.22
112.68
113.14
113.61
114.07
114.53
114.99
115.45
115.92
116.38
116.84
117.3
117.76
118.22
118.68
119.15
119.61
120.07
120.53
120.99
121.45
121.92
122.38
122.84
123.3
123.76
124.22
124.68
125.14
125.61
126.07
126.53
126.99
127.45
127.91
128.37
128.84
129.3
129.76
130.22
130.68
131.14
131.61
132.07
132.53
132.99
133.45
133.91
134.38
134.84
135.3
135.76
136.22
136.68
137.14
137.61
138.07
138.53
138.99
139.45
139.91
140.37
140.83
141.3
141.76
142.22
142.68
143.14
143.61
144.07
144.53
144.99
145.45
145.91
146.37
146.83
147.3
147.76
148.22
148.68
149.14
149.6
150.07
150.53
150.99
151.46
151.92
152.38
152.84
153.3
153.76
154.22
154.68
155.15
155.61
156.07
156.53
156.99
157.45
157.91
158.38
158.84
159.3
159.76
160.22
160.68
161.15
161.62
162.08
162.54
163.0
163.46
163.92
164.38
164.84
165.3
165.76
166.22
166.68
167.14
167.61
168.07
168.53
168.99
169.45
169.91
170.37
170.84
171.3
171.76
172.22
172.68
173.14
173.61
174.07
174.53
174.99
175.45
175.91
176.38
176.84
177.3
177.76
178.22
178.68
179.14
179.61
180.07
180.53
180.99
181.45
181.91
182.37
182.84
183.3
183.76
184.22
184.68
185.14
185.61
186.07
186.53
186.99
187.45
187.91
188.37
188.84
189.3
189.76
190.22
190.68
191.15
191.61
192.07
192.53
192.99
193.45
193.91
194.37
194.84
195.3
195.76
196.22
196.68
197.14
197.61
198.07
198.53
198.99
199.45
199.91
200.37
200.84
201.3
201.76
202.22
202.68
203.14
203.6
204.07
204.53
204.99
205.45
205.91
206.38
206.84
207.3
207.76
208.22
208.68
209.14
209.6
210.07
210.53
210.99
211.45
211.91
212.37
212.84
213.3
213.76
214.22
214.68
215.14
215.61
216.07
216.53
216.99
217.45
217.91
218.37
218.83
219.29
219.75
220.21
220.67
221.14
221.61
222.07
222.53
222.99
223.45
223.91
224.37
224.84
225.3
225.76
226.22
226.68
227.14
227.61
228.07
228.53
228.99
229.45
229.91
230.37
230.84
231.3
231.76
232.22
232.68
233.14
233.6
234.07
234.53
234.99
235.45
235.91
236.38
236.84
237.3
237.77
238.23
238.69
239.15
239.61
240.07
240.53
241.0
241.46
241.92
242.38
242.84
243.3
243.76
244.22
244.69
245.15
245.61
246.07
246.53
246.99
247.45
247.91
248.38
248.84
249.31
249.77
250.23
250.69
251.15
251.61
252.07
252.53
252.99
253.45
253.91
254.37
254.84
255.3
255.77
256.23
256.69
257.14
257.6
258.07
258.53
258.99
259.45
259.91
260.38
260.84
261.3
261.76
262.22
262.69
263.16
263.62
264.08
264.54
265.0
265.46
265.92
266.38
266.84
267.3
267.76
268.22
268.68
269.15
269.61
270.07
270.53
270.99
271.45
271.92
272.38
272.84
273.3
273.76
274.22
274.68
275.15
275.61
276.07
276.53
276.99
277.45
277.91
278.38
278.84
279.3
279.76
280.22
280.68
281.14
281.6
282.07
282.53
282.99
283.45
283.91
284.37
284.84
285.3
285.76
286.22
286.68
287.14
287.6
288.07
288.53
288.99
289.45
289.91
290.38
290.84
291.3
291.76
292.22
292.68
293.14
293.6
294.07
294.53
294.99
295.45
295.91
296.37
296.84
297.3
297.76
298.22
298.68
299.14
299.6
300.07
300.53
300.99
301.45
301.91
302.37
302.84
303.3
303.76
304.22
304.68
305.14
305.61
306.07
306.53
306.99
307.45
307.91
308.37
308.84
309.3
309.76
310.22
310.68
311.15
311.61
312.07
312.53
312.99
313.45
313.91
314.37
314.84
315.3
315.76
316.22
316.68
317.14
317.6
318.07
318.53
318.99
319.45
319.91
320.38
320.84
321.3
321.76
322.22
322.68
323.14
323.6
324.07
324.53
324.99
325.45
325.91
326.37
326.84
327.3
327.76
328.22
328.68
329.14
329.61
330.07
330.53
330.99
331.45
331.91
332.37
332.84
333.3
333.76
334.22
334.68
335.14
335.61
336.07
336.53
336.99
337.45
337.91
338.37
338.84
339.3
339.76
340.22
340.68
341.14
341.61
342.07
342.53
342.99
343.45
343.91
344.38
344.84
345.3
345.76
346.22
346.68
347.14
347.6
348.07
348.53
348.99
349.45
349.91
350.37
350.84
351.3
351.76
352.22
352.68
353.14
353.61
354.07
354.53
354.99
355.45
355.91
356.37
356.82
357.27
357.71
358.16
