0.54
1.42
2.31
3.2
4.1
4.98
5.88
6.76
7.65
8.53
9.42
10.3
11.19
12.07
12.95
13.83
14.71
15.58
16.45
17.32
18.2
19.08
19.95
20.82
21.69
22.55
23.42
24.29
25.15
26.02
26.88
27.74
28.6
29.46
30.32
31.18
32.04
32.89
33.75
34.61
35.47
36.32
37.18
38.04
38.9
39.76
40.62
41.48
42.33
43.18
44.04
44.89
45.76
46.61
47.47
48.33
49.19
50.04
50.9
51.75
52.61
53.47
54.33
55.18
56.05
56.9
57.76
58.61
59.47
60.33
61.19
62.04
62.9
63.76
64.62
65.48
66.34
67.18
68.05
68.9
69.76
70.61
71.46
72.32
73.18
74.03
74.89
75.75
76.61
77.47
78.33
79.18
80.04
80.89
81.75
82.61
83.47
84.33
85.19
86.05
86.9
87.76
88.61
89.47
90.33
91.19
92.05
92.9
93.76
94.62
95.49
96.35
97.2
98.05
98.91
99.76
100.62
101.48
102.34
103.19
104.05
104.9
105.77
106.62
107.48
108.33
109.2
110.05
110.91
111.76
112.62
113.48
114.34
115.19
116.05
116.91
117.77
118.62
119.48
120.33
121.2
122.05
122.92
123.78
124.63
125.48
126.34
127.19
128.05
128.9
129.77
130.63
131.49
132.33
133.2
134.05
134.91
135.77
136.63
137.49
138.34
139.2
140.06
140.92
141.77
142.63
143.49
144.35
145.2
146.05
146.91
147.76
148.62
149.48
150.33
151.19
152.05
152.91
153.77
154.62
155.48
156.34
157.19
158.05
158.92
159.78
160.65
161.51
162.36
163.22
164.07
164.92
165.78
166.63
167.49
168.34
169.21
170.06
170.92
171.77
172.64
173.49
174.35
175.2
176.06
176.91
177.78
178.64
179.49
180.34
181.2
182.06
182.92
183.77
184.63
185.49
186.35
187.21
188.07
188.92
189.78
190.63
191.5
192.35
193.2
194.05
194.91
195.77
196.63
197.48
198.34
199.2
200.05
200.91
201.77
202.63
203.48
204.34
205.2
206.06
206.91
207.77
208.62
209.48
210.34
211.2
212.05
212.91
213.77
214.62
215.48
216.34
217.2
218.05
218.91
219.77
