0.1
0.63
1.18
1.75
2.34
2.91
3.48
4.05
4.62
5.19
5.75
6.32
6.89
7.45
8.02
8.59
9.16
9.72
10.28
10.85
11.42
11.98
12.55
13.11
13.68
14.25
14.81
15.38
15.94
16.51
17.07
17.64
18.21
18.78
19.34
19.91
20.47
21.04
21.6
22.17
22.74
23.3
23.86
24.42
24.99
25.56
26.12
26.69
27.25
27.82
28.39
28.96
29.52
30.08
30.65
31.22
31.79
32.36
32.92
33.48
34.04
34.61
35.17
35.74
36.31
36.87
37.44
38.0
38.57
39.14
39.71
40.27
40.84
41.41
41.97
42.54
43.11
43.68
44.24
44.8
45.36
45.93
46.5
47.07
47.63
48.2
48.77
49.33
49.89
50.47
51.03
51.6
52.17
52.74
53.3
53.87
54.43
54.99
55.54
56.1
56.68
57.24
57.8
58.38
58.96
59.52
60.09
60.66
61.23
61.79
62.35
62.92
63.49
64.06
64.62
65.19
65.75
66.31
66.88
67.45
68.02
68.59
69.14
69.71
70.28
70.85
71.41
71.98
72.55
73.12
73.68
74.25
74.81
75.38
75.94
76.51
77.07
77.64
78.2
78.77
79.33
79.9
80.47
81.04
81.6
82.17
82.73
83.28
83.85
84.42
84.99
85.56
86.12
86.69
87.25
87.81
88.38
88.95
89.52
90.08
90.65
91.22
91.79
92.36
92.92
93.48
94.05
94.61
95.18
95.75
96.31
96.88
97.44
98.01
98.57
99.14
99.71
100.28
100.84
101.4
101.96
102.53
103.1
103.67
104.23
104.8
105.36
105.93
106.5
107.07
107.64
108.21
108.77
109.34
109.9
110.47
111.03
111.59
112.15
112.73
113.3
113.87
114.43
115.0
115.57
116.13
116.69
117.26
117.83
118.4
118.96
119.53
120.09
120.65
121.21
121.78
122.35
122.92
123.48
124.05
124.62
125.19
125.75
126.32
126.88
127.45
128.02
128.59
129.15
129.72
130.28
130.85
131.42
131.98
132.54
133.11
133.68
134.25
134.81
135.37
135.94
136.51
137.07
137.64
138.2
138.77
139.33
139.9
140.47
141.04
141.6
142.17
142.73
143.3
143.87
144.43
145.0
145.57
146.13
146.7
147.26
147.83
148.4
148.96
149.53
150.09
150.66
151.23
151.79
152.36
152.92
153.49
154.06
154.62
155.19
155.75
156.32
156.87
157.44
158.01
158.58
159.14
159.69
160.27
160.84
161.41
161.98
162.55
163.11
163.68
164.24
164.81
165.38
165.94
166.5
167.07
167.64
168.19
168.76
169.33
169.9
170.47
171.03
171.6
172.17
172.74
173.3
173.87
174.43
174.99
175.55
176.12
176.69
177.26
177.81
178.39
178.96
179.53
180.09
180.66
181.21
181.78
182.35
182.92
183.49
184.06
184.62
185.19
185.75
186.32
186.89
187.46
188.02
188.58
189.15
189.72
190.28
190.85
191.41
191.98
192.55
193.11
193.68
194.25
194.81
195.38
195.94
196.51
197.07
197.64
198.21
198.78
199.34
199.91
200.47
201.04
201.6
202.17
202.74
203.3
203.87
204.43
204.98
