0.11
0.59
1.07
1.55
2.03
2.51
2.99
3.47
3.95
4.44
4.92
5.4
5.88
6.36
6.84
7.33
7.81
8.29
8.77
9.25
9.73
10.22
10.7
11.18
11.66
12.14
12.62
13.1
13.58
14.07
14.55
15.03
15.51
15.99
16.48
16.96
17.44
17.92
18.41
18.89
19.37
19.85
20.33
20.81
21.29
21.77
22.25
22.73
23.21
23.7
24.18
24.66
25.14
25.62
26.1
26.59
27.07
27.55
28.03
28.51
28.99
29.47
29.96
30.44
30.92
31.4
31.88
32.36
32.84
33.33
33.81
34.29
34.77
35.25
35.73
36.21
36.69
37.17
37.65
38.13
38.61
39.1
39.58
40.06
40.54
41.02
41.5
41.98
42.46
42.94
43.42
43.91
44.39
44.87
45.35
45.83
46.31
46.79
47.28
47.76
48.24
48.72
49.2
49.68
50.16
50.64
51.12
51.6
52.09
52.57
53.05
53.53
54.01
54.49
54.97
55.46
55.94
56.42
56.9
57.38
57.86
58.34
58.82
59.3
59.78
60.26
60.74
61.22
61.7
62.18
62.66
63.14
63.62
64.1
64.58
65.06
65.54
66.02
66.51
66.99
67.47
67.95
68.43
68.91
69.39
69.87
70.36
70.84
71.32
71.8
72.28
72.76
73.24
73.72
74.2
74.68
75.17
75.65
76.13
76.61
77.1
77.57
78.05
78.53
79.01
79.5
79.98
80.46
80.94
81.42
81.9
82.38
82.86
83.33
83.81
84.29
84.77
85.25
85.73
86.21
86.69
87.17
87.66
88.14
88.62
89.1
89.58
90.06
90.54
91.02
91.5
91.99
92.46
92.94
93.43
93.91
94.39
94.87
95.35
95.83
96.31
96.79
97.27
97.75
98.23
98.71
99.19
99.67
100.15
100.63
101.11
101.59
102.07
102.55
103.03
103.51
103.99
104.47
104.95
105.44
105.92
106.4
106.88
107.36
107.84
108.32
108.8
109.28
109.76
110.24
110.72
111.2
111.68
112.16
112.64
113.12
113.6
114.08
114.56
115.04
115.52
116.0
116.48
116.96
117.44
117.92
118.4
118.88
119.36
119.84
120.32
120.8
121.28
121.76
122.24
122.72
123.2
123.68
124.16
124.64
125.12
125.6
126.08
126.56
127.04
127.52
128.0
128.48
128.96
129.44
129.92
130.4
130.88
131.36
131.85
132.33
132.81
133.29
133.77
134.25
134.73
135.21
135.69
136.17
136.65
137.13
137.61
138.09
138.57
139.04
139.53
140.01
140.49
140.97
141.45
141.93
142.4
142.88
143.36
143.84
144.32
144.8
145.28
145.76
146.24
146.72
147.2
147.68
148.16
148.64
149.13
149.61
150.09
150.57
151.04
151.52
152.0
152.48
152.96
153.45
153.92
154.4
154.88
155.36
155.84
156.32
156.8
157.28
157.76
158.24
158.72
159.2
159.68
160.16
160.64
161.12
161.6
162.08
162.56
163.04
163.52
164.0
164.48
164.96
165.44
165.92
166.4
166.88
167.36
167.84
168.32
168.79
169.27
169.75
170.23
170.71
171.19
171.67
172.15
172.63
173.11
173.59
174.07
174.55
175.03
175.51
175.99
176.47
176.94
177.42
177.9
178.38
178.86
179.34
179.83
180.31
180.79
181.27
181.75
182.23
182.71
183.18
183.66
184.14
184.62
185.1
185.58
186.06
186.54
187.02
187.5
187.98
188.46
188.94
189.42
189.9
190.37
190.85
191.33
191.81
192.29
192.77
193.25
193.73
194.21
194.69
195.17
195.65
196.13
196.61
197.08
197.56
198.04
198.52
199.0
199.48
199.93
