0.09
1.09
2.1
3.05
4.01
4.98
5.94
6.91
7.88
8.84
9.82
10.77
11.7
12.67
13.66
14.67
15.64
16.6
17.56
18.52
19.49
20.48
21.44
22.39
23.35
24.33
25.3
26.26
27.2
28.15
29.13
30.14
31.11
32.11
33.09
34.04
34.98
35.95
36.92
37.89
38.86
39.84
40.81
41.78
42.73
43.71
44.67
45.62
46.59
47.55
48.53
49.51
50.47
51.44
52.4
53.37
54.34
55.31
56.27
57.23
58.2
59.18
60.14
61.11
62.07
63.04
64.02
64.99
65.95
66.91
67.88
68.85
69.82
70.79
71.79
72.72
73.69
74.69
75.65
76.57
77.54
78.52
79.5
80.46
81.43
82.41
83.37
84.34
85.31
86.28
87.26
88.21
89.18
90.14
91.11
92.07
93.06
94.02
94.99
95.95
96.91
97.89
98.85
99.82
100.79
101.76
102.73
103.7
104.66
105.63
106.6
107.57
108.54
109.5
110.47
111.43
112.4
113.37
114.34
115.31
116.27
117.24
118.21
119.18
120.14
121.11
122.08
123.05
124.02
124.99
125.95
126.92
127.88
128.86
129.82
130.79
131.74
132.72
133.69
134.65
135.62
136.58
137.56
138.53
139.5
140.46
141.43
142.42
143.4
144.34
145.3
146.28
147.24
148.2
149.18
150.14
151.11
152.08
153.05
154.02
154.98
155.93
156.91
157.89
158.86
159.84
160.8
161.74
162.71
163.69
164.66
165.63
166.59
167.56
168.52
169.5
170.47
171.44
172.4
173.37
174.34
175.3
176.27
177.23
178.2
179.17
180.14
181.12
182.07
183.05
184.0
184.97
185.95
186.92
187.88
188.86
189.81
190.78
191.75
192.72
193.69
194.66
195.63
196.59
197.56
198.53
199.5
200.46
201.42
202.39
203.36
204.33
205.3
206.27
207.23
208.2
209.16
210.14
211.1
212.08
213.04
214.02
214.98
215.95
216.92
217.89
218.85
219.82
220.78
221.76
222.72
223.69
224.65
225.62
226.56
227.53
228.51
229.49
230.47
231.44
232.38
233.34
234.32
235.29
236.26
237.24
238.18
239.13
240.08
241.07
242.03
