0.59
1.24
1.88
2.53
3.18
3.82
4.47
5.12
5.77
6.42
7.07
7.72
8.36
9.01
9.66
10.31
10.96
11.61
12.26
12.91
13.55
14.2
14.85
15.5
16.15
16.8
17.45
18.1
18.74
19.39
20.04
20.69
21.34
21.99
22.64
23.28
23.93
24.58
25.23
25.88
26.53
27.18
27.83
28.47
29.12
29.77
30.42
31.07
31.72
32.37
33.02
33.67
34.31
34.96
35.61
36.26
36.91
37.56
38.21
38.86
39.5
40.15
40.8
41.45
42.1
42.75
43.4
44.05
44.7
45.34
45.99
46.64
47.29
47.93
48.58
49.23
49.88
50.53
51.18
51.83
52.48
53.13
53.77
54.42
55.07
55.72
56.37
57.02
57.66
58.31
58.96
59.61
60.26
60.91
61.56
62.21
62.85
63.5
64.15
64.8
65.45
66.1
66.75
67.4
68.04
68.69
69.34
69.99
70.64
71.29
71.93
72.58
73.23
73.88
74.53
75.18
75.82
76.47
77.12
77.77
78.42
79.07
79.72
80.37
81.01
81.66
82.31
82.96
83.61
84.26
84.91
85.56
86.2
86.85
87.5
88.15
88.8
89.45
90.1
90.75
91.39
92.04
92.69
93.34
93.99
94.64
95.29
95.94
96.59
97.24
97.88
98.53
99.18
99.83
100.48
101.13
101.77
102.42
103.07
103.72
104.37
105.02
105.67
106.32
106.96
107.61
108.26
108.91
109.56
110.2
110.85
111.5
112.15
112.8
113.45
114.1
114.75
115.4
116.04
116.69
117.34
117.99
118.64
119.29
119.94
120.58
121.23
121.88
122.53
123.18
123.83
124.48
125.12
125.77
126.42
127.07
127.72
128.37
129.02
129.67
130.31
130.96
131.61
132.26
132.91
133.56
134.21
134.86
135.5
136.15
136.8
137.45
138.1
138.75
139.4
140.05
140.69
141.34
141.99
142.64
143.29
143.94
144.6
145.25
145.89
146.54
147.18
147.83
148.48
149.12
149.77
150.42
151.07
151.72
152.37
153.02
153.67
154.31
154.96
155.61
156.26
156.91
157.56
158.21
158.86
159.51
160.15
160.8
161.45
162.1
162.75
163.4
164.04
164.69
165.34
165.99
166.64
167.29
167.94
168.59
169.23
169.88
170.53
171.18
171.83
172.48
173.13
173.77
174.42
175.07
175.72
176.37
177.02
177.67
178.32
178.96
179.61
180.26
180.91
181.56
182.21
182.86
183.5
184.15
184.8
185.45
186.1
186.73
187.36
188.03
188.68
189.33
189.96
190.63
191.27
191.92
192.56
