0.28
0.86
1.44
2.01
2.59
3.17
3.74
4.32
4.9
5.47
6.05
6.63
7.21
7.78
8.35
8.92
9.5
10.08
10.67
11.25
11.81
12.39
12.98
13.54
14.13
14.7
15.27
15.85
16.43
17.04
17.61
18.2
18.8
19.34
19.88
20.46
21.04
21.62
22.2
22.79
23.37
23.93
24.51
25.07
25.67
26.24
26.83
27.41
27.98
28.55
29.15
29.72
30.29
30.88
31.44
32.01
32.6
33.16
33.74
34.31
34.9
35.47
36.05
36.61
37.19
37.8
38.35
38.95
39.54
40.1
40.64
41.22
41.8
42.41
42.95
43.54
44.13
44.74
45.33
45.95
46.54
47.07
47.61
48.16
48.76
49.33
49.92
50.53
51.11
51.67
52.23
52.79
53.37
53.96
54.54
55.1
55.7
56.26
56.82
57.39
57.97
58.55
59.13
59.72
60.31
60.89
61.43
62.0
62.59
63.17
63.76
64.34
64.9
65.48
66.05
66.63
67.22
67.78
68.36
68.96
69.53
70.1
70.67
71.25
71.83
72.4
72.98
73.55
74.12
74.69
75.27
75.85
76.42
77.01
77.58
78.16
78.73
79.31
79.88
80.46
81.04
81.62
82.2
82.77
83.34
83.92
84.5
85.09
85.66
86.24
86.8
87.37
87.95
88.53
89.12
89.7
90.27
90.84
91.43
92.01
92.58
93.16
93.73
94.31
94.88
95.46
96.04
96.61
97.19
97.79
98.37
98.94
99.51
100.09
100.66
101.22
101.8
102.38
102.95
103.53
104.11
104.7
105.28
105.84
106.42
107.01
107.59
108.16
108.73
109.32
109.9
110.46
111.04
111.61
112.2
112.76
113.34
113.92
114.51
115.08
115.65
116.23
116.81
117.38
117.96
118.54
119.12
119.69
120.27
120.85
121.43
122.0
122.58
123.16
123.74
124.3
124.88
125.47
126.04
126.61
127.19
127.77
128.36
128.92
129.5
130.08
130.66
131.22
131.8
132.39
132.97
133.53
134.11
134.7
135.27
135.84
136.42
137.0
137.58
138.15
138.73
139.31
139.89
140.46
141.04
141.62
142.2
142.77
143.35
143.93
144.5
145.07
145.65
146.23
146.81
147.38
147.96
148.54
149.12
149.69
150.27
150.86
151.44
152.0
152.58
153.16
153.74
154.3
154.88
155.44
156.05
156.62
157.22
157.8
158.37
158.94
159.51
160.07
160.62
161.17
161.73
162.28
162.79
163.32
163.86
164.42
164.99
165.56
166.13
166.72
167.32
167.89
168.49
169.04
169.62
170.22
170.81
171.35
171.91
172.49
173.07
173.65
174.23
174.81
175.38
175.97
176.57
177.14
177.7
178.27
178.84
179.44
180.02
180.6
181.15
181.73
182.31
182.89
183.45
184.04
184.61
185.19
185.75
186.34
186.92
187.52
188.07
188.66
189.23
189.81
190.37
190.95
191.54
192.1
192.67
193.26
193.84
194.41
194.98
195.56
196.14
196.71
197.29
197.87
198.44
199.01
199.59
200.18
200.76
201.34
201.9
202.49
203.07
203.66
204.22
204.8
205.38
205.98
206.55
207.16
207.72
208.27
208.84
209.42
209.99
210.57
211.14
211.72
212.3
212.88
213.45
214.03
214.61
215.19
215.76
216.34
216.92
217.5
218.08
218.66
219.23
219.81
220.38
220.94
