0.09
0.52
0.95
1.38
1.81
2.23
2.66
3.09
3.52
3.95
4.38
4.81
5.24
5.66
6.09
6.52
6.95
7.38
7.81
8.23
8.66
9.09
9.52
9.95
10.38
10.8
11.23
11.66
12.09
12.52
12.95
13.38
13.81
14.24
14.67
15.1
15.53
15.96
16.39
16.81
17.24
17.67
18.1
18.53
18.96
19.39
19.82
20.24
20.67
21.1
21.53
21.96
22.39
22.81
23.24
23.67
24.1
24.53
24.96
25.38
25.81
26.24
26.67
27.1
27.53
27.96
28.39
28.81
29.24
29.67
30.1
30.53
30.96
31.39
31.82
32.24
32.67
33.1
33.53
33.95
34.39
34.81
35.24
35.67
36.1
36.53
36.96
37.39
37.82
38.24
38.66
39.09
39.52
39.95
40.38
40.81
41.24
41.67
42.1
42.53
42.96
43.39
43.82
44.24
44.67
45.1
45.53
45.96
46.39
46.82
47.25
47.67
48.1
48.53
48.96
49.39
49.82
50.24
50.67
51.1
51.53
51.96
52.39
52.81
53.24
53.67
54.1
54.53
54.96
55.39
55.82
56.24
56.67
57.1
57.53
57.96
58.39
58.82
59.25
59.67
60.1
60.53
60.96
61.39
61.82
62.24
62.67
63.1
63.53
63.96
64.39
64.81
65.24
65.67
66.1
66.53
66.96
67.39
67.82
68.24
68.67
69.1
69.53
69.96
70.39
70.81
71.24
71.67
72.1
72.53
72.96
73.38
73.81
74.24
74.67
75.1
75.53
75.96
76.39
76.81
77.24
77.67
78.1
78.53
78.96
79.39
79.82
80.24
80.67
81.1
81.53
81.96
82.39
82.81
83.24
83.67
84.1
84.53
84.96
85.38
85.81
86.24
86.67
87.1
87.53
87.96
88.39
88.81
89.24
89.67
90.1
90.53
90.96
91.39
91.82
92.25
92.68
93.1
93.53
93.96
94.39
94.82
95.25
95.67
96.1
96.53
96.96
97.39
97.82
98.25
98.67
99.1
99.53
99.96
100.39
100.82
101.25
101.67
102.1
102.53
102.96
103.39
103.82
104.25
104.68
105.1
105.53
105.96
106.39
106.82
107.24
107.67
108.1
108.53
108.96
109.39
109.82
110.25
110.68
111.1
111.53
111.96
112.39
112.82
113.25
113.67
114.1
114.53
114.96
115.39
115.82
116.25
116.68
117.1
117.53
117.96
118.39
118.82
119.24
119.67
120.1
120.53
120.96
121.38
121.81
122.24
122.67
123.1
123.53
123.96
124.39
124.82
125.25
125.67
126.1
126.53
126.95
127.38
127.8
128.24
128.67
129.1
129.52
129.95
130.38
130.81
131.24
131.67
132.1
132.53
132.96
133.38
133.81
134.24
134.67
135.1
135.53
135.95
136.38
136.81
137.24
137.67
138.1
138.52
138.95
139.38
139.81
140.24
140.67
141.1
141.53
141.95
142.38
142.81
143.24
143.67
144.1
144.53
144.96
145.38
145.81
146.24
146.67
147.1
147.53
147.95
148.38
148.81
149.24
149.67
150.1
150.52
150.95
151.38
151.81
152.24
152.67
153.1
153.53
153.95
154.38
154.81
155.24
155.67
156.1
156.52
156.95
157.38
157.81
158.24
158.67
159.09
159.52
159.95
160.38
160.81
161.24
161.67
162.1
162.52
162.95
163.38
163.81
164.24
164.67
165.1
165.53
165.95
166.38
166.81
167.24
167.66
168.09
168.52
168.95
169.38
169.81
170.24
170.67
171.1
171.53
171.95
172.38
172.81
173.24
173.67
174.1
174.52
174.95
175.38
175.81
176.24
176.67
177.09
177.52
177.95
178.38
178.81
179.24
179.66
180.09
180.52
180.95
181.38
181.81
182.24
182.67
183.09
183.52
183.95
184.38
184.81
185.24
185.67
186.1
186.52
186.95
187.38
187.81
188.24
188.67
189.09
189.52
189.95
190.38
190.81
191.24
191.67
192.1
192.52
192.95
193.38
193.81
194.24
194.67
195.09
195.52
195.95
196.38
196.81
197.24
197.66
198.09
198.52
198.95
199.38
199.81
200.23
200.66
201.09
201.52
201.95
202.38
202.81
203.24
203.66
204.09
204.52
204.95
205.38
205.81
206.24
206.67
207.09
207.52
207.95
208.38
208.81
209.24
209.66
210.09
210.52
210.95
211.38
211.81
212.23
212.66
213.09
213.52
213.95
214.38
214.81
215.24
215.66
216.09
216.52
216.95
217.38
217.81
218.23
218.66
219.09
219.52
219.95
220.38
220.81
221.24
221.67
222.1
222.52
222.95
223.38
223.81
224.24
224.67
225.1
225.52
225.95
226.38
226.81
227.24
227.67
228.1
228.53
228.95
229.38
229.81
230.24
230.67
231.1
231.53
231.95
232.38
232.81
233.24
233.67
234.1
234.53
234.95
235.38
235.81
236.24
236.67
237.1
237.52
237.95
238.38
238.81
239.24
239.67
240.1
240.52
240.95
241.38
241.81
242.24
242.67
243.1
243.53
243.95
244.38
244.81
245.24
245.67
246.09
246.52
246.95
247.38
247.8
248.23
248.66
249.09
249.51
249.94
250.37
250.81
251.23
251.67
252.09
252.52
252.94
253.37
253.8
254.23
254.65
255.08
255.51
255.93
256.34
256.78
257.22
257.65
258.07
258.47
258.92
259.36
259.78
260.22
260.66
261.09
261.51
261.91
262.36
262.79
263.21
263.65
264.08
264.52
264.92
265.33
265.78
266.17
266.59
267.05
267.5
267.93
268.35
268.77
269.22
269.65
270.08
270.52
270.95
271.37
271.78
272.19
272.64
273.03
273.46
273.92
274.36
274.79
275.21
275.63
276.07
276.5
276.9
277.35
277.79
278.23
278.63
279.06
279.5
279.88
280.31
280.77
281.22
281.66
282.07
282.48
282.92
283.31
283.73
284.14
284.57
284.99
285.41
285.84
286.27
286.7
287.13
287.56
287.98
288.41
288.83
289.26
289.67
290.11
290.5
290.95
291.35
291.81
292.21
292.63
293.06
293.51
293.91
294.33
294.75
295.19
295.6
296.01
296.44
296.86
297.3
297.72
298.15
298.57
299.01
299.44
299.88
300.31
300.73
301.16
301.59
302.02
302.45
302.88
303.31
303.74
304.17
304.59
305.02
305.45
305.88
306.3
306.73
307.16
307.59
308.02
308.45
308.88
309.31
309.74
310.16
310.59
311.02
311.45
311.88
312.31
312.74
313.16
313.59
314.02
314.45
314.88
315.31
315.74
316.17
316.59
317.02
317.45
317.88
318.31
318.74
319.16
319.59
320.02
320.45
320.88
321.31
321.74
322.17
322.59
323.02
323.45
323.88
324.31
324.74
325.16
325.59
326.02
326.45
326.88
327.3
327.73
328.16
328.59
329.02
329.45
329.88
330.31
330.74
331.16
331.59
332.02
332.45
332.88
333.31
333.73
334.16
334.59
335.02
335.45
335.88
336.3
336.73
337.16
337.59
338.02
338.45
338.88
339.31
339.73
340.16
340.59
341.02
341.45
341.87
342.3
342.73
343.16
343.59
344.02
344.45
344.88
345.31
345.73
346.16
346.59
347.02
347.45
347.88
348.3
348.73
349.16
349.59
350.02
350.45
350.88
351.31
351.73
352.16
352.59
353.02
353.45
353.88
354.3
354.73
355.16
355.59
356.02
356.45
356.88
357.3
357.73
358.16
358.59
359.02
359.45
359.88
360.3
360.73
361.16
361.59
362.02
362.45
362.88
363.31
363.73
364.16
364.59
365.02
365.45
365.88
366.3
366.73
367.16
367.59
368.02
368.45
368.88
369.3
369.73
370.16
370.59
371.02
371.45
371.88
372.3
372.73
373.16
373.59
374.02
374.45
374.88
375.31
375.73
376.16
376.59
377.02
377.45
377.88
378.3
378.73
379.16
379.59
380.02
380.45
380.87
381.3
381.73
382.16
382.58
383.01
383.44
383.87
