0.11
0.8
1.5
2.2
2.9
3.6
4.3
4.99
5.69
6.39
7.09
7.78
8.48
9.18
9.88
10.57
11.27
11.97
12.67
13.36
14.06
14.76
15.46
16.15
16.85
17.55
18.25
18.95
19.65
20.34
21.04
21.74
22.44
23.13
23.83
24.53
25.23
25.92
26.62
27.32
28.02
28.71
29.41
30.11
30.81
31.51
32.2
32.9
33.6
34.3
35.0
35.69
36.39
37.09
37.79
38.48
39.18
39.88
40.58
41.28
41.98
42.67
43.37
44.07
44.76
45.46
46.16
46.85
47.55
48.25
48.95
49.65
50.34
51.04
51.74
52.43
53.13
53.83
54.53
55.23
55.92
56.62
57.32
58.01
58.72
59.41
60.11
60.81
61.51
62.2
62.9
63.59
64.3
64.99
65.69
66.39
67.09
67.78
68.48
69.18
69.88
70.57
71.27
71.97
72.66
73.36
74.06
74.76
75.46
76.16
76.85
77.55
78.25
78.95
79.65
80.34
81.04
81.73
82.44
83.13
83.83
84.53
85.23
85.92
86.62
87.32
88.02
88.72
89.41
90.11
90.81
91.5
92.2
92.9
93.6
94.3
95.0
95.69
96.4
97.09
97.79
98.48
99.19
99.88
100.58
101.27
101.98
102.67
103.37
104.06
104.77
105.46
106.16
106.85
107.56
108.25
108.95
109.65
110.35
111.04
111.74
112.44
113.14
113.83
114.53
115.23
115.93
116.62
117.32
118.02
118.72
119.41
120.11
120.81
121.51
122.2
122.9
123.6
124.3
124.99
125.69
126.38
127.09
127.78
128.48
129.18
129.88
130.57
131.27
131.97
132.67
133.36
134.06
134.76
135.46
136.15
136.85
137.55
138.25
138.95
139.65
140.34
141.05
141.74
142.43
143.13
143.83
144.53
145.23
145.92
146.62
147.32
148.02
148.71
149.41
150.11
150.81
151.5
152.21
152.9
153.6
154.3
155.0
155.69
156.39
157.08
157.78
158.48
159.18
159.88
160.58
161.27
161.97
162.67
163.37
164.06
164.76
165.46
166.16
166.85
167.55
168.25
168.96
169.65
170.35
171.04
171.74
172.44
173.14
173.83
174.53
175.23
175.92
176.62
177.32
178.02
178.72
179.41
180.12
180.81
181.51
182.2
182.91
183.6
184.3
184.99
185.69
186.38
187.09
187.79
188.48
189.18
189.88
190.57
191.27
191.96
192.67
193.37
194.06
194.76
195.46
196.16
196.86
197.55
198.25
198.95
199.65
200.34
201.04
201.74
202.44
203.13
203.83
204.54
205.24
205.93
206.63
207.32
208.03
208.72
209.42
210.11
210.82
211.51
212.21
212.9
213.61
214.3
215.0
215.69
216.39
217.09
217.79
218.48
219.18
219.88
220.57
221.27
221.97
222.67
223.37
224.06
224.77
225.46
226.16
226.85
227.55
228.25
228.95
229.65
