0.35
1.26
2.23
3.19
4.14
5.09
6.05
7.0
7.95
8.9
9.86
10.81
11.76
12.71
13.66
14.61
15.57
16.52
17.47
18.42
19.38
20.33
21.28
22.24
23.19
24.14
25.09
26.04
27.0
27.95
28.9
29.85
30.8
31.76
32.71
33.66
34.62
35.57
36.52
37.47
38.43
39.38
40.33
41.28
42.24
43.19
44.14
45.09
46.04
47.0
47.95
48.9
49.85
50.81
51.76
52.71
53.67
54.62
55.57
56.53
57.48
58.43
59.38
60.33
61.3
62.25
63.19
64.14
65.09
66.05
67.0
67.95
68.9
69.86
70.81
71.76
72.71
73.67
74.62
75.57
76.52
77.47
78.43
79.38
80.33
81.28
82.24
83.19
84.14
85.09
86.05
87.0
87.95
88.9
89.86
90.81
91.76
92.71
93.67
94.63
95.58
96.53
97.48
98.43
99.38
100.33
101.28
102.24
103.19
104.14
105.09
106.05
107.0
107.95
108.9
109.86
110.81
111.76
112.72
113.67
114.62
115.57
116.52
117.48
118.43
119.38
120.33
121.29
122.24
123.19
124.14
125.09
126.05
127.0
127.95
128.9
129.85
130.81
131.76
132.71
133.67
134.62
135.57
136.52
137.47
138.43
139.38
140.33
141.28
142.24
143.19
144.14
145.09
146.05
147.0
147.95
148.9
149.85
150.81
151.76
152.72
153.63
154.61
155.57
156.52
157.47
158.43
159.38
160.33
161.29
162.24
163.19
164.14
165.09
166.05
167.0
167.95
168.9
169.85
170.81
171.76
172.71
173.67
174.62
175.57
176.52
177.48
178.43
179.38
180.33
181.28
182.23
183.19
184.14
185.1
186.05
187.0
187.95
188.9
189.86
190.81
191.76
192.72
193.67
194.62
195.57
196.52
197.47
198.43
199.38
200.34
201.29
202.24
203.19
204.15
205.1
206.05
207.0
207.95
208.9
209.86
210.81
211.76
212.71
213.66
214.62
215.55
216.46
217.38
218.32
219.33
