0.53
1.44
2.35
3.26
4.17
5.08
5.99
6.9
7.81
8.71
9.62
10.53
11.44
12.35
13.26
14.17
15.08
15.99
16.9
17.81
18.72
19.63
20.53
21.44
22.35
23.26
24.17
25.08
25.99
26.9
27.81
28.72
29.63
30.54
31.45
32.36
33.26
34.17
35.08
35.99
36.9
37.81
38.72
39.63
40.54
41.45
42.36
43.26
44.19
45.09
46.0
46.91
47.82
48.74
49.65
50.55
51.46
52.37
53.28
54.2
55.09
56.01
56.92
57.82
58.72
59.63
60.54
61.45
62.36
63.27
64.18
65.09
66.0
66.91
67.82
68.72
69.64
70.55
71.45
72.36
73.27
74.17
75.08
75.99
76.9
77.81
78.72
79.62
80.54
81.45
82.36
83.26
84.18
85.08
85.99
86.9
87.81
88.72
89.63
90.54
91.45
92.36
93.27
94.17
95.08
95.99
96.9
97.81
98.72
99.63
100.54
101.45
102.36
103.27
104.18
105.08
105.99
106.9
107.81
108.72
109.63
110.54
111.45
112.35
113.26
114.17
115.08
115.99
116.9
117.8
118.71
119.62
120.53
121.44
122.35
123.26
124.17
125.08
125.99
126.9
127.81
128.71
129.62
130.53
131.44
132.35
133.26
134.16
135.08
135.99
136.9
137.8
138.71
139.62
140.53
141.44
142.35
143.26
144.17
145.08
145.99
146.9
147.81
148.72
149.63
150.54
151.45
152.36
153.27
154.18
155.09
156.0
156.91
157.82
158.73
159.64
160.54
161.45
162.36
163.27
164.18
165.09
166.0
166.9
167.81
168.72
169.63
170.53
171.45
172.36
173.26
174.17
175.08
175.99
176.9
177.81
178.72
179.63
180.54
181.45
182.36
183.27
184.17
185.08
185.99
186.9
187.81
188.72
189.63
190.54
191.45
192.35
193.27
194.17
195.08
195.99
196.9
197.81
198.72
199.62
200.53
201.44
202.35
203.26
204.17
205.08
205.99
206.9
207.81
208.72
209.63
210.53
211.45
212.29
