0.1
0.83
1.57
2.31
3.05
3.8
4.54
5.28
6.02
6.76
7.5
8.24
8.98
9.73
10.47
11.21
11.95
12.69
13.43
14.17
14.91
15.65
16.39
17.13
17.87
18.61
19.35
20.09
20.83
21.57
22.31
23.05
23.8
24.55
25.28
26.01
26.75
27.49
28.24
28.98
29.72
30.46
31.2
31.94
32.68
33.42
34.16
34.9
35.64
36.38
37.13
37.87
38.61
39.35
40.09
40.83
41.57
42.31
43.05
43.79
44.53
45.27
46.01
46.76
47.5
48.24
48.98
49.72
50.46
51.2
51.94
52.68
53.42
54.16
54.91
55.65
56.39
57.13
57.87
58.61
59.35
60.09
60.83
61.57
62.31
63.05
63.8
64.54
65.28
66.02
66.76
67.5
68.24
68.98
69.72
70.46
71.2
71.94
72.69
73.43
74.17
74.91
75.65
76.39
77.13
77.88
78.63
79.37
80.09
80.83
81.57
82.31
83.05
83.79
84.53
85.27
86.01
86.75
87.49
88.23
88.98
89.72
90.46
91.2
91.94
92.68
93.42
94.16
94.9
95.64
96.38
97.12
97.86
98.61
99.35
100.09
100.83
101.57
102.31
103.05
103.79
104.53
105.27
106.01
106.76
107.5
108.24
108.98
109.72
110.46
111.2
111.94
112.69
113.43
114.17
114.9
115.65
116.39
117.13
117.87
118.61
119.35
120.09
120.83
121.58
122.32
123.06
123.8
124.54
125.28
126.02
126.76
127.5
128.24
128.98
129.72
130.46
131.2
131.95
132.69
133.43
134.17
134.91
135.65
136.39
137.13
137.87
138.61
139.35
140.09
140.83
141.58
142.32
143.06
143.8
144.54
145.28
146.02
146.76
147.5
148.24
148.98
149.72
150.46
151.2
151.94
152.68
153.42
154.16
154.91
155.65
156.39
157.14
157.88
158.61
159.36
160.1
160.84
161.58
162.31
163.06
163.8
164.54
165.28
166.02
166.76
167.5
168.24
168.98
169.71
170.43
171.17
171.89
172.63
173.39
174.16
174.91
175.65
176.39
177.13
177.87
178.61
179.35
180.09
180.83
181.57
182.32
183.06
183.8
184.53
185.27
186.02
186.76
187.5
188.24
188.98
189.72
190.46
191.2
191.94
192.68
193.42
194.16
194.9
195.65
196.39
197.13
197.86
198.61
199.35
200.09
200.83
201.57
202.31
203.06
203.8
204.54
205.28
206.02
206.76
207.5
208.24
208.98
209.72
210.47
211.21
211.95
212.69
213.43
214.17
214.91
215.65
216.39
217.13
217.87
218.61
219.35
220.09
220.83
221.58
222.32
223.06
223.8
224.54
225.28
226.02
226.76
227.5
228.24
228.98
229.72
230.46
231.2
231.94
232.68
233.42
234.17
234.91
235.65
236.39
237.13
237.86
238.62
239.37
240.11
240.86
241.56
242.26
242.98
243.7
244.46
245.17
245.92
246.65
247.4
248.13
248.85
