0.06965986394557823
0.5804988662131519
1.1145578231292517
1.6253968253968254
2.182675736961451
2.716734693877551
3.2275736961451247
3.7616326530612243
4.295691609977324
4.829750566893424
5.363809523809524
5.897868480725624
6.408707482993197
6.965986394557823
7.500045351473923
8.010884353741497
8.568163265306122
9.079002267573696
9.613061224489796
10.147120181405896
10.681179138321996
11.19201814058957
11.749297052154194
12.283356009070294
12.817414965986394
13.328253968253968
13.885532879818594
14.396371882086168
14.930430839002268
15.441269841269841
15.998548752834466
16.50938775510204
17.04344671201814
17.57750566893424
18.11156462585034
18.622403628117915
19.156462585034014
19.690521541950112
20.224580498866214
20.758639455782312
21.292698412698414
21.803537414965987
22.337596371882086
22.871655328798187
23.405714285714286
23.939773242630384
24.49705215419501
25.007891156462584
25.541950113378686
26.076009070294784
26.586848072562358
27.12090702947846
27.654965986394558
28.189024943310656
28.723083900226758
29.257142857142856
29.791201814058958
30.325260770975056
30.83609977324263
31.37015873015873
31.90421768707483
32.43827664399093
32.97233560090703
33.50639455782313
34.06367346938776
34.59773242630386
35.131791383219955
35.64263038548753
36.17668934240363
36.710748299319725
37.24480725623583
37.77886621315193
38.2897052154195
38.8237641723356
39.3578231292517
39.8918820861678
40.4259410430839
40.936780045351476
41.470839002267574
42.00489795918367
42.53895691609977
43.073015873015876
43.6302947845805
44.11791383219955
44.67519274376417
45.186031746031745
45.69687074829932
46.25414965986395
46.78820861678005
47.322267573696145
47.85632653061224
48.36716553287982
48.901224489795915
49.43528344671202
49.99256235827664
50.50340136054422
51.037460317460315
51.54829931972789
52.082358276643994
52.61641723356009
53.173696145124715
53.68453514739229
54.19537414965986
54.77587301587302
55.28671201814059
55.797551020408164
56.33160997732426
56.86566893424036
57.42294784580499
57.933786848072565
58.46784580498866
59.00190476190476
59.512743764172335
60.04680272108843
60.58086167800454
61.11492063492064
61.648979591836735
62.15981859410431
62.69387755102041
63.25115646258504
63.76199546485261
64.2960544217687
64.83011337868481
65.36417233560091
65.89823129251701
66.40907029478458
66.94312925170068
67.5004081632653
68.0344671201814
68.5685260770975
69.12580498866213
69.6366439909297
70.17070294784581
70.68154195011338
71.21560090702948
71.74965986394558
72.26049886621315
72.81777777777778
73.35183673469388
73.86267573696145
74.39673469387755
74.93079365079365
75.46485260770974
75.99891156462586
76.50975056689343
77.020589569161
77.53142857142858
78.0887074829932
78.64598639455782
79.18004535147392
79.71410430839002
80.24816326530612
80.78222222222222
81.29306122448979
81.8271201814059
82.361179138322
82.91845804988662
83.4292970521542
83.9633560090703
84.4974149659864
85.03147392290249
85.54231292517007
86.07637188208616
86.61043083900226
87.1677097505669
87.67854875283447
88.18938775510205
88.74666666666667
89.28072562358277
89.74512471655329
90.30240362811791
90.85968253968254
91.39374149659864
91.92780045351473
92.46185941043083
92.99591836734695
93.55319727891157
94.06403628117914
94.59809523809524
95.13215419501134
95.64299319727891
96.17705215419501
96.68789115646258
97.22195011337868
97.75600907029478
98.29006802721088
98.82412698412699
99.35818594104309
99.89224489795919
100.40308390022676
100.93714285714286
101.47120181405896
102.00526077097506
102.53931972789115
103.05015873015873
103.60743764172335
104.14149659863945
104.67555555555556
105.18639455782314
105.72045351473923
106.25451247165533
106.78857142857143
107.32263038548753
107.85668934240363
108.3675283446712
108.9015873015873
109.4356462585034
109.9697052154195
110.50376417233561
111.0378231292517
111.5718820861678
112.1059410430839
112.64
113.1740589569161
113.68489795918367
114.21895691609977
114.7762358276644
115.28707482993197
115.82113378684807
116.35519274376418
116.88925170068028
117.42331065759637
117.93414965986395
118.46820861678005
119.02548752834467
119.53632653061224
120.07038548752834
120.60444444444444
121.13850340136054
121.67256235827665
122.20662131519275
122.71746031746032
123.25151927437642
123.78557823129252
124.31963718820862
124.85369614512472
125.36453514739229
125.89859410430839
126.43265306122449
126.96671201814058
127.47755102040816
128.03482993197278
128.5688888888889
129.10294784580498
129.61378684807255
130.14784580498866
130.68190476190478
131.21596371882086
131.75002267573697
132.26086167800455
132.79492063492063
133.32897959183674
133.86303854875283
134.39709750566894
134.93115646258502
135.46521541950113
135.99927437641725
136.53333333333333
137.0441723356009
137.57823129251702
