0.3947392290249433
0.7198185941043084
1.0448979591836736
1.3699773242630386
1.7182766439909296
2.043356009070295
2.36843537414966
2.693514739229025
3.01859410430839
3.320453514739229
3.645532879818594
3.9706122448979593
4.295691609977324
4.620770975056689
4.96907029478458
5.294149659863946
5.61922902494331
5.944308390022676
6.292607709750567
6.617687074829932
6.942766439909297
7.244625850340136
7.569705215419501
7.918004535147392
8.243083900226758
8.568163265306122
8.870022675736962
9.195102040816327
9.520181405895691
9.822040816326531
10.147120181405896
10.47219954648526
10.797278911564625
11.099138321995465
11.42421768707483
11.749297052154194
12.07437641723356
12.399455782312925
12.701315192743763
13.02639455782313
13.351473922902494
13.676553287981859
14.001632653061224
14.303492063492063
14.628571428571428
14.953650793650795
15.27873015873016
15.580589569160997
15.905668934240364
16.23074829931973
16.555827664399093
16.857687074829933
17.159546485260773
17.484625850340137
17.809705215419502
18.134784580498867
18.436643990929706
18.738503401360543
19.086802721088436
19.4118820861678
19.71374149659864
20.01560090702948
20.36390022675737
20.688979591836734
21.0140589569161
21.31591836734694
21.640997732426303
21.966077097505668
22.267936507936508
22.569795918367348
22.918095238095237
23.2431746031746
23.54503401360544
23.84689342403628
24.19519274376417
24.52027210884354
24.845351473922904
25.14721088435374
25.472290249433108
25.797369614512473
26.122448979591837
26.447528344671202
26.772607709750567
27.09768707482993
27.39954648526077
27.724625850340136
28.026485260770976
28.35156462585034
28.676643990929705
29.00172335600907
29.326802721088434
29.628662131519274
29.930521541950114
30.25560090702948
30.580680272108843
30.882539682539683
31.207619047619048
31.509478458049887
31.857777777777777
32.182857142857145
32.48471655328798
32.80979591836735
33.13487528344671
33.436734693877554
33.761814058956915
34.06367346938776
34.38875283446712
34.71383219954649
35.015691609977324
35.34077097505669
35.66585034013605
35.99092970521542
36.29278911564626
36.617868480725626
36.94294784580499
37.268027210884355
37.56988662131519
37.89496598639456
38.196825396825396
38.521904761904764
38.846984126984125
39.172063492063494
39.497142857142855
39.7990022675737
40.12408163265306
40.4259410430839
40.751020408163264
41.05287981859411
41.35473922902494
41.67981859410431
42.00489795918367
42.32997732426304
42.63183673469388
42.956916099773245
43.281995464852606
43.607074829931975
43.90893424036281
44.23401360544218
44.55909297052154
44.88417233560091
45.186031746031745
45.48789115646259
45.81297052154195
46.13804988662132
46.46312925170068
46.76498866213152
47.09006802721088
47.41514739229025
47.74022675736961
48.06530612244898
48.39038548752834
48.71546485260771
49.04054421768708
49.342403628117914
49.64426303854875
49.96934240362812
50.29442176870748
50.61950113378685
50.944580498866216
51.26965986394558
51.57151927437642
51.89659863945578
52.19845804988662
52.523537414965986
52.848616780045354
53.173696145124715
53.47555555555556
53.80063492063492
54.12571428571429
54.45079365079365
54.77587301587302
55.10095238095238
55.42603174603175
55.75111111111111
56.076190476190476
56.37804988662131
56.70312925170068
57.02820861678005
57.330068027210885
57.655147392290246
57.980226757369614
58.28208616780045
58.63038548752834
58.95546485260771
59.28054421768707
59.582403628117916
59.90748299319728
60.20934240362812
60.53442176870748
60.85950113378685
61.18458049886621
61.486439909297054
61.811519274376415
62.136598639455784
62.461678004535145
62.76353741496599
63.08861678004535
63.41369614512472
63.73877551020408
64.04063492063491
64.38893424036281
64.71401360544218
65.03909297052154
65.34095238095239
65.66603174603175
65.99111111111111
66.31619047619047
66.61804988662132
66.94312925170068
67.26820861678004
67.5932879818594
67.89514739229026
68.24344671201814
68.5685260770975
68.89360544217688
69.19546485260771
69.5437641723356
69.86884353741496
70.19392290249434
70.49578231292517
70.82086167800453
71.12272108843537
71.47102040816327
71.79609977324263
72.14439909297052
72.44625850340137
72.77133786848073
73.07319727891156
73.42149659863945
73.74657596371883
74.07165532879819
74.37351473922902
74.72181405895692
75.04689342403628
75.34875283446712
75.65061224489796
75.99891156462586
76.32399092970522
76.64907029478458
76.95092970521542
77.27600907029479
77.60108843537415
77.92616780045351
78.22802721088435
78.55310657596372
78.87818594104309
79.20326530612245
79.52834467120181
79.87664399092971
80.20172335600907
80.5035827664399
80.80544217687074
81.13052154195012
81.45560090702948
81.75746031746031
82.08253968253969
82.43083900226758
82.75591836734694
83.0809977324263
83.38285714285715
83.70793650793651
84.03301587301587
84.3348752834467
84.65995464852608
85.00825396825397
85.3101133786848
85.63519274376418
85.93705215419502
86.2853514739229
86.61043083900226
86.91229024943311
87.23736961451247
87.56244897959184
87.8875283446712
88.21260770975057
88.51446712018141
88.83954648526077
89.16462585034013
89.51292517006803
89.83800453514739
90.16308390022675
90.4649433106576
90.79002267573696
91.0918820861678
91.41696145124716
91.74204081632654
92.0671201814059
92.39219954648526
92.74049886621316
93.06557823129252
93.36743764172336
93.69251700680272
94.01759637188209
94.34267573696145
94.64453514739229
94.96961451247165
95.29469387755103
95.61977324263039
95.94485260770975
96.26993197278911
96.59501133786848
96.92009070294785
97.2451700680272
97.54702947845804
97.87210884353742
98.19718820861678
98.52226757369614
98.82412698412699
99.14920634920635
99.49750566893424
99.8225850340136
100.14766439909297
100.47274376417234
100.77460317460317
101.09968253968253
101.40154195011338
101.72662131519274
102.0517006802721
102.35356009070294
102.67863945578232
103.00371882086168
103.32879818594104
103.63065759637188
103.93251700680273
104.25759637188209
104.60589569160997
104.93097505668935
105.23283446712018
105.55791383219955
105.8829931972789
106.20807256235828
106.50993197278912
106.81179138321995
107.13687074829932
107.46195011337869
107.81024943310658
108.15854875283446
108.50684807256236
108.83192743764172
109.15700680272109
109.48208616780046
109.83038548752835
110.13224489795918
110.43410430839002
110.73596371882086
111.0378231292517
111.33968253968254
111.64154195011338
111.96662131519274
112.29170068027211
112.59356009070295
112.89541950113379
113.22049886621315
113.52235827664398
113.82421768707484
114.12607709750567
114.45115646258503
114.75301587301587
115.0548752834467
115.37995464852608
115.70503401360544
116.00689342403628
116.30875283446711
116.65705215419501
117.0053514739229
117.3536507936508
117.67873015873016
118.00380952380952
118.32888888888888
118.63074829931973
118.9558276643991
119.28090702947846
119.58276643990929
119.90784580498867
120.2097052154195
120.53478458049887
120.8366439909297
121.13850340136054
121.46358276643991
121.76544217687075
122.09052154195011
122.39238095238095
122.71746031746032
123.04253968253968
123.36761904761904
123.66947845804988
123.97133786848073
124.27319727891157
124.59827664399093
124.92335600907029
125.24843537414966
125.5502947845805
125.85215419501134
126.1772335600907
126.50231292517007
126.80417233560091
127.12925170068027
127.43111111111111
127.75619047619048
128.08126984126983
128.4063492063492
128.70820861678004
129.01006802721088
129.3119274376417
129.6370068027211
129.93886621315193
130.2639455782313
130.58902494331065
130.89088435374148
131.19274376417235
131.5178231292517
131.84290249433107
132.1447619047619
132.46984126984128
132.77170068027212
133.07356009070295
133.3986394557823
133.70049886621314
134.0255782312925
134.3506575963719
134.65251700680273
134.9775963718821
135.27945578231294
135.58131519274377
135.90639455782312
136.20825396825396
136.53333333333333
136.83519274376417
137.16027210884354
137.46213151927438
137.78721088435375
138.1122902494331
138.41414965986394
138.71600907029477
139.0178684807256
139.34294784580499
139.66802721088436
139.9931065759637
140.29496598639454
140.5968253968254
140.89868480725625
141.2237641723356
141.54884353741497
141.8507029478458
142.17578231292518
142.52408163265306
142.84916099773244
143.15102040816328
143.4528798185941
143.77795918367346
144.10303854875283
144.4281179138322
144.72997732426305
145.07827664399093
145.4033560090703
145.70521541950114
146.0302947845805
146.35537414965987
146.68045351473924
146.98231292517008
147.30739229024942
147.6324716553288
147.95755102040818
148.259410430839
148.56126984126985
148.8863492063492
149.18820861678006
149.5132879818594
149.83836734693878
150.14022675736962
150.465306122449
150.79038548752834
151.09224489795918
151.41732426303855
151.74240362811793
152.04426303854876
152.3693424036281
152.69442176870749
152.99628117913832
153.3213605442177
153.64643990929704
153.97151927437642
154.2965986394558
154.59845804988663
154.92353741496598
155.24861678004535
155.5504761904762
155.87555555555556
156.2006349206349
156.50249433106575
156.82757369614512
157.1526530612245
157.47773242630385
157.80281179138322
158.10467120181406
158.45297052154194
158.77804988662132
159.07990929705215
159.40498866213153
159.73006802721088
160.05514739229025
160.38022675736963
160.68208616780046
161.0071655328798
161.33224489795919
161.65732426303856
161.9591836734694
162.28426303854874
162.60934240362812
162.91120181405896
163.2130612244898
163.53814058956917
163.84
164.16507936507938
164.49015873015873
164.8152380952381
165.14031746031745
165.4421768707483
165.76725623582766
166.09233560090703
166.41741496598638
166.74249433106576
167.06757369614513
167.36943310657597
167.69451247165532
167.99637188208618
168.34467120181407
168.6697505668934
168.9948299319728
169.31990929705216
169.6449886621315
169.94684807256235
170.27192743764172
170.57378684807256
170.89886621315193
171.22394557823128
171.54902494331066
171.8508843537415
172.17596371882087
172.5010430839002
172.80290249433108
173.15120181405896
173.4762811791383
173.8013605442177
174.12643990929706
174.4515192743764
174.77659863945578
175.07845804988662
175.38031746031746
175.72861678004534
176.05369614512472
176.3787755102041
176.68063492063493
177.00571428571428
177.33079365079365
177.6326530612245
177.93451247165532
178.2828117913832
178.58467120181405
178.90975056689342
179.21160997732426
179.53668934240363
179.86176870748298
180.18684807256236
180.51192743764173
