1.9040362811791383
2.2755555555555556
2.647074829931973
3.01859410430839
3.3901133786848074
3.7616326530612243
4.1099319727891155
4.458231292517007
4.806530612244898
5.154829931972789
5.50312925170068
5.874648526077097
6.222947845804988
6.5712471655328795
6.942766439909297
7.314285714285714
7.662585034013605
8.010884353741497
8.359183673469389
8.70748299319728
9.032562358276644
9.380861678004536
9.729160997732427
10.077460317460318
10.425759637188209
10.7740589569161
11.122358276643991
11.470657596371883
11.818956916099774
12.167256235827665
12.515555555555556
12.863854875283447
13.212154195011339
13.56045351473923
13.908752834467121
14.257052154195012
14.605351473922903
14.953650793650795
15.301950113378684
15.650249433106575
15.998548752834466
16.370068027210884
16.741587301587302
17.08988662131519
17.41496598639456
17.740045351473924
18.06512471655329
18.390204081632653
18.715283446712018
19.086802721088436
19.458321995464853
19.82984126984127
20.224580498866214
20.572879818594103
20.921179138321996
21.269478458049885
21.640997732426303
22.01251700680272
22.38403628117914
22.732335600907028
23.08063492063492
23.405714285714286
23.754013605442175
24.102312925170068
24.450612244897957
24.79891156462585
25.14721088435374
25.495510204081633
25.843809523809522
26.16888888888889
26.51718820861678
26.865487528344673
27.237006802721087
27.608526077097505
27.980045351473922
28.35156462585034
28.676643990929705
29.00172335600907
29.30358276643991
29.628662131519274
29.930521541950114
30.25560090702948
30.55746031746032
30.859319727891158
31.184399092970523
31.509478458049887
31.811337868480727
32.13641723356009
32.43827664399093
32.74013605442177
33.065215419501136
33.36707482993197
33.69215419501134
33.99401360544218
34.29587301587301
34.59773242630386
34.89959183673469
35.20145124716553
35.50331065759637
35.828390022675734
36.1534693877551
36.45532879818594
36.75718820861678
37.05904761904762
37.36090702947846
37.68598639455782
38.01106575963719
38.31292517006803
38.61478458049886
38.93986394557823
39.2649433106576
39.566802721088436
39.8918820861678
40.19374149659864
40.518820861678
40.84390022675737
41.145759637188206
41.470839002267574
41.77269841269841
42.09777777777778
42.42285714285714
42.72471655328798
43.049795918367344
43.37487528344671
43.67673469387755
43.97859410430839
44.30367346938775
44.6055328798186
44.90739229024943
45.20925170068027
45.51111111111111
45.81297052154195
46.11482993197279
46.41668934240363
46.718548752834465
47.04362811791383
47.34548752834467
47.64734693877551
47.972426303854874
48.27428571428572
48.576145124716554
48.87800453514739
49.20308390022676
49.52816326530612
49.85324263038549
50.224761904761905
50.5730612244898
50.921360544217684
51.26965986394558
51.61795918367347
51.98947845804989
52.31455782312925
52.63963718820862
52.94149659863945
53.2433560090703
53.54521541950113
53.84707482993197
54.14893424036281
54.474013605442174
54.79909297052154
55.17061224489796
55.54213151927438
55.913650793650795
56.28517006802721
56.6334693877551
56.95854875283447
57.283628117913835
57.608707482993196
57.95700680272109
58.30530612244898
58.65360544217687
59.025124716553286
59.37342403628118
59.72172335600907
60.04680272108843
60.3718820861678
60.69696145124716
61.02204081632653
61.39356009070295
61.765079365079366
62.136598639455784
62.5081179138322
62.87963718820862
63.25115646258504
63.622675736961455
63.947755102040816
64.2960544217687
64.62113378684808
64.96943310657596
65.29451247165532
65.64281179138322
65.96789115646258
66.29297052154195
66.61804988662132
66.98956916099773
67.36108843537414
67.73260770975057
68.08090702947845
68.42920634920635
68.75428571428571
69.12580498866213
69.47410430839003
69.84562358276644
70.19392290249434
70.54222222222222
70.86730158730158
71.23882086167801
71.5871201814059
71.9354195011338
72.26049886621315
72.58557823129252
72.9338775510204
73.2821768707483
73.63047619047619
73.97877551020409
74.32707482993197
74.67537414965986
75.02367346938776
75.37197278911565
75.72027210884353
76.06857142857143
76.41687074829932
76.76517006802722
77.1134693877551
77.46176870748299
77.78684807256236
78.13514739229025
78.48344671201814
78.80852607709751
79.18004535147392
79.52834467120181
79.87664399092971
80.2249433106576
80.55002267573695
80.89832199546485
81.22340136054422
81.57170068027212
81.92
82.26829931972789
82.61659863945579
82.94167800453515
83.26675736961451
83.63827664399093
83.98657596371882
84.3348752834467
84.6831746031746
85.03147392290249
85.35655328798185
85.70485260770975
86.02993197278911
86.378231292517
86.7265306122449
87.07482993197279
87.42312925170069
87.77142857142857
88.09650793650793
88.44480725623583
88.79310657596372
89.1414058956916
89.51292517006803
89.86122448979592
90.18630385487528
90.53460317460318
90.88290249433106
91.20798185941042
91.55628117913832
91.90458049886621
92.25287981859411
92.601179138322
92.94947845804988
93.27455782312926
93.62285714285714
93.97115646258503
94.31945578231293
94.66775510204081
95.0160544217687
95.3643537414966
95.71265306122449
96.06095238095239
96.40925170068027
96.73433106575963
97.08263038548753
97.43092970521542
97.7792290249433
98.1275283446712
98.47582766439909
98.80090702947845
99.14920634920635
99.49750566893424
99.84580498866214
100.19410430839002
100.54240362811791
100.86748299319729
101.21578231292517
101.56408163265306
101.91238095238096
102.26068027210884
102.60897959183673
102.9340589569161
103.28235827664399
103.63065759637188
103.97895691609978
104.32725623582766
104.67555555555556
105.02385487528345
105.34893424036281
105.69723356009071
106.0455328798186
106.39383219954648
106.74213151927438
107.09043083900227
107.43873015873015
107.76380952380953
108.11210884353741
108.4604081632653
108.8087074829932
109.15700680272109
109.50530612244899
109.85360544217687
110.20190476190476
110.52698412698413
110.87528344671202
111.2235827664399
111.59510204081633
111.94340136054421
112.29170068027211
112.64
112.96507936507936
113.31337868480726
113.66167800453515
114.00997732426303
114.35827664399093
114.6833560090703
115.00843537414966
115.35673469387756
115.70503401360544
116.0301133786848
116.3784126984127
116.72671201814059
117.07501133786847
117.42331065759637
117.77160997732426
118.11990929705216
118.46820861678005
118.81650793650793
119.16480725623583
119.4898866213152
119.83818594104308
120.18648526077098
120.53478458049887
120.85986394557823
121.23138321995465
121.57968253968254
121.92798185941044
122.2530612244898
122.60136054421768
122.92643990929706
123.29795918367347
123.64625850340136
123.99455782312926
124.34285714285714
124.69115646258503
125.03945578231293
125.38775510204081
125.73605442176871
126.0843537414966
126.40943310657596
126.75773242630386
127.08281179138322
127.45433106575963
127.80263038548753
128.15092970521542
128.4992290249433
128.8475283446712
129.1958276643991
129.544126984127
129.86920634920634
130.24072562358276
130.58902494331065
130.93732426303856
131.2624036281179
131.6107029478458
131.9590022675737
132.3073015873016
132.65560090702948
133.00390022675737
133.35219954648525
133.70049886621314
134.04879818594105
134.39709750566894
134.74539682539682
135.0936961451247
135.4419954648526
135.7902947845805
136.1385941043084
136.48689342403628
136.83519274376417
137.18349206349205
137.53179138321997
137.90331065759636
138.25160997732425
138.59990929705216
138.94820861678005
139.29650793650794
139.64480725623582
139.9931065759637
140.34140589569162
140.6897052154195
141.0380045351474
141.38630385487528
141.73460317460317
142.08290249433108
142.43120181405897
142.77950113378685
143.12780045351474
143.47609977324262
143.8243990929705
144.17269841269842
144.5209977324263
144.8692970521542
145.21759637188208
145.56589569160997
145.91419501133788
146.28571428571428
146.61079365079365
146.98231292517008
147.30739229024942
147.67891156462585
148.02721088435374
148.37551020408162
148.72380952380954
149.07210884353742
149.4204081632653
149.7687074829932
150.09378684807257
150.465306122449
150.81360544217688
151.16190476190476
151.51020408163265
151.85850340136054
152.20680272108842
152.55510204081634
152.90340136054422
153.2517006802721
153.57678004535148
153.92507936507937
154.27337868480726
154.62167800453514
154.96997732426303
155.31827664399094
155.66657596371883
156.0148752834467
156.3399546485261
156.71147392290248
157.0597732426304
157.40807256235829
157.77959183673468
158.10467120181406
158.45297052154194
158.80126984126983
159.1263492063492
159.4746485260771
159.79972789115646
160.14802721088435
160.49632653061224
160.84462585034012
161.1697052154195
161.51800453514738
161.84308390022676
162.19138321995464
162.51646258503402
162.8647619047619
163.2130612244898
163.56136054421768
163.9096598639456
164.23473922902494
164.5598185941043
164.9081179138322
165.2564172335601
165.60471655328797
165.92979591836735
166.27809523809523
166.62639455782312
166.9514739229025
167.29977324263038
167.6712925170068
167.99637188208618
168.34467120181407
168.6697505668934
169.01804988662133
169.3663492063492
169.7146485260771
170.03972789115647
170.38802721088436
170.73632653061225
171.08462585034013
171.4097052154195
171.7580045351474
172.10630385487528
172.43138321995465
172.756462585034
173.10476190476192
173.4530612244898
173.8013605442177
174.14965986394557
174.49795918367346
174.84625850340137
175.17133786848072
175.4964172335601
175.84471655328798
176.19301587301587
176.51809523809524
176.86639455782313
177.214693877551
177.5629931972789
177.9112925170068
178.2595918367347
178.60789115646259
178.93297052154196
179.2580498866213
179.6063492063492
179.9546485260771
180.302947845805
180.65124716553288
180.97632653061225
181.32462585034014
181.6497052154195
181.9980045351474
182.3463038548753
182.67138321995463
183.01968253968255
183.3447619047619
183.6930612244898
184.01814058956916
184.36643990929704
184.71473922902496
185.06303854875284
185.3881179138322
185.7364172335601
186.06149659863945
186.40979591836734
186.7348752834467
187.0599546485261
187.40825396825397
187.73333333333332
188.08163265306123
188.42993197278912
188.75501133786847
189.08009070294784
189.40517006802722
189.7534693877551
190.07854875283448
190.40362811791383
190.7287074829932
191.0770068027211
191.37886621315192
191.7271655328798
192.07546485260772
192.4237641723356
192.74884353741496
193.09714285714287
193.44544217687076
193.7705215419501
194.11882086167802
194.44390022675736
194.76897959183674
195.11727891156463
195.442358276644
195.76743764172335
196.09251700680272
196.4408163265306
196.76589569160998
197.09097505668933
197.43927437641725
197.7643537414966
198.08943310657597
198.43773242630385
198.78603174603174
199.13433106575962
199.459410430839
199.8077097505669
200.13278911564626
200.48108843537415
200.82938775510203
201.1544671201814
201.5027664399093
201.82784580498867
202.17614512471656
202.52444444444444
202.87274376417233
203.2210430839002
203.56934240362813
203.917641723356
204.2659410430839
204.59102040816327
204.93931972789116
205.28761904761905
205.61269841269842
205.9609977324263
206.28607709750568
206.63437641723357
206.98267573696145
207.33097505668934
207.67927437641723
208.0275736961451
208.37587301587303
208.70095238095237
209.04925170068026
209.39755102040817
209.74585034013606
210.09414965986394
210.44244897959183
210.79074829931972
211.1158276643991
211.46412698412698
211.81242630385486
212.16072562358278
212.53224489795917
212.8805442176871
213.22884353741497
213.55392290249432
213.92544217687075
214.27374149659863
214.64526077097506
214.97034013605443
215.31863945578232
215.6669387755102
216.0152380952381
216.34031746031746
216.68861678004535
217.03691609977324
217.38521541950112
217.73351473922904
218.08181405895692
218.40689342403627
218.75519274376418
219.10349206349207
219.4750113378685
219.80009070294784
220.14839002267573
220.49668934240364
220.84498866213153
221.1932879818594
221.5415873015873
221.86666666666667
222.21496598639456
222.58648526077098
222.93478458049887
223.28308390022676
223.63138321995464
223.97968253968253
224.32798185941044
224.67628117913833
225.02458049886621
225.3728798185941
225.721179138322
226.04625850340136
226.39455782312925
226.74285714285713
227.11437641723356
227.46267573696144
227.81097505668933
228.15927437641724
228.53079365079364
228.87909297052155
229.22739229024944
229.57569160997733
229.9239909297052
230.2490702947846
230.59736961451247
230.94566893424036
231.29396825396825
231.64226757369613
231.99056689342405
232.33886621315193
232.68716553287982
233.0354648526077
233.40698412698413
233.7320634920635
234.0803628117914
234.42866213151927
234.77696145124716
235.12526077097505
235.49678004535147
235.82185941043085
236.17015873015873
236.51845804988662
236.8667573696145
237.23827664399093
237.58657596371881
237.9116553287982
238.28317460317461
238.6314739229025
238.9797732426304
239.32807256235827
239.67637188208616
240.02467120181407
240.37297052154196
240.6980498866213
241.04634920634922
241.3946485260771
241.742947845805
242.09124716553288
242.43954648526076
242.76462585034014
243.11292517006802
243.48444444444445
243.83274376417233
244.18104308390022
244.5293424036281
244.87764172335602
245.20272108843537
245.52780045351474
245.87609977324263
246.22439909297051
246.5726984126984
246.92099773242631
247.2692970521542
247.6175963718821
247.94267573696146
248.2677551020408
248.6160544217687
248.9643537414966
249.3126530612245
249.66095238095238
249.98603174603176
250.33433106575964
250.68263038548753
251.0077097505669
251.3560090702948
251.68108843537414
252.02938775510205
252.37768707482994
252.7027664399093
253.0510657596372
253.39936507936508
253.72444444444446
254.07274376417234
254.42104308390023
254.76934240362812
255.0944217687075
255.44272108843538
255.79102040816326
256.1393197278912
256.4643990929705
256.8126984126984
257.1609977324263
257.48607709750564
257.83437641723356
258.18267573696147
258.53097505668933
258.8560544217687
259.1811337868481
259.52943310657594
259.87773242630385
260.2028117913832
260.5743310657596
260.92263038548754
261.2709297052154
261.59600907029477
261.92108843537414
262.26938775510206
262.5944671201814
262.9427664399093
263.2910657596372
263.63936507936506
263.987664399093
264.33596371882084
264.6610430839002
265.0093424036281
265.357641723356
265.7059410430839
266.0310204081633
266.37931972789113
266.7043990929705
267.0526984126984
267.3777777777778
267.7492970521542
268.0975963718821
268.4226757369614
268.77097505668934
269.0960544217687
269.44435374149657
269.7926530612245
270.1409523809524
270.4660317460318
270.81433106575963
271.139410430839
271.4644897959184
271.81278911564624
272.16108843537415
272.48616780045353
272.8112471655329
273.15954648526076
273.5078458049887
273.83292517006805
274.15800453514737
274.5063038548753
274.8546031746032
275.1796825396825
275.5047619047619
275.8530612244898
276.1781405895692
276.5032199546485
276.8282993197279
277.19981859410433
277.50167800453517
277.82675736961454
278.15183673469386
278.5001360544218
278.8484353741497
279.173514739229
279.5218140589569
279.87011337868483
280.19519274376415
280.5202721088435
280.8453514739229
281.1936507936508
281.5419501133787
281.86702947845805
282.1921088435374
282.5171882086168
282.8422675736961
283.1673469387755
283.5156462585034
283.8407256235828
284.18902494331064
284.51410430839
284.8391836734694
285.16426303854877
285.5125623582766
285.837641723356
286.1627210884354
286.5110204081633
286.85931972789115
287.1843990929705
287.5094784580499
287.85777777777776
288.20607709750567
288.5543764172336
288.8794557823129
289.2277551020408
289.57605442176873
289.9243537414966
290.24943310657596
290.5977324263039
290.94603174603174
291.29433106575965
291.6426303854875
291.9677097505669
292.3160090702948
292.66430839002265
293.01260770975057
293.3609070294785
293.70920634920634
294.05750566893425
294.38258503401363
294.7308843537415
295.0791836734694
295.4042630385488
295.75256235827663
296.1240816326531
296.47238095238095
296.82068027210886
297.1689795918367
297.51727891156463
297.86557823129255
298.23709750566894
298.51573696145124
298.8872562358277
299.2587755102041
299.5606349206349
299.8857142857143
300.23401360544216
300.5823129251701
301.00027210884355
301.3485714285714
301.72009070294786
302.09160997732425
302.4863492063492
302.8346485260771
303.18294784580496
303.5312471655329
303.8795464852608
304.22784580498865
304.57614512471656
304.94766439909296
305.3424036281179
305.6907029478458
306.0157823129252
306.36408163265304
306.71238095238095
307.06068027210887
307.4089795918367
307.7804988662132
308.12879818594104
308.47709750566895
308.8253968253968
309.1736961451247
309.5219954648526
309.8702947845805
310.2185941043084
310.56689342403627
310.9151927437642
311.26349206349204
311.61179138321995
311.96009070294787
312.3083900226757
312.65668934240364
312.981768707483
313.33006802721087
313.6783673469388
314.02666666666664
314.351746031746
314.70004535147393
315.0483446712018
315.37342403628116
315.69850340136054
316.04680272108845
316.3951020408163
316.7434013605442
317.0917006802721
317.44
317.7650793650794
318.11337868480723
318.4384580498866
318.7867573696145
319.1118367346939
319.46013605442175
319.7852154195011
320.1102947845805
320.4585941043084
320.8068934240363
321.13197278911565
321.50349206349205
321.85179138321996
322.2000907029478
322.54839002267573
322.89668934240365
323.2449886621315
323.5932879818594
323.9183673469388
324.26666666666665
324.591746031746
324.9632653061224
325.2883446712018
325.6366439909297
325.9617233560091
326.31002267573695
326.65832199546486
327.0066213151927
327.3317006802721
327.68
328.0050793650794
328.35337868480724
328.70167800453515
329.02675736961453
329.3518367346939
329.70013605442176
330.0484353741497
330.39673469387753
330.7218140589569
331.0468934240363
331.37197278911566
331.7202721088435
332.06857142857143
332.41687074829935
332.7651700680272
333.0902494331066
333.41532879818595
333.78684807256235
334.13514739229026
334.4834467120181
334.83174603174604
335.18004535147395
335.55156462585035
335.8998639455782
336.2481632653061
336.6196825396825
336.96798185941043
337.3395011337868
337.68780045351474
338.03609977324265
338.3843990929705
338.75591836734696
339.0809977324263
339.4292970521542
339.7775963718821
340.12589569160997
340.4741950113379
340.8457142857143
341.17079365079366
341.51909297052157
341.8673922902494
342.21569160997734
342.5639909297052
342.9122902494331
343.2373696145125
343.58566893424035
343.93396825396826
344.30548752834466
344.65378684807257
345.0020861678004
345.35038548752834
345.69868480725626
346.0469841269841
346.395283446712
346.7435827664399
347.0918820861678
347.4401814058957
347.8117006802721
348.16
348.5082993197279
348.8565986394558
349.20489795918365
349.55319727891157
349.92471655328796
350.2730158730159
350.62131519274374
350.96961451247165
351.31791383219957
351.6662131519274
352.01451247165534
352.3628117913832
352.7111111111111
353.0361904761905
353.38448979591834
353.73278911564626
354.08108843537417
354.429387755102
354.77768707482994
355.1259863945578
355.4742857142857
355.8458049886621
356.19410430839
356.54240362811794
356.86748299319726
357.2390022675737
357.5640816326531
357.8891609977324
358.2839002267574
358.6554195011338
359.0269387755102
359.3752380952381
359.72353741496596
360.0718367346939
360.4201360544218
360.7916553287982
361.1399546485261
361.48825396825396
361.83655328798187
362.20807256235827
362.5563718820862
362.9278911564626
363.2761904761905
363.62448979591835
363.9960090702948
364.34430839002266
364.7158276643991
365.064126984127
365.4124263038549
365.7839455782313
366.1322448979592
366.48054421768705
366.8520634920635
367.20036281179136
367.5486621315193
367.8969614512472
368.24526077097505
368.61678004535145
368.9882993197279
369.33659863945576
369.6848979591837
370.0331972789116
370.404716553288
370.7530158730159
371.1245351473923
371.4728344671202
371.8443537414966
372.19265306122446
372.5409523809524
372.8892517006803
373.2607709750567
373.6090702947846
373.980589569161
374.3288888888889
374.7004081632653
375.0487074829932
375.4202267573696
375.76852607709753
376.1168253968254
376.4883446712018
376.85986394557824
377.2081632653061
377.556462585034
377.9047619047619
378.2762811791383
378.62458049886624
378.99609977324263
379.36761904761903
379.76235827664397
380.1338775510204
380.52861678004535
380.90013605442175
381.2252154195011
381.5502947845805
381.8985941043084
382.2701133786848
382.6416326530612
382.9899319727891
383.338231292517
383.70975056689343
384.10448979591837
384.4992290249433
384.8243083900227
385.1726077097506
385.4976870748299
385.86920634920637
386.24072562358276
386.61224489795916
386.91410430839
387.2159637188209
387.5178231292517
387.84290249433104
388.1447619047619
388.4466213151928
388.7717006802721
389.05034013605444
389.37541950113376
389.7469387755102
390.1184580498866
390.48997732426307
390.7918367346939
391.1633560090703
391.55809523809523
391.92961451247163
392.254693877551
392.6029931972789
392.9512925170068
393.2995918367347
393.6478911564626
393.94975056689344
394.2516099773243
394.5534693877551
394.85532879818595
395.2036281179138
395.5519274376417
395.9234467120181
396.27174603174603
396.5968253968254
396.94512471655327
397.3166439909297
397.6649433106576
398.0132426303855
398.3847619047619
398.75628117913834
399.12780045351474
399.49931972789113
399.8243990929705
400.19591836734696
400.56743764172336
400.9157369614513
401.2175963718821
401.5426757369614
401.89097505668934
402.23927437641726
402.5875736961451
402.935873015873
403.2609523809524
403.60925170068026
403.9575510204082
404.30585034013603
404.65414965986395
404.9792290249433
405.3043083900227
405.65260770975055
406.024126984127
406.3956462585034
406.7207256235828
407.0225850340136
407.32444444444445
407.6727437641723
407.9978231292517
408.3461224489796
408.69442176870746
409.01950113378683
409.3445804988662
409.6696598639456
409.9715192743764
410.2965986394558
410.64489795918365
410.99319727891157
411.3414965986395
411.68979591836734
412.0148752834467
412.3631746031746
412.734693877551
413.08299319727894
413.4312925170068
413.75637188208617
414.1046712018141
414.45297052154194
414.80126984126986
415.1495691609977
415.45142857142855
415.7532879818594
416.12480725623584
416.5195464852608
416.8910657596372
417.192925170068
417.5412244897959
417.88952380952384
418.26104308390023
418.63256235827663
418.98086167800454
419.3291609977324
419.6774603174603
420.02575963718823
420.3740589569161
420.722358276644
421.07065759637186
421.4189569160998
421.7672562358277
422.11555555555555
422.4406349206349
422.78893424036283
423.1372335600907
423.4855328798186
423.83383219954646
424.15891156462584
424.50721088435375
424.8555102040816
425.2038095238095
425.55210884353744
425.9004081632653
426.2487074829932
426.59700680272107
426.945306122449
427.2936054421769
427.64190476190475
428.01342403628115
428.36172335600907
428.73324263038546
429.1047619047619
429.4530612244898
429.8013605442177
430.1496598639456
430.49795918367346
430.8462585034014
431.19455782312923
431.54285714285714
431.89115646258506
432.2394557823129
432.58775510204083
432.9128344671202
433.26113378684806
433.609433106576
433.95773242630383
434.30603174603175
434.65433106575966
435.0026303854875
435.35092970521544
435.6760090702948
436.02430839002267
436.3726077097506
436.72090702947844
437.06920634920635
437.39428571428573
437.7425850340136
438.0908843537415
438.4391836734694
438.7874829931973
439.15900226757367
439.5305215419501
439.9020408163265
440.273560090703
440.64507936507937
441.01659863945576
441.3184580498866
441.6667573696145
442.01505668934243
442.3633560090703
442.7116553287982
443.0367346938776
443.38503401360543
443.73333333333335
444.10485260770974
444.4067120181406
444.7085714285714
445.0336507936508
445.3819501133787
445.73024943310656
446.0785487528345
446.40362811791385
446.7519274376417
447.1002267573696
447.4485260770975
447.7968253968254
448.09868480725623
448.37732426303853
448.67918367346937
449.0274829931973
449.3757823129252
449.72408163265305
450.07238095238097
450.39746031746034
450.7457596371882
451.0940589569161
451.442358276644
451.76743764172335
452.11573696145126
452.4640362811791
452.81233560090703
453.1374149659864
453.48571428571427
453.8340136054422
454.1823129251701
454.53061224489795
454.87891156462587
455.2272108843537
455.57551020408164
455.9238095238095
456.2721088435374
456.6204081632653
456.9687074829932
457.29378684807256
457.64208616780047
457.99038548752833
458.33868480725624
458.6637641723356
459.0120634920635
459.3603628117914
459.70866213151925
460.0337414965986
460.38204081632654
460.7303401360544
461.0786394557823
461.4269387755102
461.75201814058954
462.10031746031746
462.44861678004537
462.7736961451247
463.1219954648526
463.4702947845805
463.7953741496599
464.14367346938775
464.49197278911566
464.8402721088435
465.1653514739229
465.5136507936508
465.86195011337867
466.2102494331066
466.55854875283444
466.90684807256235
467.25514739229027
467.6034467120181
467.95174603174604
468.2768253968254
468.6251247165533
468.9734240362812
469.32172335600904
469.67002267573696
470.0183219954649
470.3434013605442
470.6917006802721
471.04
471.36507936507934
471.7365986394558
472.08489795918365
472.43319727891156
472.75827664399094
473.12979591836734
473.47809523809525
473.8263945578231
474.174693877551
474.4997732426304
474.84807256235825
475.19637188208617
475.5446712018141
475.89297052154194
476.24126984126985
476.61278911564625
476.96108843537417
477.309387755102
477.65768707482994
478.02920634920633
478.3542857142857
478.7025850340136
479.0508843537415
479.3991836734694
479.74748299319725
480.09578231292517
480.42086167800454
480.79238095238094
481.1174603174603
481.4657596371882
481.8140589569161
482.162358276644
482.4874376417234
482.83573696145123
483.18403628117915
483.532335600907
483.8806349206349
484.22893424036283
484.5772335600907
484.9255328798186
485.250612244898
485.59891156462584
485.9239909297052
486.2722902494331
486.620589569161
486.99210884353744
487.31718820861676
487.6887074829932
488.0137868480726
488.36208616780044
488.71038548752836
489.0586848072562
489.3837641723356
489.7320634920635
490.08036281179136
490.4286621315193
490.7769614512472
491.12526077097505
491.47356009070296
491.8218594104308
492.17015873015873
492.51845804988665
492.88997732426304
493.23827664399096
493.5865759637188
493.93487528344673
494.2831746031746
494.6314739229025
494.9565532879819
495.30485260770973
495.6299319727891
495.978231292517
496.3033106575964
496.65160997732426
496.99990929705217
497.34820861678
497.6732879818594
498.0215873015873
498.3698866213152
498.69496598639455
499.0200453514739
499.36834467120184
499.69342403628116
500.0417233560091
500.390022675737
500.73832199546484
501.08662131519276
501.4349206349206
501.76
502.1082993197279
502.4333786848073
502.78167800453514
503.12997732426305
503.4550566893424
503.8033560090703
504.17487528344674
504.49995464852606
504.84825396825397
505.1965532879819
505.54485260770974
505.8699319727891
506.21823129251703
506.54331065759635
506.89160997732426
507.21668934240364
507.5649886621315
507.8900680272109
508.2383673469388
508.58666666666664
508.93496598639456
509.2832653061225
509.63156462585033
509.9566439909297
510.3049433106576
510.63002267573694
510.97832199546485
511.32662131519277
511.6749206349206
512.0232199546485
512.3715192743764
512.6965986394558
513.0448979591837
513.3931972789115
513.718276643991
514.0665759637188
514.3916553287982
514.7399546485261
515.088253968254
515.4365532879818
515.7848526077097
516.1331519274377
516.4814512471655
516.8065306122448
517.1548299319728
517.5031292517007
517.8514285714285
518.176507936508
518.5248072562358
518.8731065759637
519.2214058956916
519.546485260771
519.8715646258504
520.2198639455783
520.5681632653061
520.916462585034
521.2647619047619
521.5898412698413
521.9149206349207
522.2632199546485
522.6115192743764
522.9365986394558
523.2616780045352
523.609977324263
523.9350566893424
524.2833560090703
524.6316553287982
524.9567346938776
525.3050340136055
525.6301133786848
525.9551927437642
526.257052154195
526.605351473923
526.9536507936508
527.2787301587301
527.6038095238096
527.9521088435374
528.3004081632653
528.6022675736962
528.950566893424
529.2988662131519
529.6239455782313
529.9490249433106
530.2973242630386
530.6456235827665
530.9707029478458
531.2957823129252
531.6208616780045
531.9691609977324
532.2942403628118
532.6193197278911
532.967619047619
533.315918367347
533.6409977324263
533.9660770975057
534.291156462585
534.6394557823129
534.9645351473923
535.2896145124716
535.6379138321995
535.9862131519275
536.3112925170068
536.6363718820862
536.9846712018141
537.3329705215419
537.6580498866214
538.0063492063492
538.3314285714285
538.656507936508
539.0048072562358
539.3531065759637
539.6781859410431
540.026485260771
540.3980045351474
540.7463038548752
541.0946031746032
541.4429024943311
541.7912018140589
542.1395011337869
542.4878004535148
542.8360997732426
543.1843990929705
543.5094784580499
543.8577777777778
544.2060770975056
544.5543764172336
544.9026757369614
545.2509750566893
545.5760544217687
545.9243537414966
546.2494331065759
546.5977324263039
546.9460317460317
547.2943310657596
547.619410430839
547.9677097505669
548.2927891156463
548.6410884353742
548.989387755102
549.3376870748299
549.6859863945579
550.0342857142857
550.3825850340136
550.7308843537415
551.0559637188209
551.4042630385487
551.7525623582767
552.1008616780045
552.4491609977324
552.7742403628118
553.0993197278912
553.4243990929705
553.7726984126984
554.1209977324263
554.4460770975056
554.7943764172336
555.1194557823129
555.4445351473923
555.7696145124717
556.094693877551
556.442993197279
556.7680725623583
557.0931519274376
557.4414512471656
557.7665306122449
558.0916099773243
558.4399092970522
558.7649886621315
559.1132879818595
559.4383673469388
559.7866666666666
560.158185941043
560.506485260771
560.8547845804989
561.2030839002267
561.5281632653061
561.876462585034
562.2247619047619
562.5730612244898
562.8981405895692
563.246439909297
563.5715192743764
563.9198185941043
564.2448979591836
564.5931972789116
564.9414965986394
565.2897959183673
565.6148752834467
565.9863945578231
566.3114739229025
566.6597732426304
566.9848526077097
567.3331519274376
567.6814512471656
568.0297505668934
568.3548299319727
568.6799092970522
569.02820861678
569.3765079365079
569.7248072562359
570.0731065759637
570.398185941043
570.746485260771
571.0715646258503
571.3966439909298
571.7449433106576
572.0932426303855
572.4183219954649
572.7666213151928
573.0917006802721
573.44
573.7882993197279
574.1133786848072
574.4616780045352
574.8099773242631
575.1582766439909
575.4833560090703
575.8316553287982
576.1799546485261
576.5050340136055
576.8301133786848
577.1784126984127
577.5034920634921
577.8750113378685
578.2000907029478
578.5483900226758
578.8966893424036
579.2449886621315
579.5700680272109
579.9183673469388
580.2666666666667
580.5917460317461
580.9400453514739
581.2651247165533
581.6134240362812
581.9617233560091
582.310022675737
582.6351020408164
582.9834013605442
583.3317006802721
583.6567800453515
584.0050793650794
584.3533786848072
584.6784580498867
585.0267573696145
585.3750566893424
585.7233560090702
586.0716553287982
586.4199546485261
586.7450340136054
587.0701133786848
