3.5294331065759637
4.040272108843538
4.481451247165533
4.96907029478458
5.363809523809524
5.851428571428571
6.362267573696145
6.849886621315193
7.360725623582766
7.87156462585034
8.382403628117913
8.893242630385487
9.380861678004536
9.891700680272109
10.402539682539683
10.913378684807256
11.400997732426303
11.911836734693878
12.399455782312925
12.910294784580499
13.421133786848072
13.931972789115646
14.419591836734694
14.930430839002268
15.441269841269841
15.928888888888888
16.439727891156462
16.92734693877551
17.438185941043084
17.949024943310658
18.45986394557823
18.94748299319728
19.458321995464853
19.969160997732427
20.48
20.96761904761905
21.478458049886623
21.989297052154196
22.47691609977324
22.941315192743765
23.38249433106576
23.893333333333334
24.38095238095238
24.891791383219953
25.379410430839002
25.890249433106575
26.40108843537415
26.888707482993198
27.39954648526077
27.910385487528345
28.421224489795918
28.908843537414967
29.53578231292517
30.046621315192745
30.55746031746032
31.045079365079363
31.555918367346937
32.066757369614514
32.57759637188209
33.065215419501136
33.57605442176871
34.06367346938776
34.59773242630386
35.085351473922906
35.59619047619048
36.08380952380952
36.594648526077094
37.10548752834467
37.593106575963716
38.10394557823129
38.61478458049886
39.12562358276644
39.613242630385486
40.12408163265306
40.63492063492063
41.12253968253968
41.633378684807255
42.14421768707483
42.6550566893424
43.165895691609975
43.653514739229024
44.1643537414966
44.7912925170068
45.39501133786848
45.905850340136055
46.41668934240363
46.9275283446712
47.438367346938776
47.94920634920635
48.4368253968254
48.94766439909297
49.43528344671202
49.946122448979594
50.45696145124717
50.96780045351474
51.45541950113379
51.96625850340136
52.47709750566894
52.964716553287985
53.45233560090703
53.9631746031746
54.474013605442174
54.98485260770975
55.49569160997732
56.006530612244894
56.49414965986394
57.00498866213152
57.492607709750565
58.00344671201814
58.51428571428571
59.025124716553286
59.53596371882086
60.02358276643991
60.53442176870748
61.045260770975055
61.532879818594104
62.04371882086168
62.55455782312925
63.065396825396824
63.55301587301587
64.08707482993198
64.57469387755103
65.0855328798186
65.59637188208617
66.1536507936508
66.66448979591837
67.19854875283447
67.73260770975057
68.24344671201814
68.73106575963719
69.24190476190476
69.75274376417234
70.28680272108843
70.79764172335601
71.30848072562358
71.84253968253968
72.37659863945578
72.88743764172335
73.39827664399093
73.9091156462585
74.41995464852607
74.93079365079365
75.44163265306122
75.97569160997732
76.50975056689343
76.99736961451246
77.53142857142858
78.04226757369615
78.55310657596372
79.08716553287982
79.5980045351474
80.1320634920635
80.66612244897959
81.15374149659864
81.68780045351474
82.19863945578231
82.73269841269841
83.24353741496599
83.75437641723356
84.26521541950113
84.7760544217687
85.28689342403628
85.79773242630385
86.30857142857143
86.84263038548752
87.3534693877551
87.86430839002267
88.37514739229024
88.93242630385488
89.44326530612246
89.95410430839003
90.4649433106576
90.9990022675737
91.50984126984127
92.02068027210885
92.53151927437642
93.08879818594104
93.5764172335601
94.08725623582767
94.59809523809524
95.13215419501134
95.64299319727891
96.15383219954649
96.68789115646258
97.22195011337868
97.73278911564626
98.24362811791383
98.73124716553288
99.26530612244898
99.77614512471655
100.31020408163265
100.82104308390022
101.3318820861678
101.84272108843537
102.35356009070294
102.86439909297052
103.39845804988663
103.88607709750566
104.39691609977324
104.93097505668935
105.46503401360545
105.9526530612245
106.4867120181406
106.99755102040817
107.53160997732427
108.04244897959184
108.55328798185941
109.08734693877551
109.62140589569161
110.13224489795918
110.64308390022676
111.15392290249433
111.68798185941043
112.198820861678
112.68643990929705
113.22049886621315
113.75455782312925
114.2421768707483
114.7762358276644
115.26385487528344
115.82113378684807
116.30875283446711
116.81959183673469
117.3536507936508
117.8877097505669
118.37532879818595
118.90938775510205
119.3970068027211
119.90784580498867
120.41868480725624
120.92952380952381
121.44036281179139
121.95120181405896
122.46204081632654
122.97287981859411
123.48371882086168
124.01777777777778
124.50539682539683
125.0162358276644
125.5502947845805
126.0843537414966
126.57197278911565
127.08281179138322
127.5936507936508
128.1277097505669
128.63854875283448
129.14938775510205
129.66022675736963
130.1942857142857
130.70512471655329
131.21596371882086
131.70358276643992
132.237641723356
132.74848072562358
133.25931972789115
133.77015873015873
134.30421768707484
134.8150566893424
135.32589569161
135.81351473922902
136.34757369614513
136.8584126984127
137.36925170068028
137.88009070294785
138.41414965986394
138.9249886621315
139.43582766439908
139.94666666666666
140.45750566893423
140.9683446712018
141.50240362811792
142.0132426303855
142.52408163265306
143.03492063492064
143.52253968253967
144.05659863945579
144.59065759637187
145.10149659863944
145.61233560090702
146.1231746031746
146.6572335600907
147.14485260770974
147.6556916099773
148.16653061224488
148.700589569161
149.21142857142857
149.69904761904763
150.18666666666667
150.69750566893424
151.20834467120181
151.76562358276644
152.29968253968255
152.83374149659863
153.3445804988662
153.85541950113378
154.34303854875284
154.83065759637188
155.34149659863945
155.87555555555556
156.3631746031746
156.8972335600907
157.40807256235829
157.91891156462586
158.42975056689343
158.940589569161
159.42820861678004
159.9158276643991
160.42666666666668
160.8910657596372
161.40190476190477
161.91274376417235
162.42358276643992
162.9344217687075
163.42204081632653
163.9096598639456
164.42049886621317
164.93133786848074
165.4421768707483
165.9530158730159
166.44063492063492
166.97469387755103
167.46231292517007
167.97315192743764
168.46077097505668
168.9948299319728
169.48244897959182
169.99328798185942
170.504126984127
171.01496598639457
171.5025850340136
172.01342403628118
172.5010430839002
173.0118820861678
173.52272108843536
174.01034013605442
174.521179138322
175.05523809523808
175.54285714285714
176.05369614512472
176.54131519274375
177.05215419501133
177.5397732426304
178.05061224489796
178.56145124716554
179.0722902494331
179.55990929705214
180.07074829931972
180.55836734693878
181.04598639455781
181.53360544217688
182.04444444444445
182.55528344671202
183.0893424036281
183.60018140589568
184.11102040816326
184.59863945578232
185.1094784580499
185.59709750566893
186.084716553288
186.59555555555556
187.10639455782314
187.6172335600907
188.10485260770974
188.61569160997732
189.1265306122449
189.61414965986395
190.101768707483
190.61260770975056
191.10022675736963
191.6342857142857
192.12190476190477
192.6095238095238
193.14358276643992
193.6544217687075
194.14204081632653
194.6296598639456
195.11727891156463
195.6281179138322
196.13895691609977
196.67301587301588
197.18385487528346
197.69469387755103
198.18231292517007
198.69315192743764
199.1807709750567
199.69160997732428
200.20244897959185
200.69006802721088
201.20090702947846
201.71174603174603
202.19936507936507
202.71020408163264
203.2210430839002
203.7318820861678
204.2427210884354
204.73034013605442
205.241179138322
205.75201814058957
206.26285714285714
206.75047619047618
207.26131519274375
207.74893424036281
208.2597732426304
208.77061224489796
209.28145124716553
209.76907029478457
210.25668934240363
210.7675283446712
211.27836734693878
211.7659863945578
212.2768253968254
212.76444444444445
213.25206349206348
213.67002267573696
214.11120181405894
214.598820861678
215.06321995464853
215.55083900226757
215.99201814058958
216.4564172335601
216.9208163265306
217.4548752834467
217.96571428571428
218.47655328798186
218.98739229024943
219.52145124716554
220.05551020408163
220.5663492063492
221.05396825396826
221.58802721088435
222.12208616780046
222.63292517006803
223.1437641723356
223.65460317460318
224.14222222222222
224.62984126984128
225.0942403628118
225.55863945578233
226.0694784580499
226.58031746031747
227.1608163265306
227.74131519274377
228.3218140589569
228.83265306122448
229.34349206349205
229.9007709750567
230.48126984126984
231.061768707483
231.61904761904762
232.1298866213152
232.64072562358277
233.17478458049888
233.66240362811791
234.19646258503403
234.7073015873016
235.1717006802721
235.63609977324262
236.12371882086168
236.61133786848072
237.1221768707483
237.63301587301586
238.14385487528344
238.67791383219955
239.18875283446712
239.7228117913832
240.23365079365078
240.72126984126984
241.18566893424037
241.6500680272109
242.13768707482993
242.625306122449
243.13614512471656
243.6934240362812
244.27392290249432
244.85442176870748
245.3884807256236
245.92253968253968
246.4565986394558
246.99065759637188
247.50149659863945
248.01233560090702
248.54639455782313
249.0572335600907
249.56807256235828
250.10213151927437
250.58975056689343
251.1238095238095
251.6346485260771
252.14548752834466
252.67954648526077
253.21360544217688
253.72444444444446
254.23528344671203
254.90866213151926
255.44272108843538
255.95356009070295
256.48761904761903
256.9984580498866
257.5092970521542
258.0433560090703
258.55419501133787
259.06503401360544
259.575873015873
260.1099319727891
260.6207709750567
261.1548299319728
261.6656689342404
262.17650793650796
262.68734693877553
263.2214058956916
263.73224489795916
264.24308390022674
264.7539229024943
265.2879818594104
265.798820861678
266.30965986394557
266.8437188208617
267.35455782312926
267.86539682539683
268.3762358276644
268.9102947845805
269.4211337868481
269.9551927437642
270.4660317460318
270.97687074829935
271.4877097505669
272.021768707483
272.53260770975055
273.0434467120181
273.57750566893424
274.0883446712018
274.5991836734694
275.1332426303855
275.64408163265307
276.15492063492064
276.6657596371882
277.19981859410433
277.7106575963719
278.24471655328796
278.75555555555553
279.2663945578231
279.7772335600907
280.3112925170068
280.82213151927436
281.3561904761905
281.86702947845805
282.3778684807256
282.8887074829932
283.4227664399093
283.9336054421769
284.44444444444446
284.95528344671203
285.48934240362814
286.0001814058957
286.5342403628118
287.04507936507935
287.5559183673469
288.0667573696145
288.57759637188207
289.1116553287982
289.62249433106575
290.1333333333333
290.66739229024944
291.178231292517
291.7122902494331
292.2231292517007
292.75718820861675
293.2680272108843
293.80208616780044
294.312925170068
294.8469841269841
295.3578231292517
295.8918820861678
296.4027210884354
296.91356009070296
297.42439909297053
297.95845804988664
298.4460770975057
298.9336961451247
299.39809523809527
299.9321541950113
300.4197732426304
300.90739229024945
301.37179138321994
301.859410430839
302.34702947845807
302.8346485260771
303.3454875283447
303.8795464852608
304.41360544217684
304.9244444444444
305.4120634920635
305.9229024943311
306.43374149659866
306.9213605442177
