1.1377777777777778
1.6718367346938776
2.159455782312925
2.693514739229025
3.2275736961451247
3.7616326530612243
4.31891156462585
4.829750566893424
5.38702947845805
5.897868480725624
6.431927437641724
6.965986394557823
7.500045351473923
8.034104308390022
8.568163265306122
9.102222222222222
9.636281179138322
10.170340136054422
10.681179138321996
11.215238095238096
11.749297052154194
12.283356009070294
12.817414965986394
13.328253968253968
13.862312925170068
14.396371882086168
14.930430839002268
15.464489795918368
15.998548752834466
16.532607709750568
17.066666666666666
17.600725623582765
18.134784580498867
18.64562358276644
19.156462585034014
19.71374149659864
20.24780045351474
20.758639455782312
21.292698412698414
21.826757369614512
22.360816326530614
22.894875283446712
23.405714285714286
23.939773242630384
24.49705215419501
25.007891156462584
25.541950113378686
26.076009070294784
26.610068027210886
27.144126984126984
27.678185941043083
28.212244897959184
28.723083900226758
29.257142857142856
29.791201814058958
30.325260770975056
30.83609977324263
31.37015873015873
31.90421768707483
32.46149659863946
32.995555555555555
33.50639455782313
34.04045351473923
34.57451247165533
35.085351473922906
35.619410430839004
36.1534693877551
36.6875283446712
37.2215873015873
37.755646258503404
38.26648526077098
38.8237641723356
39.3578231292517
39.86866213151927
40.40272108843537
40.936780045351476
41.470839002267574
42.00489795918367
42.5621768707483
43.0962358276644
43.653514739229024
44.14113378684807
44.651972789115646
45.186031746031745
45.69687074829932
46.25414965986395
46.78820861678005
47.322267573696145
47.85632653061224
48.39038548752834
48.92444444444445
49.43528344671202
49.96934240362812
50.50340136054422
51.01424036281179
51.57151927437642
52.10557823129252
52.63963718820862
53.15047619047619
53.68453514739229
54.21859410430839
54.75265306122449
55.28671201814059
55.82077097505669
56.35482993197279
56.86566893424036
57.42294784580499
57.933786848072565
58.46784580498866
59.00190476190476
59.53596371882086
60.04680272108843
60.60408163265306
61.11492063492064
61.648979591836735
62.18303854875283
62.71709750566893
63.25115646258504
63.785215419501135
64.31927437641724
64.85333333333334
65.36417233560091
65.89823129251701
66.43229024943311
66.96634920634921
67.5004081632653
68.0344671201814
68.5685260770975
69.1025850340136
69.6366439909297
70.14748299319727
70.68154195011338
71.21560090702948
71.74965986394558
72.28371882086168
72.79455782312925
73.32861678004535
73.86267573696145
74.39673469387755
74.93079365079365
75.46485260770974
75.99891156462586
76.50975056689343
77.04380952380953
77.57786848072563
78.11192743764173
78.64598639455782
79.18004535147392
79.71410430839002
80.24816326530612
80.75900226757369
81.29306122448979
81.8271201814059
82.361179138322
82.8952380952381
83.4292970521542
83.9633560090703
84.4974149659864
85.00825396825397
85.54231292517007
86.07637188208616
86.61043083900226
87.14448979591836
87.67854875283447
88.18938775510205
88.72344671201814
89.25750566893424
89.79156462585034
90.32562358276644
90.85968253968254
91.39374149659864
91.92780045351473
92.43863945578231
92.9726984126984
93.55319727891157
94.01759637188209
94.55165532879819
95.06249433106576
95.61977324263039
96.17705215419501
96.71111111111111
97.22195011337868
97.73278911564626
98.29006802721088
98.80090702947845
99.33496598639456
99.84580498866214
100.40308390022676
100.93714285714286
101.47120181405896
101.98204081632653
102.53931972789115
103.1198185941043
103.60743764172335
104.14149659863945
104.67555555555556
105.20961451247166
105.72045351473923
106.25451247165533
106.78857142857143
107.32263038548753
107.85668934240363
108.39074829931972
108.9015873015873
109.4356462585034
109.9697052154195
110.50376417233561
111.06104308390023
111.5718820861678
112.1059410430839
112.61678004535148
113.15083900226757
113.68489795918367
114.21895691609977
114.75301587301587
115.28707482993197
115.82113378684807
116.33197278911565
116.88925170068028
117.40009070294785
117.93414965986395
118.46820861678005
119.00226757369614
119.53632653061224
120.07038548752834
120.58122448979591
121.11528344671201
121.64934240362811
122.18340136054422
122.71746031746032
123.25151927437642
123.78557823129252
124.31963718820862
124.85369614512472
125.38775510204081
125.89859410430839
126.43265306122449
126.96671201814058
127.5007709750567
128.03482993197278
128.54566893424035
129.07972789115647
129.61378684807255
130.14784580498866
130.68190476190478
131.21596371882086
131.75002267573697
132.28408163265306
132.81814058956917
133.32897959183674
133.86303854875283
134.39709750566894
134.93115646258502
135.46521541950113
135.9760544217687
136.51011337868482
137.0441723356009
137.57823129251702
138.1122902494331
138.6463492063492
139.1804081632653
139.7144671201814
140.2485260770975
140.75936507936507
141.29342403628118
141.82748299319726
142.36154195011338
142.8956009070295
143.42965986394557
143.9637188208617
144.49777777777777
145.00861678004534
