0.06965986394557823
0.6733786848072563
1.2770975056689342
1.8808163265306121
2.507755102040816
3.111473922902494
3.7151927437641725
4.342131519274377
4.9458503401360545
5.5495691609977325
6.15328798185941
6.757006802721088
7.383945578231293
8.010884353741497
8.6378231292517
9.241541950113378
9.868480725623582
10.47219954648526
11.099138321995465
11.702857142857143
12.30657596371882
12.910294784580499
13.514013605442177
14.117732426303855
14.744671201814059
15.348390022675737
15.952108843537415
16.579047619047618
17.205986394557822
17.809705215419502
18.413424036281178
19.040362811791383
19.644081632653062
20.24780045351474
20.874739229024943
21.478458049886623
22.0821768707483
22.709115646258503
23.312834467120183
23.939773242630384
24.543492063492064
25.14721088435374
25.75092970521542
26.377868480725624
26.9815873015873
27.608526077097505
28.212244897959184
28.83918367346939
29.442902494331065
30.046621315192745
30.67356009070295
31.277278911564625
31.880997732426305
32.507936507936506
33.111655328798186
33.715374149659866
34.34231292517007
34.969251700680275
35.57297052154195
36.17668934240363
36.80362811791383
37.40734693877551
38.01106575963719
38.638004535147395
39.24172335600907
39.84544217687075
40.47238095238095
41.07609977324263
41.703038548752836
42.30675736961451
42.91047619047619
43.51419501133787
44.14113378684807
44.74485260770975
45.37179138321996
45.97551020408163
46.602448979591834
47.206167800453514
47.809886621315194
48.41360544217687
49.04054421768708
49.64426303854875
50.271201814058955
50.874920634920635
51.478639455782314
52.082358276643994
52.70929705215419
53.336235827664396
53.939954648526076
54.543673469387755
55.17061224489796
55.77433106575964
56.37804988662131
56.98176870748299
57.608707482993196
58.212426303854876
58.83936507936508
59.44308390022676
60.070022675736965
60.67374149659864
61.27746031746032
61.90439909297052
62.5081179138322
63.111836734693874
63.73877551020408
64.34249433106577
64.96943310657596
65.57315192743764
66.17687074829932
66.780589569161
67.4075283446712
68.01124716553288
68.61496598639455
69.24190476190476
69.84562358276644
70.47256235827665
71.07628117913832
71.68
72.3069387755102
72.91065759637188
73.53759637188209
74.16453514739229
74.7914739229025
75.37197278911565
75.99891156462586
76.60263038548753
77.2063492063492
77.83328798185941
78.43700680272109
79.04072562358277
79.66766439909297
80.27138321995464
80.89832199546485
81.50204081632653
82.10575963718821
82.70947845804989
83.33641723356008
83.94013605442177
84.54385487528344
85.14757369614513
85.7512925170068
86.378231292517
87.00517006802721
87.60888888888888
88.21260770975057
88.83954648526077
89.44326530612246
90.04698412698413
90.67392290249433
91.27764172335601
91.88136054421769
92.48507936507937
93.11201814058957
93.71573696145124
94.34267573696145
94.94639455782313
95.57333333333334
96.17705215419501
96.78077097505668
97.4077097505669
98.01142857142857
98.61514739229025
99.24208616780045
99.84580498866214
100.47274376417234
101.07646258503401
101.6801814058957
102.28390022675737
102.91083900226758
103.51455782312925
104.14149659863945
104.74521541950114
105.34893424036281
105.9526530612245
106.57959183673469
107.18331065759637
107.81024943310658
108.41396825396825
109.04090702947846
109.64462585034013
110.24834467120182
110.87528344671202
111.47900226757369
112.1059410430839
112.70965986394557
113.31337868480726
113.94031746031746
114.54403628117913
115.14775510204082
115.77469387755102
116.3784126984127
116.98213151927438
117.60907029478459
118.21278911564626
118.83972789115646
119.44344671201814
120.04716553287982
120.6508843537415
121.2778231292517
121.88154195011337
122.48526077097506
123.11219954648526
123.71591836734694
124.34285714285714
124.94657596371881
125.5502947845805
126.1772335600907
126.78095238095239
127.40789115646258
128.01160997732427
128.61532879818594
129.24226757369615
129.8227664399093
130.4497052154195
131.0766439909297
131.68036281179138
132.28408163265306
132.91102040816327
133.51473922902494
134.14167800453515
134.74539682539682
135.3491156462585
135.9760544217687
136.57977324263038
137.2067120181406
137.81043083900227
138.41414965986394
139.0178684807256
139.64480725623582
140.2485260770975
140.8522448979592
141.45596371882087
142.08290249433108
142.70984126984126
143.31356009070294
143.94049886621315
144.54421768707482
145.14793650793652
145.7516553287982
146.35537414965987
146.98231292517008
147.60925170068026
148.21297052154196
148.81668934240363
149.44362811791385
150.04734693877552
150.6742857142857
151.2780045351474
151.88172335600908
152.5086621315193
153.11238095238096
153.71609977324263
154.34303854875284
154.94675736961452
155.5504761904762
156.1774149659864
156.8043537414966
157.40807256235829
158.01179138321996
158.63873015873017
159.24244897959184
159.84616780045351
160.47310657596373
161.0768253968254
161.68054421768707
162.30748299319728
162.91120181405896
163.51492063492063
164.14185941043084
164.7455782312925
165.37251700680272
165.9762358276644
166.57995464852607
167.20689342403628
167.81061224489795
168.41433106575963
169.04126984126984
169.6449886621315
170.27192743764172
170.8756462585034
171.47936507936507
172.10630385487528
172.71002267573695
173.31374149659865
173.94068027210884
174.5443990929705
175.17133786848072
175.7750566893424
176.3787755102041
176.98249433106577
177.60943310657598
178.21315192743765
178.84009070294783
179.44380952380953
180.07074829931972
180.67446712018142
181.2781859410431
181.88190476190476
182.50884353741498
183.11256235827665
183.71628117913832
184.34321995464853
184.9469387755102
185.57387755102042
186.1775963718821
186.78131519274376
187.40825396825397
188.01197278911565
188.61569160997732
189.219410430839
189.79990929705215
190.45006802721088
191.05378684807258
191.68072562358276
192.28444444444443
192.88816326530613
193.51510204081632
194.11882086167802
194.7225396825397
195.34947845804987
195.95319727891157
196.58013605442176
197.18385487528346
197.78757369614513
198.41451247165534
199.01823129251702
199.6219501133787
200.10956916099772
200.71328798185942
201.29378684807256
201.87428571428572
202.4780045351474
203.08172335600906
203.68544217687074
204.28916099773244
204.86965986394557
205.45015873015873
206.0538775510204
206.65759637188208
207.2845351473923
207.88825396825396
208.3526530612245
208.9099319727891
209.44399092970522
210.0709297052154
210.6746485260771
211.27836734693878
211.88208616780045
212.50902494331066
213.11274376417234
213.716462585034
214.34340136054422
214.9471201814059
215.55083900226757
216.15455782312924
216.78149659863945
217.40843537414966
217.98893424036282
218.615873015873
219.2195918367347
219.8465306122449
220.45024943310656
221.05396825396826
221.68090702947845
222.30784580498866
222.91156462585033
223.515283446712
224.1190022675737
224.7459410430839
225.3496598639456
225.95337868480726
226.58031746031747
227.18403628117915
227.78775510204082
228.41469387755103
229.0184126984127
229.62213151927438
230.2490702947846
230.85278911564626
231.47972789115647
232.08344671201814
232.68716553287982
233.31410430839003
233.9178231292517
234.52154195011337
235.12526077097505
235.75219954648526
236.35591836734693
236.98285714285714
237.58657596371881
238.1902947845805
238.8172335600907
239.42095238095237
240.04789115646258
240.65160997732426
241.27854875283447
241.88226757369614
242.4859863945578
243.0897052154195
243.7166439909297
244.32036281179137
244.94730158730158
245.55102040816325
246.15473922902495
246.78167800453514
247.38539682539684
247.9891156462585
248.6160544217687
249.2197732426304
249.82349206349207
250.45043083900228
251.05414965986395
251.65786848072563
252.28480725623584
252.8885260770975
253.49224489795918
254.1191836734694
254.72290249433107
255.34984126984128
255.95356009070295
256.55727891156465
257.1609977324263
257.78793650793654
258.4148752834467
259.01859410430836
259.6223129251701
260.24925170068025
260.852970521542
261.45668934240365
262.0604081632653
262.68734693877553
263.3142857142857
263.9180045351474
264.5217233560091
265.1486621315193
265.752380952381
266.35609977324265
266.98303854875286
267.58675736961453
268.1904761904762
268.7941950113379
269.4211337868481
270.02485260770976
270.65179138322
271.25551020408165
271.88244897959186
272.48616780045353
273.0898866213152
273.7168253968254
274.3205442176871
274.9474829931973
275.55120181405897
276.15492063492064
276.78185941043085
277.3855782312925
277.9892970521542
278.5930158730159
279.2199546485261
279.82367346938776
280.45061224489797
281.05433106575964
281.6580498866213
282.2849886621315
282.8887074829932
283.49242630385487
284.09614512471654
284.72308390022675
285.3268027210884
285.9305215419501
286.5574603174603
287.161179138322
287.7881179138322
288.39183673469387
289.0187755102041
289.62249433106575
290.2029931972789
290.8299319727891
291.43365079365077
292.060589569161
292.6875283446712
293.29124716553287
293.89496598639454
294.52190476190475
295.1256235827664
295.7293424036281
296.3562811791383
296.96
297.5869387755102
298.19065759637186
298.8175963718821
299.42131519274375
