2.6006349206349206
2.972154195011338
3.3436734693877552
3.7151927437641725
4.08671201814059
4.458231292517007
4.806530612244898
5.178049886621316
5.5495691609977325
5.921088435374149
6.292607709750567
6.640907029478458
7.012426303854875
7.383945578231293
7.732244897959184
8.103764172335602
8.475283446712018
8.823582766439909
9.218321995464853
9.566621315192744
9.93814058956916
10.309659863945578
10.65795918367347
11.029478458049887
11.400997732426303
11.77251700680272
12.144036281179138
12.49233560090703
12.863854875283447
13.235374149659863
13.583673469387755
13.955192743764172
14.32671201814059
14.698231292517006
15.069750566893424
15.418049886621315
15.789569160997733
16.16108843537415
16.532607709750568
16.880907029478458
17.252426303854875
17.623945578231293
17.99546485260771
18.3437641723356
18.715283446712018
19.086802721088436
19.435102040816325
19.806621315192743
20.201360544217685
20.54965986394558
20.921179138321996
21.269478458049885
21.640997732426303
22.01251700680272
22.38403628117914
22.732335600907028
23.103854875283446
23.475374149659864
23.84689342403628
24.19519274376417
24.56671201814059
24.938231292517006
25.309750566893424
25.658049886621317
26.02956916099773
26.40108843537415
26.772607709750567
27.12090702947846
27.492426303854874
27.86394557823129
28.23546485260771
28.583764172335602
28.955283446712016
29.326802721088434
29.698321995464852
30.046621315192745
30.418140589569163
30.789659863945577
31.161179138321994
31.509478458049887
31.880997732426305
32.25251700680272
32.62403628117914
32.97233560090703
33.34385487528345
33.715374149659866
34.08689342403628
34.43519274376417
34.80671201814059
35.178231292517005
35.54975056689342
35.92126984126984
36.26956916099773
36.64108843537415
37.01260770975057
37.36090702947846
37.73242630385487
38.10394557823129
38.47546485260771
38.8237641723356
39.19528344671202
39.54358276643991
39.938321995464854
40.30984126984127
40.68136054421769
41.029659863945575
41.40117913832199
41.749478458049886
42.120997732426304
42.49251700680272
42.86403628117914
43.23555555555556
43.607074829931975
43.95537414965986
44.32689342403628
44.67519274376417
45.069931972789114
45.44145124716553
45.789750566893424
46.13804988662132
46.53278911564626
46.88108843537415
47.25260770975056
47.600907029478456
47.972426303854874
48.34394557823129
48.71546485260771
49.0637641723356
49.458503401360545
49.80680272108844
50.178321995464856
50.52662131519274
50.89814058956916
51.26965986394558
51.641179138321995
51.98947845804989
52.38421768707483
52.73251700680272
53.10403628117914
53.45233560090703
53.84707482993197
54.19537414965986
54.56689342403628
54.9384126984127
55.309931972789116
55.65823129251701
56.029750566893426
56.401269841269844
56.74956916099773
57.12108843537415
57.492607709750565
57.86412698412698
58.2356462585034
58.583945578231294
58.95546485260771
59.32698412698413
59.69850340136055
60.070022675736965
60.41832199546485
60.78984126984127
61.161360544217686
61.50965986394558
61.881179138322
62.252698412698415
62.62421768707483
62.99573696145125
63.344036281179136
63.715555555555554
64.08707482993198
64.45859410430839
64.80689342403628
65.1784126984127
65.52671201814059
65.87501133786849
66.2465306122449
66.64126984126985
66.98956916099773
67.36108843537414
67.73260770975057
68.10412698412698
68.4756462585034
68.84716553287981
69.19546485260771
69.56698412698412
69.93850340136055
70.31002267573696
70.68154195011338
71.02984126984127
71.40136054421768
71.7728798185941
72.12117913832199
72.49269841269842
72.86421768707483
73.23573696145125
73.60725623582766
73.95555555555555
74.32707482993197
74.69859410430838
75.07011337868481
75.4184126984127
75.78993197278912
76.16145124716553
76.53297052154196
76.88126984126984
77.25278911564625
77.62430839002268
77.97260770975056
78.34412698412699
78.73886621315192
79.08716553287982
79.45868480725623
79.80698412698413
80.17850340136054
80.55002267573695
80.92154195011338
81.26984126984127
81.64136054421769
82.0128798185941
82.38439909297053
82.73269841269841
83.10421768707484
83.47573696145125
83.82403628117913
84.19555555555556
84.56707482993197
84.9385941043084
85.3101133786848
85.6584126984127
86.02993197278911
86.40145124716554
86.77297052154195
87.12126984126984
87.49278911564626
87.86430839002267
88.2358276643991
88.58412698412698
88.9556462585034
89.32716553287982
89.69868480725624
90.04698412698413
90.41850340136054
90.79002267573696
91.16154195011337
91.50984126984127
91.88136054421769
92.22965986394559
92.601179138322
92.9726984126984
93.34421768707483
93.71573696145124
94.08725623582767
94.43555555555555
94.80707482993198
95.17859410430839
95.55011337868481
95.8984126984127
96.26993197278911
96.64145124716553
97.01297052154194
97.36126984126984
97.73278911564626
98.10430839002268
98.47582766439909
98.82412698412699
99.1956462585034
99.56716553287981
99.93868480725624
100.28698412698412
100.65850340136055
101.03002267573696
101.40154195011338
101.74984126984127
102.14458049886622
102.4928798185941
102.86439909297052
103.21269841269842
103.58421768707483
103.95573696145125
104.32725623582766
104.67555555555556
105.0702947845805
105.41859410430838
105.79011337868481
106.1384126984127
106.50993197278912
106.88145124716553
107.22975056689343
107.60126984126984
107.97278911564626
108.34430839002268
108.71582766439909
109.06412698412699
109.4356462585034
109.80716553287982
110.17868480725623
110.52698412698413
110.92172335600907
111.27002267573697
111.64154195011338
112.01306122448979
112.38458049886621
112.75609977324262
113.10439909297052
113.49913832199546
113.84743764172336
114.19573696145125
114.56725623582767
114.93877551020408
115.31029478458049
115.68181405895692
116.0301133786848
116.40163265306123
116.77315192743764
117.14467120181406
117.49297052154195
117.86448979591837
118.23600907029478
118.6075283446712
118.9558276643991
119.3273469387755
119.69886621315193
120.07038548752834
120.41868480725624
120.79020408163265
121.16172335600908
121.53324263038549
121.88154195011337
122.2530612244898
122.62458049886621
122.99609977324263
123.34439909297052
123.71591836734694
124.08743764172335
124.45895691609978
124.80725623582767
125.17877551020408
125.5502947845805
125.92181405895691
126.27011337868481
126.64163265306122
127.01315192743765
127.38467120181406
127.73297052154194
128.10448979591837
128.4760090702948
128.8475283446712
129.1958276643991
129.5673469387755
129.93886621315193
130.31038548752835
130.65868480725624
131.03020408163266
131.40172335600906
131.77324263038548
132.1447619047619
132.4930612244898
132.86458049886622
133.23609977324264
133.58439909297053
133.95591836734692
134.32743764172335
134.69895691609977
135.0704761904762
135.41877551020409
135.7902947845805
136.1618140589569
136.53333333333333
136.88163265306122
137.25315192743764
137.62467120181407
137.99619047619046
138.34448979591838
138.71600907029477
139.0875283446712
139.43582766439908
139.8073469387755
140.17886621315193
140.55038548752833
140.92190476190476
141.27020408163264
141.64172335600907
142.0132426303855
142.36154195011338
142.7330612244898
143.10458049886623
143.47609977324262
143.84761904761905
144.19591836734693
144.56743764172336
144.93895691609978
145.31047619047618
145.6587755102041
146.0302947845805
146.40181405895692
146.77333333333334
147.12163265306123
147.49315192743765
147.86467120181405
148.21297052154196
148.58448979591836
148.97922902494332
149.3275283446712
149.69904761904763
150.04734693877552
150.41886621315192
150.79038548752834
151.16190476190476
151.51020408163265
151.88172335600908
152.2532426303855
152.6247619047619
152.97306122448978
153.3445804988662
153.71609977324263
154.08761904761906
154.43591836734694
154.80743764172337
155.17895691609976
155.5504761904762
155.89877551020408
156.2702947845805
156.64181405895692
157.01333333333332
157.36163265306124
157.73315192743763
158.10467120181406
158.47619047619048
158.82448979591837
159.1960090702948
159.5675283446712
159.9390476190476
160.31056689342404
160.68208616780046
161.05360544217686
161.42512471655328
161.7966439909297
162.16816326530613
162.56290249433107
162.957641723356
163.3059410430839
163.6542403628118
164.0025396825397
164.35083900226758
