1.18421768707483
1.6718367346938776
2.136235827664399
2.5774149659863945
3.01859410430839
3.5294331065759637
3.9938321995464854
4.435011337868481
4.876190476190477
5.363809523809524
5.828208616780046
6.292607709750567
6.733786848072563
7.244625850340136
7.778684807256236
8.312743764172335
8.823582766439909
9.287981859410431
9.752380952380953
10.193560090702947
10.65795918367347
11.122358276643991
11.586757369614512
12.051156462585034
12.515555555555556
12.979954648526077
13.444353741496599
13.885532879818594
14.349931972789115
14.814331065759637
15.27873015873016
15.74312925170068
16.207528344671204
16.671927437641724
17.136326530612244
17.600725623582765
18.06512471655329
18.506303854875284
18.970702947845805
19.435102040816325
19.89950113378685
20.36390022675737
20.82829931972789
21.269478458049885
21.73387755102041
22.19827664399093
22.68589569160998
23.1502947845805
23.591473922902495
24.055873015873015
24.52027210884354
24.98467120181406
25.44907029478458
25.890249433106575
26.354648526077096
26.81904761904762
27.28344671201814
27.74784580498866
28.212244897959184
28.676643990929705
29.141043083900225
29.58222222222222
30.046621315192745
30.511020408163265
30.975419501133786
31.41659863945578
31.90421768707483
32.36861678004535
32.833015873015874
33.274195011337866
33.73859410430839
34.202993197278914
34.66739229024943
35.131791383219955
35.59619047619048
36.060589569160996
36.52498866213152
36.989387755102044
37.45378684807256
37.918185941043085
38.35936507936508
38.8237641723356
39.288163265306125
39.75256235827664
40.19374149659864
40.658140589569165
41.12253968253968
41.586938775510205
42.05133786848072
42.4692970521542
42.98013605442177
43.44453514739229
43.885714285714286
44.35011337868481
44.83773242630385
45.302131519274376
45.743310657596375
46.20770975056689
46.672108843537416
47.11328798185941
47.57768707482993
48.042086167800456
48.50648526077097
48.94766439909297
49.412063492063496
49.89968253968254
50.36408163265306
50.828480725623585
51.26965986394558
51.7340589569161
52.22167800453515
52.68607709750567
53.127256235827666
53.59165532879818
54.05605442176871
54.52045351473923
54.98485260770975
55.42603174603175
55.89043083900227
56.35482993197279
56.81922902494331
57.283628117913835
57.74802721088435
58.212426303854876
58.6768253968254
59.11800453514739
59.582403628117916
60.04680272108843
60.51120181405896
60.97560090702948
61.44
61.90439909297052
62.368798185941046
62.83319727891156
63.27437641723356
63.73877551020408
64.2031746031746
64.66757369614513
65.13197278911565
65.59637188208617
66.06077097505668
66.50195011337868
66.85024943310657
67.221768707483
67.662947845805
68.12734693877552
68.54530612244898
69.03292517006803
69.49732426303855
69.96172335600907
70.44934240362812
70.93696145124717
71.37814058956916
71.84253968253968
72.28371882086168
72.7481179138322
73.18929705215419
73.67691609977324
74.14131519274376
74.58249433106576
75.04689342403628
75.53451247165533
75.97569160997732
76.46331065759637
76.92770975056689
77.39210884353741
77.83328798185941
78.32090702947846
78.73886621315192
79.2497052154195
79.6908843537415
80.1320634920635
80.5732426303855
81.06086167800453
81.61814058956917
82.15219954648526
82.66303854875284
83.12743764172336
83.59183673469387
84.07945578231292
84.52063492063492
84.96181405895692
85.44943310657597
85.89061224489797
86.35501133786848
86.819410430839
87.28380952380952
87.74820861678005
88.21260770975057
88.6770068027211
89.11818594104308
89.60580498866213
90.04698412698413
90.48816326530613
90.97578231292518
91.44018140589569
91.90458049886621
92.36897959183673
92.81015873015873
93.27455782312926
93.73895691609977
94.20335600907029
94.66775510204081
95.13215419501134
95.59655328798186
96.06095238095239
96.5253514739229
96.98975056689342
97.43092970521542
97.89532879818594
98.35972789115647
98.82412698412699
99.2885260770975
99.75292517006802
100.21732426303855
100.65850340136055
101.12290249433107
101.58730158730158
102.0517006802721
102.51609977324263
102.98049886621315
103.44489795918368
103.9092970521542
104.37369614512471
104.81487528344671
105.27927437641723
105.74367346938776
106.20807256235828
106.64925170068027
107.11365079365079
107.60126984126984
108.06566893424036
108.50684807256236
108.97124716553287
109.4356462585034
109.92326530612245
110.36444444444444
110.82884353741497
111.29324263038549
111.757641723356
112.22204081632653
112.66321995464853
113.12761904761905
113.59201814058957
114.0564172335601
114.5208163265306
114.9619954648526
115.42639455782313
115.89079365079365
116.35519274376418
116.81959183673469
117.28399092970521
117.74839002267574
118.21278911564626
118.67718820861678
119.14158730158731
119.58276643990929
120.04716553287982
120.51156462585034
120.97596371882086
121.44036281179139
121.9047619047619
122.36916099773242
122.83356009070295
123.27473922902495
123.73913832199547
124.203537414966
124.6679365079365
125.13233560090703
125.59673469387755
126.06113378684807
126.5255328798186
126.96671201814058
127.43111111111111
127.89551020408163
128.35990929705216
128.82430839002268
129.2887074829932
129.75310657596373
130.21750566893425
130.65868480725624
131.12308390022676
131.58748299319728
132.0518820861678
132.51628117913833
132.98068027210886
133.44507936507935
133.90947845804988
134.3506575963719
134.8150566893424
135.27945578231294
135.74385487528346
136.20825396825396
136.67265306122448
137.137052154195
137.60145124716553
138.04263038548754
138.50702947845804
138.97142857142856
139.43582766439908
139.9002267573696
140.36462585034013
140.82902494331066
141.29342403628118
141.73460317460317
142.1990022675737
142.6634013605442
143.12780045351474
143.59219954648526
144.05659863945579
144.5209977324263
144.98539682539683
145.42657596371882
145.89097505668934
146.35537414965987
146.8197732426304
147.2841723356009
147.74857142857144
148.21297052154196
148.67736961451246
149.14176870748298
