0.5108390022675737
0.9287981859410431
1.3467573696145125
1.787936507936508
2.2058956916099772
2.647074829931973
3.0882539682539685
3.5294331065759637
3.947392290249433
4.365351473922902
4.783310657596372
5.224489795918367
5.642448979591837
6.060408163265306
6.501587301587302
6.919546485260771
7.360725623582766
7.801904761904762
8.243083900226758
8.661043083900227
9.102222222222222
9.520181405895691
9.93814058956916
10.309659863945578
10.7740589569161
11.23845804988662
11.656417233560092
12.07437641723356
12.515555555555556
12.933514739229025
13.374693877551021
13.79265306122449
14.233832199546486
14.651791383219955
15.09297052154195
15.534149659863946
15.952108843537415
16.370068027210884
16.788027210884355
17.22920634920635
17.670385487528346
18.088344671201813
18.506303854875284
18.94748299319728
19.365442176870747
19.783401360544218
20.224580498866214
20.64253968253968
21.083718820861677
21.524897959183672
21.942857142857143
22.38403628117914
22.825215419501134
23.2431746031746
23.661133786848072
24.079092970521543
24.49705215419501
24.938231292517006
25.379410430839002
25.797369614512473
26.21532879818594
26.656507936507936
27.074467120181406
27.492426303854874
27.910385487528345
28.35156462585034
28.792743764172336
29.23392290249433
29.6518820861678
30.06984126984127
30.53424036281179
30.975419501133786
31.393378684807256
31.811337868480727
32.25251700680272
32.64725623582766
33.08843537414966
33.52961451247165
33.94757369614513
34.365532879818595
34.76027210884354
35.22467120181406
35.64263038548753
36.08380952380952
36.52498866213152
36.94294784580499
37.33768707482993
37.802086167800454
38.243265306122446
38.684444444444445
39.07918367346939
39.52036281179139
39.938321995464854
40.35628117913832
40.79746031746032
41.21541950113379
41.633378684807255
42.05133786848072
42.4692970521542
42.956916099773245
43.37487528344671
43.816054421768705
44.23401360544218
44.651972789115646
45.09315192743764
45.51111111111111
45.952290249433105
46.37024943310658
46.78820861678005
47.22938775510204
47.67056689342404
48.06530612244898
48.48326530612245
48.94766439909297
49.36562358276644
49.80680272108844
50.24798185941043
50.68916099773243
51.08390022675737
51.50185941043084
51.919818594104306
52.33777777777778
52.75573696145125
53.19691609977324
53.63809523809524
54.05605442176871
54.474013605442174
54.91519274376417
55.356371882086165
55.77433106575964
56.21551020408163
56.6334693877551
57.0746485260771
57.51582766439909
57.933786848072565
58.37496598639456
58.816145124716556
59.23410430839002
59.675283446712015
60.116462585034014
60.53442176870748
60.97560090702948
61.39356009070295
61.811519274376415
62.22947845804989
62.67065759637188
63.111836734693874
63.52979591836735
63.947755102040816
64.38893424036281
64.80689342403628
65.24807256235827
65.66603174603175
66.10721088435375
66.52517006802721
66.94312925170068
67.38430839002268
67.82548752834467
68.24344671201814
68.66140589569162
69.07936507936508
69.52054421768707
69.93850340136055
70.37968253968253
70.79764172335601
71.23882086167801
71.65678004535147
72.09795918367347
72.51591836734694
72.95709750566894
73.3750566893424
73.8162358276644
74.23419501133787
74.67537414965986
75.09333333333333
75.51129251700681
75.9524716553288
76.39365079365079
76.81160997732427
77.25278911564625
77.67074829931973
78.0887074829932
78.50666666666666
78.94784580498866
79.38902494331066
79.83020408163266
80.24816326530612
80.66612244897959
81.08408163265307
81.52526077097505
81.94321995464853
82.38439909297053
82.80235827664399
83.24353741496599
83.66149659863946
84.07945578231292
84.4974149659864
84.9385941043084
85.35655328798185
85.79773242630385
86.21569160997733
86.63365079365079
87.05160997732426
87.49278911564626
87.91074829931972
88.35192743764172
88.79310657596372
89.2110657596372
89.62902494331065
90.0237641723356
90.4649433106576
90.92934240362811
91.37052154195011
91.81170068027211
92.22965986394559
92.64761904761905
93.08879818594104
93.52997732426304
93.9479365079365
94.3891156462585
94.80707482993198
95.20181405895691
95.64299319727891
96.08417233560091
96.5253514739229
96.94331065759637
97.36126984126984
97.80244897959183
98.2204081632653
98.6615873015873
99.07954648526078
99.52072562358276
99.93868480725624
100.35664399092971
100.7978231292517
101.2390022675737
101.6801814058957
102.09814058956916
102.51609977324263
102.9340589569161
103.37523809523809
103.79319727891156
104.23437641723356
104.65233560090702
105.0702947845805
105.5114739229025
105.9526530612245
106.37061224489796
106.78857142857143
107.22975056689343
107.64770975056689
108.06566893424036
108.50684807256236
108.94802721088435
109.38920634920635
109.7839455782313
110.20190476190476
110.64308390022676
111.08426303854876
111.52544217687075
111.94340136054421
112.36136054421769
112.77931972789116
113.22049886621315
113.66167800453515
114.07963718820862
114.5208163265306
114.93877551020408
115.35673469387756
115.79791383219954
116.21587301587302
116.65705215419501
117.09823129251701
117.51619047619047
117.93414965986395
118.37532879818595
118.79328798185941
119.2344671201814
119.65242630385488
120.07038548752834
120.51156462585034
120.95274376417234
121.39392290249432
121.78866213151927
122.20662131519275
122.64780045351473
123.08897959183673
123.5069387755102
123.92489795918367
124.36607709750567
124.80725623582767
125.22521541950114
125.6431746031746
126.0843537414966
126.5255328798186
126.94349206349206
127.36145124716553
127.77941043083901
128.220589569161
128.63854875283448
129.07972789115647
129.49768707482994
129.93886621315193
130.3568253968254
130.79800453514738
