0.46439909297052157
1.3003174603174603
2.136235827664399
2.972154195011338
3.8080725623582765
4.6439909297052155
5.479909297052155
6.315827664399093
7.151746031746032
7.987664399092971
8.823582766439909
9.659501133786849
10.495419501133787
11.331337868480725
12.167256235827665
13.003174603174603
13.839092970521541
14.675011337868481
15.51092970521542
16.34684807256236
17.182766439909297
18.018684807256236
18.854603174603174
19.690521541950112
20.526439909297054
21.36235827664399
22.19827664399093
23.034195011337868
23.870113378684806
24.706031746031748
25.541950113378686
26.377868480725624
27.213786848072562
28.0497052154195
28.88562358276644
29.72154195011338
30.55746031746032
31.393378684807256
32.229297052154195
33.041995464852604
33.877913832199546
34.73705215419501
35.57297052154195
36.40888888888889
37.24480725623583
38.05750566893424
38.91664399092971
39.75256235827664
40.56526077097506
41.40117913832199
42.237097505668935
43.073015873015876
43.90893424036281
44.74485260770975
45.58077097505669
46.41668934240363
47.25260770975056
48.11174603174603
48.92444444444445
49.76036281179138
50.59628117913832
51.43219954648526
52.291337868480724
53.127256235827666
53.9631746031746
54.77587301587302
55.61179138321995
56.47092970521542
57.30684807256236
58.11954648526077
58.95546485260771
59.81460317460318
60.65052154195011
61.46321995464853
62.299138321995464
63.135056689342406
63.97097505668934
64.80689342403628
65.64281179138322
66.47873015873016
67.3146485260771
68.15056689342404
68.98648526077098
69.82240362811791
70.65832199546485
71.4942403628118
72.33015873015873
73.16607709750566
74.00199546485261
74.83791383219955
75.67383219954648
76.50975056689343
77.34566893424036
78.1815873015873
79.01750566893423
79.85342403628118
80.68934240362812
81.52526077097505
82.33795918367348
83.19709750566894
84.03301587301587
84.86893424036282
85.68163265306123
86.54077097505669
87.37668934240362
88.21260770975057
89.0485260770975
89.88444444444444
90.72036281179139
91.55628117913832
92.39219954648526
93.2281179138322
94.04081632653062
94.89995464852608
95.71265306122449
96.57179138321996
97.38448979591837
98.24362811791383
99.05632653061224
99.89224489795919
100.72816326530612
101.58730158730158
102.4
103.23591836734694
104.0950566893424
104.93097505668935
105.76689342403628
106.60281179138322
107.43873015873015
108.2746485260771
109.11056689342404
109.94648526077097
110.78240362811792
111.61832199546485
112.43102040816326
113.29015873015874
114.12607709750567
114.9619954648526
115.79791383219954
116.63383219954649
117.46975056689342
118.30566893424036
119.14158730158731
120.00072562358277
120.81342403628118
121.62612244897959
122.46204081632654
123.29795918367347
124.1338775510204
124.96979591836735
125.80571428571429
126.64163265306122
127.5007709750567
128.33668934240362
129.14938775510205
129.98530612244897
130.82122448979592
131.68036281179138
132.4930612244898
133.32897959183674
134.16489795918366
135.0008163265306
135.83673469387756
136.67265306122448
137.53179138321997
138.34448979591838
139.1804081632653
140.01632653061225
140.8754648526077
141.68816326530612
142.52408163265306
143.36
144.19591836734693
145.03183673469388
145.8677551020408
