1.9504761904761905
2.4380952380952383
2.9257142857142857
3.3901133786848074
3.8545124716553287
4.31891156462585
4.806530612244898
5.270929705215419
5.735328798185941
6.222947845804988
6.6873469387755105
7.151746031746032
7.63936507936508
8.103764172335602
8.568163265306122
9.05578231292517
9.520181405895691
10.00780045351474
10.47219954648526
10.936598639455783
11.400997732426303
11.888616780045352
12.353015873015874
12.817414965986394
13.305034013605443
13.769433106575963
14.233832199546486
14.721451247165533
15.185850340136055
15.650249433106575
16.137868480725622
16.602267573696146
17.08988662131519
17.554285714285715
18.04190476190476
18.506303854875284
18.970702947845805
19.458321995464853
19.922721088435374
20.387120181405894
20.851519274376418
21.339138321995463
21.803537414965987
22.267936507936508
22.755555555555556
23.219954648526077
23.684353741496597
24.171972789115646
24.636371882086166
25.10077097505669
25.588390022675735
26.05278911564626
26.540408163265305
27.00480725623583
27.492426303854874
27.956825396825398
28.421224489795918
28.88562358276644
29.350022675736962
29.837641723356008
30.30204081632653
30.766439909297052
31.2540589569161
31.71845804988662
32.182857142857145
32.670476190476194
33.158095238095235
33.62249433106576
34.08689342403628
34.57451247165533
35.03891156462585
35.50331065759637
35.99092970521542
36.45532879818594
36.91972789115646
37.384126984126986
37.871746031746035
38.33614512471655
38.800544217687076
39.288163265306125
39.75256235827664
40.24018140589569
40.704580498866214
41.19219954648526
41.65659863945578
42.120997732426304
42.60861678004535
43.073015873015876
43.53741496598639
44.00181405895692
44.489433106575966
44.95383219954648
45.41823129251701
45.88263038548753
46.37024943310658
46.85786848072562
47.322267573696145
47.809886621315194
48.27428571428572
48.738684807256234
49.20308390022676
49.69070294784581
50.155102040816324
50.61950113378685
51.08390022675737
51.57151927437642
52.03591836734694
52.50031746031746
52.98793650793651
53.45233560090703
53.939954648526076
54.4043537414966
54.868752834467124
55.356371882086165
55.82077097505669
56.28517006802721
56.77278911564626
57.23718820861678
57.7015873015873
58.18920634920635
58.65360544217687
59.11800453514739
59.60562358276644
60.070022675736965
60.53442176870748
61.02204081632653
61.486439909297054
61.95083900226757
62.43845804988662
62.902857142857144
63.39047619047619
63.87809523809524
64.36571428571429
64.83011337868481
65.31773242630385
65.78213151927437
66.2465306122449
66.6877097505669
67.1288888888889
67.5932879818594
68.05768707482993
68.52208616780045
68.98648526077098
69.4508843537415
69.91528344671202
70.37968253968253
70.84408163265306
71.30848072562358
71.7728798185941
72.23727891156463
72.67845804988661
73.11963718820861
73.53759637188209
73.97877551020409
74.41995464852607
74.86113378684807
75.30231292517007
75.74349206349207
76.18467120181406
76.64907029478458
77.1134693877551
77.5546485260771
78.04226757369615
78.50666666666666
78.97106575963718
79.45868480725623
79.92308390022676
80.38748299319728
80.8518820861678
81.33950113378685
81.8271201814059
82.29151927437641
82.75591836734694
83.22031746031746
83.70793650793651
84.17233560090703
84.65995464852608
85.1243537414966
85.58875283446712
86.07637188208616
86.54077097505669
87.00517006802721
87.46956916099774
87.95718820861678
88.42158730158731
88.88598639455782
89.37360544217687
89.83800453514739
90.30240362811791
90.79002267573696
91.25442176870749
91.71882086167801
92.20643990929705
92.67083900226757
93.15845804988662
93.62285714285714
94.08725623582767
94.57487528344672
95.03927437641724
95.50367346938775
95.9912925170068
96.45569160997732
96.94331065759637
97.4077097505669
97.87210884353742
98.33650793650794
98.82412698412699
99.2885260770975
99.77614512471655
100.24054421768707
100.7049433106576
101.19256235827665
101.65696145124717
102.1213605442177
102.5857596371882
103.07337868480725
103.53777777777778
104.02539682539683
104.48979591836735
104.95419501133787
105.44181405895692
105.90621315192743
106.37061224489796
106.858231292517
