2.020136054421769
2.507755102040816
2.995374149659864
3.4829931972789114
3.9706122448979593
4.458231292517007
4.9458503401360545
5.433469387755102
5.921088435374149
6.408707482993197
6.896326530612245
7.360725623582766
7.848344671201814
8.40562358276644
8.870022675736962
9.357641723356009
9.845260770975056
10.309659863945578
10.797278911564625
11.284897959183674
11.749297052154194
12.236916099773243
12.72453514739229
13.188934240362812
13.699773242630386
14.164172335600908
14.651791383219955
15.116190476190477
15.580589569160997
16.04498866213152
16.532607709750568
17.020226757369613
17.507845804988662
17.99546485260771
18.45986394557823
18.94748299319728
19.435102040816325
19.89950113378685
20.387120181405894
20.82829931972789
21.269478458049885
21.73387755102041
22.244716553287983
22.68589569160998
23.196734693877552
23.661133786848072
24.14875283446712
24.636371882086166
25.14721088435374
25.63482993197279
26.145668934240362
26.63328798185941
27.12090702947846
27.608526077097505
28.07292517006803
28.606984126984127
29.094603174603176
29.58222222222222
30.023401360544216
30.511020408163265
30.998639455782314
31.463038548752834
31.927437641723355
32.43827664399093
32.92589569160998
33.41351473922902
33.877913832199546
34.365532879818595
34.853151927437644
35.34077097505669
35.828390022675734
36.31600907029478
36.826848072562356
37.33768707482993
37.8485260770975
38.35936507936508
38.87020408163265
39.31138321995465
39.7990022675737
40.28662131519275
40.79746031746032
41.28507936507936
41.77269841269841
42.237097505668935
42.72471655328798
43.21233560090703
43.67673469387755
44.18757369614512
44.698412698412696
45.186031746031745
45.67365079365079
46.16126984126984
46.672108843537416
47.159727891156464
47.64734693877551
48.134965986394555
48.6225850340136
49.11020408163265
49.5978231292517
50.08544217687075
50.5730612244898
51.08390022675737
51.57151927437642
52.05913832199546
52.54675736961451
53.03437641723356
53.54521541950113
54.00961451247166
54.497233560090706
54.98485260770975
55.44925170068027
55.960090702947845
56.447709750566894
56.93532879818594
57.446167800453516
57.933786848072565
58.44462585034014
58.93224489795919
59.41986394557823
59.90748299319728
60.41832199546485
60.9059410430839
61.41678004535147
61.881179138322
62.368798185941046
62.85641723356009
63.32081632653061
63.80843537414966
64.2960544217687
64.78367346938775
65.2712925170068
65.75891156462585
66.2465306122449
66.71092970521542
67.221768707483
67.68616780045352
68.15056689342404
68.66140589569162
69.14902494331066
69.61342403628117
70.10104308390022
70.58866213151927
71.07628117913832
71.54068027210884
72.02829931972789
72.51591836734694
73.00353741496599
73.46793650793651
73.95555555555555
74.4431746031746
74.95401360544217
75.4184126984127
75.90603174603174
76.39365079365079
76.88126984126984
77.36888888888889
77.85650793650794
78.32090702947846
78.80852607709751
79.29614512471656
79.7837641723356
80.27138321995464
80.78222222222222
81.24662131519274
81.73424036281179
82.22185941043084
82.73269841269841
83.22031746031746
83.68471655328798
84.19555555555556
84.6831746031746
85.14757369614513
85.63519274376418
86.12281179138321
86.63365079365079
87.09804988662131
87.58566893424036
88.09650793650793
88.58412698412698
89.07174603174603
89.55936507936508
90.04698412698413
90.53460317460318
91.02222222222223
91.50984126984127
92.02068027210885
92.5082993197279
92.99591836734695
93.48353741496598
93.97115646258503
94.45877551020408
94.94639455782313
95.43401360544217
95.92163265306122
96.40925170068027
96.89687074829932
97.38448979591837
97.87210884353742
98.35972789115647
98.84734693877552
99.31174603174603
99.79936507936507
100.28698412698412
100.77460317460317
101.26222222222222
101.72662131519274
102.2142403628118
102.70185941043084
103.18947845804989
103.70031746031746
104.18793650793651
104.67555555555556
105.13995464852607
105.62757369614512
106.1384126984127
106.60281179138322
107.09043083900227
107.60126984126984
108.08888888888889
108.59972789115646
109.08734693877551
109.57496598639456
110.06258503401361
110.55020408163266
111.06104308390023
111.54866213151928
112.05950113378685
112.52390022675738
113.01151927437641
113.47591836734694
113.96353741496598
114.47437641723356
114.93877551020408
115.42639455782313
115.9372335600907
116.42485260770975
116.9124716553288
117.40009070294785
117.8877097505669
118.37532879818595
118.86294784580498
119.35056689342403
119.8614058956916
120.34902494331065
120.85986394557823
121.34748299319727
121.83510204081632
122.32272108843537
122.81034013605442
123.29795918367347
123.80879818594104
124.27319727891157
124.76081632653062
125.24843537414966
125.71283446712017
126.1772335600907
126.66485260770975
127.17569160997732
127.66331065759637
128.15092970521542
128.63854875283448
129.14938775510205
129.66022675736963
130.12462585034012
130.6354648526077
131.12308390022676
131.6107029478458
132.09832199546486
132.5859410430839
133.07356009070295
133.561179138322
134.0255782312925
134.51319727891158
135.02403628117915
135.51165532879818
135.99927437641725
136.48689342403628
136.99773242630386
137.4853514739229
137.97297052154195
138.460589569161
138.97142857142856
139.45904761904762
139.94666666666666
140.41106575963718
140.89868480725625
141.38630385487528
141.87392290249434
142.33832199546487
142.8259410430839
143.31356009070294
143.801179138322
144.28879818594103
144.7764172335601
145.28725623582767
145.7516553287982
146.23927437641723
146.7501133786848
147.23773242630386
147.7021315192744
148.18975056689342
148.65414965986395
149.14176870748298
149.62938775510204
150.09378684807257
150.60462585034014
151.06902494331067
151.5566439909297
152.04426303854876
152.5318820861678
153.04272108843537
153.53034013605443
153.99473922902493
154.482358276644
154.96997732426303
155.4575963718821
155.94521541950112
156.4328344671202
156.92045351473922
157.40807256235829
157.89569160997732
158.38331065759638
158.87092970521542
159.35854875283448
159.84616780045351
160.33378684807255
160.8214058956916
161.30902494331065
161.77342403628117
162.28426303854874
162.7718820861678
163.25950113378684
163.7471201814059
164.23473922902494
164.722358276644
165.23319727891158
165.6975963718821
166.18521541950113
166.67283446712017
167.16045351473923
167.64807256235827
168.13569160997733
168.62331065759636
169.11092970521543
169.57532879818595
170.06294784580498
170.55056689342405
171.03818594104308
171.5025850340136
171.99020408163264
172.4778231292517
172.96544217687074
173.4530612244898
173.94068027210884
174.4282993197279
174.91591836734693
175.403537414966
175.89115646258503
176.3787755102041
176.86639455782313
177.3540136054422
177.84163265306123
178.3524716553288
178.81687074829932
179.30448979591836
179.79210884353742
180.27972789115645
180.76734693877552
181.25496598639455
181.74258503401362
182.23020408163265
182.69460317460317
183.20544217687075
183.6930612244898
184.18068027210884
184.64507936507937
185.1326984126984
185.64353741496598
186.13115646258504
186.59555555555556
187.0831746031746
187.57079365079366
188.08163265306123
188.54603174603176
189.0336507936508
189.54448979591837
190.0321088435374
190.49650793650792
190.984126984127
191.47174603174602
191.95936507936509
192.4237641723356
192.91138321995464
193.3990022675737
193.88662131519274
194.3742403628118
194.86185941043084
195.32625850340136
195.83709750566894
196.30149659863946
196.7891156462585
197.29995464852607
197.78757369614513
198.25197278911565
198.7395918367347
199.22721088435375
199.73804988662133
200.22566893424036
200.71328798185942
201.224126984127
201.6885260770975
202.19936507936507
202.6637641723356
203.15138321995465
203.6390022675737
204.12662131519275
204.61424036281178
205.10185941043085
205.58947845804988
206.07709750566895
206.56471655328798
207.05233560090704
207.51673469387754
207.98113378684806
208.46875283446713
208.9795918367347
209.49043083900227
209.9780498866213
210.48888888888888
210.97650793650794
211.46412698412698
211.95174603174604
212.4625850340136
212.9734240362812
213.46104308390022
213.94866213151928
214.43628117913832
214.90068027210884
215.38829931972788
215.87591836734694
216.38675736961451
216.87437641723355
217.3619954648526
217.84961451247165
218.3372335600907
218.82485260770974
219.33569160997732
219.82331065759638
220.31092970521541
220.79854875283448
221.2861678004535
221.79700680272109
222.28462585034015
222.79546485260772
223.28308390022676
223.7707029478458
224.28154195011336
224.76916099773243
225.25678004535146
225.74439909297053
226.23201814058956
226.69641723356008
227.18403628117915
227.67165532879818
228.15927437641724
228.64689342403628
229.13451247165534
229.62213151927438
230.1097505668934
230.59736961451247
231.10820861678005
231.59582766439908
232.08344671201814
232.59428571428572
233.1051247165533
233.59274376417233
234.0803628117914
234.56798185941042
235.078820861678
235.54321995464852
236.03083900226758
236.51845804988662
237.00607709750568
237.49369614512472
237.98131519274375
238.44571428571427
238.9101133786848
239.39773242630386
239.90857142857143
240.39619047619047
240.860589569161
241.32498866213152
241.8358276643991
242.32344671201815
242.8110657596372
243.2754648526077
243.76308390022675
244.22748299319727
244.73832199546484
245.2259410430839
245.71356009070294
246.22439909297051
246.71201814058958
247.1996371882086
247.68725623582768
248.1748752834467
248.66249433106577
249.12689342403627
249.61451247165533
250.10213151927437
250.58975056689343
251.05414965986395
251.541768707483
252.02938775510205
252.51700680272108
252.9814058956916
253.44580498866213
253.93342403628117
254.3978231292517
254.86222222222221
255.34984126984128
255.8374603174603
256.3250793650794
256.78947845804987
257.2538775510204
257.7182766439909
258.18267573696147
258.64707482993197
259.134693877551
259.59909297052155
260.0867120181406
260.5743310657596
261.0387301587302
261.5263492063492
262.01396825396824
262.4783673469388
262.96598639455783
263.4303854875283
263.9180045351474
264.3824036281179
264.8468027210884
265.3344217687075
265.798820861678
266.26321995464855
266.7508390022676
267.2384580498866
267.72607709750565
268.1904761904762
268.67809523809524
269.14249433106573
269.6068934240363
270.0712925170068
270.5589115646259
271.0465306122449
271.5109297052154
271.97532879818596
272.462947845805
272.9273469387755
273.39174603174604
273.8793650793651
274.3437641723356
274.83138321995466
275.3190022675737
275.7834013605442
276.2710204081633
276.7586394557823
277.24625850340135
277.7106575963719
278.19827664399094
278.68589569160997
279.1502947845805
279.6611337868481
280.1255328798186
280.6131519274376
281.0775510204082
281.5651700680272
282.05278911564625
282.5404081632653
283.0280272108844
283.5156462585034
283.9800453514739
284.467664399093
284.9320634920635
285.396462585034
285.8840816326531
286.3717006802721
286.8825396825397
287.3701587301587
287.85777777777776
288.39183673469387
288.8562358276644
289.34385487528345
289.85469387755103
290.3655328798186
290.85315192743764
291.29433106575965
291.7819501133787
292.2695691609977
292.75718820861675
293.24480725623584
293.7324263038549
294.24326530612245
294.70766439909295
295.19528344671204
295.6829024943311
296.1705215419501
296.65814058956914
297.14575963718823
297.63337868480727
298.1209977324263
298.6318367346939
299.1194557823129
299.60707482993195
300.1179138321995
300.5823129251701
301.09315192743765
301.5807709750567
302.09160997732425
302.5792290249433
303.0668480725624
303.5544671201814
304.04208616780045
304.506485260771
304.99410430839004
305.48172335600907
305.99256235827664
306.4801814058957
306.99102040816325
307.5018594104308
307.98947845804986
308.47709750566895
308.964716553288
309.47555555555556
310.00961451247167
310.52045351473924
311.0312925170068
311.51891156462585
312.0297505668934
312.51736961451246
313.02820861678003
313.51582766439907
314.00344671201816
314.4910657596372
314.97868480725623
315.46630385487526
315.95392290249436
316.4415419501134
