1.9040362811791383
2.3219954648526078
2.693514739229025
3.0882539682539685
3.4597732426303853
3.8312925170068026
4.2260317460317465
4.574331065759637
4.9458503401360545
5.340589569160998
5.688888888888889
6.03718820861678
6.431927437641724
6.849886621315193
7.244625850340136
7.63936507936508
7.987664399092971
8.428843537414966
8.893242630385487
9.334421768707482
9.775600907029478
10.216780045351474
10.588299319727891
10.95981859410431
11.377777777777778
11.749297052154194
12.120816326530612
12.49233560090703
12.887074829931972
13.25859410430839
13.653333333333334
14.071292517006803
14.44281179138322
14.814331065759637
15.209070294784581
15.603809523809524
15.998548752834466
16.39328798185941
16.764807256235827
17.159546485260773
17.554285714285715
17.925804988662133
18.297324263038547
18.668843537414965
19.06358276643991
19.435102040816325
19.82984126984127
20.224580498866214
20.59609977324263
20.990839002267574
21.385578231292516
21.78031746031746
22.175056689342405
22.569795918367348
22.941315192743765
23.336054421768708
23.707573696145126
24.102312925170068
24.49705215419501
24.891791383219953
25.2865306122449
25.704489795918366
26.09922902494331
26.470748299319727
26.842267573696144
27.237006802721087
27.608526077097505
28.003265306122447
28.398004535147393
28.792743764172336
29.18748299319728
29.559002267573696
29.95374149659864
30.34848072562358
30.743219954648527
31.13795918367347
31.532698412698412
31.90421768707483
32.275736961451244
32.670476190476194
33.065215419501136
33.45995464852608
33.85469387755102
34.22621315192744
34.66739229024943
35.085351473922906
35.48009070294785
35.87482993197279
36.26956916099773
36.64108843537415
37.03582766439909
37.430566893424036
37.82530612244898
38.22004535147392
38.61478458049886
38.98630385487528
39.381043083900224
39.77578231292517
40.147301587301584
40.542040816326534
40.91356009070295
41.28507936507936
41.67981859410431
42.074557823129254
42.4692970521542
42.86403628117914
43.23555555555556
43.607074829931975
44.02503401360544
44.419773242630384
44.81451247165533
45.20925170068027
45.58077097505669
45.952290249433105
46.34702947845805
46.74176870748299
47.13650793650794
47.53124716553288
47.94920634920635
48.34394557823129
48.738684807256234
49.1566439909297
49.52816326530612
49.92290249433107
50.340861678004536
50.73560090702948
51.13034013605442
51.57151927437642
51.96625850340136
52.360997732426306
52.75573696145125
53.173696145124715
53.56843537414966
53.9631746031746
54.35791383219954
54.75265306122449
55.17061224489796
55.54213151927438
55.93687074829932
56.37804988662131
56.77278911564626
57.167528344671204
57.58548752834467
58.00344671201814
58.39818594104308
58.816145124716556
59.23410430839002
59.628843537414966
60.02358276643991
60.41832199546485
60.81306122448979
61.207800453514736
61.602539682539685
62.02049886621315
62.415238095238095
62.80997732426304
63.227936507936505
63.64589569160998
64.04063492063491
64.43537414965986
64.85333333333334
65.24807256235827
65.6195918367347
66.01433106575963
66.38585034013606
66.780589569161
67.19854875283447
67.5932879818594
67.98802721088435
68.3827664399093
68.77750566893424
69.17224489795919
69.56698412698412
69.96172335600907
70.33324263038548
70.72798185941043
71.09950113378684
71.4942403628118
71.91219954648525
72.3069387755102
72.70167800453515
73.09641723356009
73.49115646258504
73.88589569160997
74.28063492063492
74.67537414965986
75.09333333333333
75.51129251700681
75.90603174603174
76.3007709750567
76.69551020408163
77.09024943310658
77.48498866213151
77.90294784580499
78.29768707482994
78.69242630385487
79.11038548752835
79.48190476190476
79.89986394557823
80.3178231292517
80.73578231292517
81.13052154195012
81.52526077097505
81.92
82.33795918367348
82.73269841269841
83.12743764172336
83.5221768707483
83.91691609977325
84.31165532879818
84.70639455782313
85.1243537414966
85.49587301587302
85.89061224489797
86.2853514739229
86.68009070294785
87.09804988662131
87.53922902494331
87.93396825396826
88.30548752834467
88.70022675736962
89.1414058956916
89.53614512471655
89.93088435374149
90.32562358276644
90.72036281179139
91.11510204081632
91.5330612244898
91.95102040816326
92.36897959183673
92.76371882086168
93.15845804988662
93.5764172335601
93.97115646258503
94.36589569160998
94.80707482993198
95.20181405895691
95.59655328798186
95.96807256235827
96.38603174603175
96.80399092970522
97.22195011337868
97.61668934240363
98.01142857142857
98.40616780045352
98.80090702947845
99.1956462585034
99.59038548752835
99.96190476190476
100.37986394557824
100.7978231292517
101.19256235827665
101.63374149659865
102.02848072562358
102.44643990929706
102.86439909297052
103.28235827664399
103.67709750566894
104.07183673469387
104.46657596371882
104.88453514739228
105.27927437641723
105.69723356009071
106.09197278911564
106.50993197278912
106.92789115646258
107.34585034013605
107.740589569161
108.15854875283446
108.55328798185941
108.92480725623582
109.31954648526077
109.71428571428571
110.10902494331066
110.52698412698413
110.92172335600907
111.33968253968254
111.73442176870748
112.12916099773243
112.5471201814059
112.94185941043084
113.35981859410431
113.75455782312925
114.17251700680272
114.5904761904762
115.00843537414966
115.4031746031746
115.79791383219954
116.23909297052154
116.63383219954649
117.05179138321995
117.46975056689342
117.8877097505669
118.28244897959183
118.70040816326531
119.11836734693877
119.53632653061224
119.93106575963719
120.32580498866213
120.72054421768708
121.11528344671201
121.53324263038549
121.95120181405896
122.36916099773242
122.7871201814059
123.18185941043085
123.57659863945578
123.97133786848073
124.36607709750567
124.76081632653062
125.15555555555555
125.57351473922903
125.96825396825396
126.36299319727891
126.75773242630386
127.1524716553288
127.57043083900227
127.9651700680272
128.35990929705216
128.77786848072563
129.14938775510205
129.544126984127
129.96208616780046
130.3568253968254
130.75156462585034
131.14630385487527
131.5178231292517
131.93578231292517
132.35374149659864
132.74848072562358
133.16643990929705
133.58439909297053
134.002358276644
134.42031746031745
134.83827664399092
135.2330158730159
135.65097505668933
136.09215419501135
136.48689342403628
136.90485260770976
137.32281179138323
137.71755102040817
138.1122902494331
138.53024943310658
138.9249886621315
139.34294784580499
139.76090702947846
140.17886621315193
140.5968253968254
141.01478458049885
141.43274376417233
141.8507029478458
142.24544217687074
142.6401814058957
143.03492063492064
143.42965986394557
143.84761904761905
144.24235827664398
144.66031746031746
145.0550566893424
145.47301587301587
145.8677551020408
146.28571428571428
146.70367346938775
147.0984126984127
147.51637188208616
147.9111111111111
148.28263038548752
148.700589569161
149.11854875283447
149.5132879818594
149.90802721088434
150.32598639455782
150.76716553287983
151.13868480725623
151.5334240362812
151.95138321995464
152.3693424036281
152.74086167800453
153.18204081632652
153.57678004535148
153.97151927437642
154.4126984126984
154.78421768707483
155.2021768707483
155.62013605442178
156.0148752834467
156.4328344671202
156.82757369614512
157.2455328798186
157.64027210884353
158.08145124716555
158.47619047619048
158.87092970521542
159.2888888888889
159.68362811791383
160.1015873015873
160.51954648526078
160.9142857142857
161.33224489795919
161.75020408163266
162.1449433106576
162.56290249433107
162.957641723356
163.37560090702948
163.79356009070295
164.21151927437643
164.60625850340136
165.04743764172335
165.46539682539682
165.86013605442176
166.25487528344672
166.67283446712017
167.06757369614513
167.4855328798186
167.90349206349205
168.32145124716553
168.71619047619046
169.13414965986394
169.5288888888889
169.97006802721089
170.38802721088436
170.82920634920634
171.22394557823128
171.6651247165533
172.05986394557823
172.4778231292517
172.89578231292518
173.31374149659865
173.7084807256236
174.12643990929706
174.5443990929705
174.98557823129252
175.403537414966
175.79827664399093
176.2162358276644
176.6574149659864
177.07537414965986
177.49333333333334
177.9112925170068
178.32925170068026
178.74721088435373
179.1651700680272
179.58312925170068
180.00108843537416
180.41904761904763
180.81378684807257
181.2085260770975
181.62648526077098
182.04444444444445
182.4391836734694
182.83392290249432
183.2518820861678
183.64662131519273
184.0645804988662
184.45931972789117
184.87727891156462
185.27201814058958
185.68997732426303
186.1079365079365
186.50267573696146
186.9206349206349
187.36181405895692
187.7797732426304
188.19773242630384
188.5924716553288
188.98721088435374
189.38195011337868
189.79990929705215
190.21786848072563
190.6358276643991
191.05378684807258
191.49496598639456
191.8897052154195
192.28444444444443
192.6791836734694
193.07392290249433
193.46866213151927
193.88662131519274
194.30458049886622
194.69931972789115
195.11727891156463
195.51201814058956
195.90675736961452
196.32471655328797
196.71945578231293
197.13741496598638
197.53215419501134
197.92689342403628
198.2984126984127
198.71637188208618
199.11111111111111
199.5290702947846
199.94702947845806
200.341768707483
200.71328798185942
201.13124716553287
201.54920634920634
201.94394557823128
202.3154648526077
202.73342403628118
203.1281632653061
203.5461224489796
203.94086167800452
204.38204081632654
204.77678004535147
205.1715192743764
205.56625850340137
205.9609977324263
206.37895691609978
206.79691609977326
207.1916553287982
207.60961451247167
207.98113378684806
208.39909297052154
208.817052154195
209.23501133786849
209.62975056689342
210.0477097505669
210.44244897959183
210.8604081632653
211.25514739229024
211.67310657596371
212.06784580498865
212.4625850340136
212.8805442176871
213.25206349206348
213.64680272108845
214.0647619047619
214.45950113378686
214.8542403628118
215.24897959183673
215.69015873015874
216.08489795918368
216.4796371882086
216.8975963718821
217.29233560090702
217.68707482993196
218.08181405895692
218.47655328798186
218.89451247165533
219.28925170068027
219.6839909297052
220.07873015873017
220.49668934240364
220.89142857142858
221.30938775510205
221.7273469387755
222.12208616780046
222.49360544217686
222.93478458049887
223.3295238095238
223.72426303854874
224.1190022675737
224.53696145124715
224.93170068027212
225.3496598639456
225.74439909297053
226.162358276644
226.55709750566893
226.95183673469387
227.34657596371883
227.76453514739228
228.18249433106575
228.5772335600907
228.99519274376416
229.3667120181406
229.78467120181406
230.20263038548754
230.59736961451247
230.9921088435374
231.41006802721088
231.82802721088436
232.2227664399093
232.64072562358277
233.0354648526077
233.43020408163267
233.8249433106576
234.21968253968254
234.59120181405896
234.9859410430839
235.38068027210883
235.7986394557823
236.21659863945578
236.61133786848072
237.0292970521542
237.42403628117913
237.8187755102041
238.23673469387754
238.654693877551
239.04943310657598
239.4441723356009
239.81569160997734
240.23365079365078
240.65160997732426
241.04634920634922
241.44108843537416
241.85904761904763
242.25378684807256
242.6485260770975
243.0897052154195
243.50766439909296
243.90240362811792
244.29714285714286
244.73832199546484
245.1330612244898
245.5045804988662
245.89931972789117
246.2940589569161
246.66557823129253
247.08353741496597
247.50149659863945
247.8962358276644
248.31419501133786
248.73215419501133
249.1501133786848
249.56807256235828
249.96281179138322
250.35755102040815
250.77551020408163
251.17024943310656
251.56498866213153
252.0061678004535
252.40090702947845
252.81886621315192
253.21360544217688
253.63156462585033
254.0263038548753
254.44426303854874
254.8390022675737
255.25696145124718
255.67492063492062
256.06965986394556
256.48761904761903
256.9055782312925
257.323537414966
257.74149659863946
258.15945578231293
258.5774149659864
258.9489342403628
259.3668934240363
259.7616326530612
260.1795918367347
260.59755102040816
260.9922902494331
261.38702947845803
261.8049886621315
262.222947845805
262.664126984127
263.05886621315193
263.4768253968254
263.87156462585034
264.2895238095238
264.68426303854875
265.05578231292515
265.4737414965986
265.86848072562356
266.26321995464855
266.6579591836735
267.0526984126984
267.49387755102043
267.91183673469385
268.30657596371884
268.7245351473923
269.11927437641725
269.5372335600907
269.93197278911566
270.34993197278914
270.74467120181407
271.16263038548755
271.580589569161
271.9985487528345
272.39328798185943
272.8112471655329
273.20598639455784
273.6239455782313
274.06512471655327
274.4598639455782
274.8778231292517
275.3190022675737
275.71374149659863
276.1317006802721
276.52643990929704
276.96761904761905
277.40879818594107
277.82675736961454
278.24471655328796
278.63945578231295
279.05741496598637
279.45215419501136
279.87011337868483
280.28807256235825
280.7060317460317
281.10077097505666
281.5419501133787
281.9366893424036
282.3778684807256
282.7958276643991
283.2137868480726
283.63174603174605
284.0497052154195
284.467664399093
284.90884353741495
285.35002267573697
285.76798185941044
286.1627210884354
286.5574603174603
286.9986394557823
287.4398185941043
287.8345578231293
288.2292970521542
288.67047619047617
289.08843537414964
289.4831746031746
289.90113378684805
290.3190929705215
290.737052154195
291.1550113378685
291.57297052154195
291.9677097505669
292.4088888888889
292.8500680272109
293.29124716553287
293.825306122449
294.2200453514739
294.61478458049885
295.0095238095238
