0.9984580498866213
1.4628571428571429
1.9504761904761905
2.4380952380952383
2.9257142857142857
3.3901133786848074
3.877732426303855
4.342131519274377
4.806530612244898
5.270929705215419
5.735328798185941
6.199727891156463
6.664126984126984
7.128526077097506
7.592925170068027
8.034104308390022
8.498503401360544
8.962902494331066
9.427301587301587
9.891700680272109
10.356099773242631
10.797278911564625
11.261678004535147
11.72607709750567
12.19047619047619
12.654875283446712
13.119274376417234
13.56045351473923
14.02485260770975
14.466031746031746
14.930430839002268
15.394829931972788
15.85922902494331
16.32362811791383
16.788027210884355
17.252426303854875
17.69360544217687
18.15800453514739
18.622403628117915
19.086802721088436
19.551201814058956
20.01560090702948
20.48
20.94439909297052
21.408798185941045
21.873197278911565
22.337596371882086
22.801995464852606
23.26639455782313
23.707573696145126
24.171972789115646
24.636371882086166
25.10077097505669
25.56517006802721
26.02956916099773
26.493968253968255
26.958367346938775
27.39954648526077
27.86394557823129
28.328344671201815
28.792743764172336
29.257142857142856
29.72154195011338
30.162721088435376
30.627120181405896
31.091519274376417
31.555918367346937
31.997097505668933
32.46149659863946
32.92589569160998
33.3902947845805
33.85469387755102
34.29587301587301
34.76027210884354
35.22467120181406
35.68907029478458
36.1534693877551
36.594648526077094
37.05904761904762
37.52344671201814
37.98784580498866
38.45224489795918
38.91664399092971
39.3578231292517
39.82222222222222
40.28662131519275
40.751020408163264
41.19219954648526
41.65659863945578
42.120997732426304
42.58539682539683
43.02657596371882
43.490975056689344
43.95537414965986
44.419773242630384
44.88417233560091
45.348571428571425
45.789750566893424
46.25414965986395
46.718548752834465
47.18294784580499
47.64734693877551
48.11174603174603
48.55292517006803
49.017324263038546
49.48172335600907
49.946122448979594
50.387301587301586
50.85170068027211
51.316099773242634
51.78049886621315
52.244897959183675
52.70929705215419
53.15047619047619
53.614875283446715
54.07927437641723
54.543673469387755
55.00807256235828
55.472471655328796
55.93687074829932
56.401269841269844
56.842448979591836
57.30684807256236
57.77124716553288
58.2356462585034
58.700045351473925
59.16444444444444
59.628843537414966
60.09324263038549
60.55764172335601
61.02204081632653
61.486439909297054
61.92761904761905
62.39201814058957
62.85641723356009
63.32081632653061
63.785215419501135
64.24961451247165
64.71401360544218
65.1784126984127
65.64281179138322
66.10721088435375
66.57160997732426
67.03600907029478
67.47718820861678
67.9415873015873
68.40598639455783
68.87038548752834
69.33478458049886
69.77596371882086
70.24036281179139
70.70476190476191
71.16916099773243
71.63356009070294
72.09795918367347
72.56235827664399
73.00353741496599
73.46793650793651
73.93233560090702
74.39673469387755
74.86113378684807
75.30231292517007
75.7667120181406
76.2311111111111
76.69551020408163
77.15990929705215
77.62430839002268
78.0887074829932
78.55310657596372
78.99428571428571
79.45868480725623
79.89986394557823
80.36426303854876
80.82866213151928
81.29306122448979
81.75746031746031
82.19863945578231
82.66303854875284
83.12743764172336
83.59183673469387
84.0562358276644
84.4974149659864
84.96181405895692
85.40299319727892
85.86739229024943
86.33179138321995
86.77297052154195
87.23736961451247
87.701768707483
88.16616780045351
88.6073469387755
89.07174603174603
89.53614512471655
89.97732426303855
90.44172335600906
90.90612244897959
91.34730158730159
91.81170068027211
92.27609977324263
92.74049886621316
93.20489795918367
93.64607709750567
94.11047619047619
94.57487528344672
95.0160544217687
95.48045351473922
95.94485260770975
96.40925170068027
96.8736507936508
97.33804988662132
97.7792290249433
98.24362811791383
98.70802721088435
99.17242630385488
99.6368253968254
100.07800453514739
100.54240362811791
101.00680272108843
101.47120181405896
101.93560090702948
102.4
102.86439909297052
103.32879818594104
103.76997732426304
104.23437641723356
104.69877551020409
105.1631746031746
105.6043537414966
106.06875283446712
106.50993197278912
106.99755102040817
107.48517006802722
107.94956916099773
108.41396825396825
108.9015873015873
109.36598639455782
109.83038548752835
110.3180045351474
110.78240362811792
111.27002267573697
111.73442176870748
112.198820861678
112.68643990929705
113.15083900226757
113.6152380952381
114.07963718820862
114.54403628117913
115.03165532879818
115.4960544217687
115.98367346938775
116.44807256235828
116.93569160997733
117.40009070294785
117.86448979591837
118.32888888888888
118.81650793650793
119.28090702947846
119.74530612244898
120.23292517006803
120.69732426303855
121.16172335600908
121.62612244897959
122.11374149659864
122.60136054421768
123.06575963718821
123.55337868480726
124.01777777777778
124.50539682539683
124.96979591836735
125.43419501133786
125.89859410430839
126.38621315192744
126.85061224489796
127.31501133786848
127.80263038548753
128.26702947845806
128.73142857142858
129.1958276643991
129.66022675736963
130.14784580498866
130.6122448979592
131.0766439909297
131.54104308390023
132.02866213151927
132.4930612244898
132.98068027210886
133.44507936507935
133.93269841269841
134.39709750566894
134.86149659863946
135.32589569161
135.7902947845805
