0.5108390022675737
0.9752380952380952
1.4396371882086167
1.9040362811791383
2.36843537414966
2.8328344671201813
3.297233560090703
3.7616326530612243
4.2260317460317465
4.667210884353741
5.131609977324263
5.596009070294785
6.060408163265306
6.524807256235827
6.989206349206349
7.453605442176871
7.894784580498866
8.359183673469389
8.823582766439909
9.287981859410431
9.752380952380953
10.216780045351474
10.681179138321996
11.122358276643991
11.586757369614512
12.051156462585034
12.515555555555556
12.979954648526077
13.444353741496599
13.908752834467121
14.349931972789115
14.814331065759637
15.27873015873016
15.766349206349206
16.207528344671204
16.671927437641724
17.136326530612244
17.600725623582765
18.06512471655329
18.52952380952381
18.970702947845805
19.435102040816325
19.89950113378685
20.36390022675737
20.82829931972789
21.292698412698414
21.757097505668934
22.221496598639455
22.68589569160998
23.127074829931974
23.591473922902495
24.055873015873015
24.52027210884354
24.98467120181406
25.44907029478458
25.913469387755104
26.354648526077096
26.81904761904762
27.28344671201814
27.74784580498866
28.212244897959184
28.676643990929705
29.141043083900225
29.60544217687075
30.06984126984127
30.53424036281179
30.998639455782314
31.43981859410431
31.90421768707483
32.36861678004535
32.80979591836735
33.274195011337866
33.73859410430839
34.202993197278914
34.66739229024943
35.131791383219955
35.59619047619048
36.060589569160996
36.52498866213152
36.989387755102044
37.430566893424036
37.871746031746035
38.31292517006803
38.8237641723356
39.288163265306125
39.75256235827664
40.216961451247165
40.68136054421769
41.12253968253968
41.586938775510205
42.05133786848072
42.515736961451246
42.98013605442177
43.44453514739229
43.90893424036281
44.373333333333335
44.83773242630385
45.302131519274376
45.7665306122449
46.20770975056689
46.672108843537416
47.13650793650794
47.57768707482993
48.042086167800456
48.50648526077097
48.970884353741496
49.43528344671202
49.89968253968254
50.36408163265306
50.828480725623585
51.2928798185941
51.757278911564626
52.22167800453515
52.66285714285714
53.127256235827666
53.59165532879818
54.05605442176871
54.52045351473923
54.98485260770975
55.44925170068027
55.913650793650795
56.35482993197279
56.81922902494331
57.283628117913835
57.74802721088435
58.18920634920635
58.6768253968254
59.14122448979592
59.60562358276644
60.070022675736965
60.53442176870748
60.97560090702948
61.44
61.881179138322
62.368798185941046
62.83319727891156
63.27437641723356
63.73877551020408
64.2031746031746
64.66757369614513
65.13197278911565
65.59637188208617
66.06077097505668
66.52517006802721
66.98956916099773
67.43074829931973
67.89514739229026
68.35954648526076
68.82394557823129
69.28834467120181
69.75274376417234
70.21714285714286
70.68154195011338
71.12272108843537
71.5871201814059
72.02829931972789
72.51591836734694
72.98031746031747
73.44471655328798
73.9091156462585
74.37351473922902
74.7914739229025
75.20943310657596
75.65061224489796
76.06857142857143
76.50975056689343
76.95092970521542
77.39210884353741
77.83328798185941
78.29768707482994
78.76208616780045
79.20326530612245
79.66766439909297
80.1320634920635
80.59646258503402
81.06086167800453
81.52526077097505
81.98965986394558
82.4540589569161
82.8952380952381
83.35963718820862
83.82403628117913
84.28843537414966
84.75283446712018
85.2172335600907
85.68163265306123
86.14603174603175
86.61043083900226
87.05160997732426
87.51600907029479
87.98040816326531
88.44480725623583
88.90920634920634
89.37360544217687
89.83800453514739
90.27918367346939
90.74358276643991
91.20798185941042
91.67238095238095
92.13678004535147
92.601179138322
93.06557823129252
93.52997732426304
93.99437641723355
94.45877551020408
94.89995464852608
95.3643537414966
95.82875283446712
96.29315192743765
96.75755102040816
97.22195011337868
97.66312925170068
98.1275283446712
98.59192743764173
99.05632653061224
99.52072562358276
99.98512471655329
100.44952380952381
100.91392290249433
101.37832199546486
101.81950113378684
102.28390022675737
102.74829931972789
103.21269841269842
103.67709750566894
104.14149659863945
104.60589569160997
105.04707482993197
105.5114739229025
105.97587301587302
106.44027210884354
106.90467120181405
107.36907029478458
107.8334693877551
108.29786848072563
108.73904761904762
109.20344671201813
109.66784580498866
110.13224489795918
110.5966439909297
111.06104308390023
111.52544217687075
111.98984126984126
112.43102040816326
112.89541950113379
113.38303854875284
113.82421768707484
114.28861678004534
114.75301587301587
115.21741496598639
115.68181405895692
116.14621315192744
116.61061224489796
117.05179138321995
117.51619047619047
117.980589569161
118.44498866213152
118.90938775510205
119.37378684807257
119.81496598639455
120.27936507936508
120.7437641723356
121.20816326530613
121.67256235827665
122.13696145124716
122.60136054421768
123.06575963718821
123.5069387755102
123.99455782312926
124.43573696145124
124.90013605442176
125.36453514739229
125.82893424036281
126.29333333333334
126.75773242630386
127.19891156462585
127.66331065759637
128.1277097505669
128.5921088435374
129.05650793650793
129.52090702947845
129.98530612244897
130.4497052154195
130.91410430839002
131.37850340136055
131.81968253968253
132.28408163265306
132.74848072562358
133.2128798185941
133.67727891156463
134.14167800453515
134.60607709750568
135.11691609977325
135.62775510204082
136.11537414965986
136.62621315192743
137.09061224489795
