5.2477097505668935
5.897868480725624
6.548027210884354
7.198185941043084
7.848344671201814
8.498503401360544
9.195102040816327
9.822040816326531
10.47219954648526
11.122358276643991
11.77251700680272
12.422675736961452
13.072834467120181
13.722993197278912
14.396371882086168
15.023310657596372
15.673469387755102
16.34684807256236
16.99700680272109
17.647165532879818
18.297324263038547
18.94748299319728
19.620861678004534
20.24780045351474
20.897959183673468
21.5481179138322
22.244716553287983
22.84843537414966
23.49859410430839
24.171972789115646
24.845351473922904
25.472290249433108
26.122448979591837
26.772607709750567
27.46920634920635
28.07292517006803
28.723083900226758
29.373242630385487
30.023401360544216
30.67356009070295
31.346938775510203
31.997097505668933
32.670476190476194
33.29741496598639
33.94757369614513
34.59773242630386
35.294331065759636
35.898049886621315
36.548208616780045
37.198367346938774
37.918185941043085
38.521904761904764
39.172063492063494
39.82222222222222
40.49560090702948
41.12253968253968
41.77269841269841
42.42285714285714
43.073015873015876
43.723174603174606
44.373333333333335
45.023492063492064
45.72009070294784
46.34702947845805
46.99718820861678
47.64734693877551
48.29750566893424
48.94766439909297
49.5978231292517
50.24798185941043
50.944580498866216
51.54829931972789
52.17523809523809
52.848616780045354
53.498775510204084
54.17215419501134
54.82231292517007
55.472471655328796
56.16907029478458
56.77278911564626
57.42294784580499
58.07310657596372
58.72326530612245
59.37342403628118
60.02358276643991
60.67374149659864
61.3471201814059
61.99727891156463
62.64743764172336
63.297596371882086
63.947755102040816
64.59791383219955
65.24807256235827
65.89823129251701
66.59482993197278
67.19854875283447
67.84870748299319
68.49886621315193
69.14902494331066
69.79918367346939
70.47256235827665
71.12272108843537
71.79609977324263
72.42303854875283
73.07319727891156
73.7233560090703
74.37351473922902
75.02367346938776
75.67383219954648
76.34721088435374
76.99736961451246
77.6475283446712
78.29768707482994
78.94784580498866
79.62122448979592
80.24816326530612
80.92154195011338
81.54848072562358
82.19863945578231
82.84879818594105
83.5221768707483
84.14911564625851
84.79927437641723
85.47265306122449
86.12281179138321
86.77297052154195
87.42312925170069
88.07328798185941
88.72344671201814
89.37360544217687
90.0237641723356
90.67392290249433
91.32408163265306
91.9742403628118
92.64761904761905
93.29777777777778
93.9479365079365
94.59809523809524
95.24825396825396
95.8984126984127
96.54857142857144
97.19873015873016
97.8488888888889
98.49904761904762
99.14920634920635
99.79936507936507
100.44952380952381
101.09968253968253
101.7730612244898
102.42321995464853
103.07337868480725
103.72353741496599
104.37369614512471
105.02385487528345
105.67401360544218
106.3241723356009
106.97433106575964
107.64770975056689
108.29786848072563
108.92480725623582
109.59818594104308
110.24834467120182
110.89850340136054
111.54866213151928
112.22204081632653
112.84897959183674
113.54557823129252
114.17251700680272
114.82267573696146
115.44961451247165
116.12299319727892
116.77315192743764
117.42331065759637
118.0734693877551
118.74684807256236
119.37378684807257
120.02394557823129
120.67410430839003
121.32426303854875
121.97442176870749
122.64780045351473
123.29795918367347
123.97133786848073
124.59827664399093
125.24843537414966
125.89859410430839
126.54875283446712
127.19891156462585
127.84907029478458
128.4992290249433
129.1958276643991
129.79954648526078
130.4497052154195
131.12308390022676
131.79646258503402
132.4234013605442
133.07356009070295
133.72371882086168
134.39709750566894
135.02403628117915
135.67419501133787
136.3243537414966
137.0209523809524
137.64789115646258
138.29804988662133
138.94820861678005
139.6215873015873
140.2485260770975
140.89868480725625
141.54884353741497
142.24544217687074
142.84916099773244
143.49931972789116
144.14947845804988
144.7996371882086
145.44979591836736
146.1231746031746
146.77333333333334
147.4467120181406
148.07365079365078
148.72380952380954
149.37396825396826
150.07056689342403
150.6742857142857
151.32444444444445
151.9978231292517
152.69442176870749
153.29814058956916
153.94829931972788
154.59845804988663
155.27183673469386
155.89877551020408
156.54893424036283
157.19909297052155
157.84925170068027
158.499410430839
159.14956916099774
159.79972789115646
160.49632653061224
161.1000453514739
161.77342403628117
162.42358276643992
163.07374149659864
163.72390022675737
164.3740589569161
165.02421768707484
165.7208163265306
