1.787936507936508
2.2523356009070294
2.693514739229025
3.1579138321995464
3.622312925170068
3.9938321995464854
4.342131519274377
4.806530612244898
5.270929705215419
5.758548752834467
6.246167800453515
6.710566893424036
7.174965986394557
7.63936507936508
8.103764172335602
8.591383219954649
9.05578231292517
9.520181405895691
10.00780045351474
10.47219954648526
10.95981859410431
11.42421768707483
11.888616780045352
12.353015873015874
12.84063492063492
13.305034013605443
13.769433106575963
14.257052154195012
14.698231292517006
15.139410430839002
15.673469387755102
16.16108843537415
16.62548752834467
17.08988662131519
17.554285714285715
18.04190476190476
18.506303854875284
18.970702947845805
19.4118820861678
19.89950113378685
20.387120181405894
20.874739229024943
21.31591836734694
21.826757369614512
22.291156462585032
22.755555555555556
23.219954648526077
23.707573696145126
24.171972789115646
24.659591836734695
25.123990929705215
25.588390022675735
26.076009070294784
26.540408163265305
27.00480725623583
27.492426303854874
27.956825396825398
28.421224489795918
28.908843537414967
29.373242630385487
29.837641723356008
30.325260770975056
30.789659863945577
31.2540589569161
31.71845804988662
32.20607709750567
32.670476190476194
33.158095238095235
33.62249433106576
34.08689342403628
34.57451247165533
35.03891156462585
35.5265306122449
35.99092970521542
36.45532879818594
36.94294784580499
37.40734693877551
37.89496598639456
38.35936507936508
38.8237641723356
39.31138321995465
39.77578231292517
40.24018140589569
40.704580498866214
41.16897959183674
41.65659863945578
42.120997732426304
42.58539682539683
43.073015873015876
43.53741496598639
44.02503401360544
44.489433106575966
44.95383219954648
45.44145124716553
45.905850340136055
46.37024943310658
46.85786848072562
47.322267573696145
47.78666666666667
48.27428571428572
48.738684807256234
49.20308390022676
49.69070294784581
50.1318820861678
50.61950113378685
51.1071201814059
51.57151927437642
52.05913832199546
52.523537414965986
52.98793650793651
53.45233560090703
53.939954648526076
54.4043537414966
54.89197278911565
55.356371882086165
55.82077097505669
56.30839002267574
56.77278911564626
57.23718820861678
57.72480725623583
58.18920634920635
58.65360544217687
59.14122448979592
59.60562358276644
60.070022675736965
60.55764172335601
61.02204081632653
61.486439909297054
61.9740589569161
62.43845804988662
62.92607709750567
63.39047619047619
63.85487528344671
64.34249433106577
64.80689342403628
65.24807256235827
65.73569160997732
66.22331065759637
66.6877097505669
67.17532879818594
67.63972789115647
68.10412698412698
68.59174603174603
69.05614512471655
69.5437641723356
70.00816326530612
70.47256235827665
70.9601814058957
71.40136054421768
71.88897959183673
72.33015873015873
72.8409977324263
73.30539682539683
73.76979591836735
74.2574149659864
74.72181405895692
75.20943310657596
75.67383219954648
76.11501133786848
76.55619047619048
77.09024943310658
77.57786848072563
78.01904761904763
78.50666666666666
78.97106575963718
79.43546485260771
79.87664399092971
80.38748299319728
80.87510204081633
81.33950113378685
81.80390022675736
82.29151927437641
82.75591836734694
83.22031746031746
83.68471655328798
84.14911564625851
84.63673469387756
85.1243537414966
85.58875283446712
86.07637188208616
86.54077097505669
87.00517006802721
87.49278911564626
87.95718820861678
88.42158730158731
88.90920634920634
89.37360544217687
89.83800453514739
90.32562358276644
90.79002267573696
91.25442176870749
91.74204081632654
92.20643990929705
92.6940589569161
93.15845804988662
93.62285714285714
94.11047619047619
94.57487528344672
95.03927437641724
95.48045351473922
95.9912925170068
96.45569160997732
96.94331065759637
97.4077097505669
97.87210884353742
98.33650793650794
98.82412698412699
99.2885260770975
99.77614512471655
100.24054421768707
100.7049433106576
101.19256235827665
101.65696145124717
102.1213605442177
102.60897959183673
103.07337868480725
103.53777777777778
104.02539682539683
104.48979591836735
104.95419501133787
105.44181405895692
105.90621315192743
106.37061224489796
106.858231292517
107.32263038548753
107.81024943310658
108.2746485260771
108.76226757369615
109.22666666666667
109.69106575963718
110.15546485260771
110.61986394557823
111.10748299319728
111.5718820861678
112.05950113378685
112.52390022675738
113.01151927437641
113.47591836734694
