2.2987755102040817
2.8328344671201813
3.3668934240362813
3.900952380952381
4.481451247165533
5.061950113378685
5.642448979591837
6.199727891156463
6.757006802721088
7.314285714285714
7.848344671201814
8.40562358276644
8.962902494331066
9.520181405895691
10.054240362811791
10.611519274376418
11.168798185941043
11.702857142857143
12.236916099773243
12.770975056689343
13.328253968253968
13.931972789115646
14.512471655328799
15.046530612244897
15.580589569160997
16.137868480725622
16.69514739229025
17.252426303854875
17.809705215419502
18.36698412698413
18.92426303854875
19.481541950113378
20.038820861678005
20.572879818594103
21.13015873015873
21.687437641723356
22.244716553287983
22.801995464852606
23.359274376417233
23.91655328798186
24.473832199546486
25.031111111111112
25.588390022675735
26.122448979591837
26.679727891156464
27.237006802721087
27.794285714285714
28.35156462585034
28.908843537414967
29.489342403628118
30.046621315192745
30.580680272108843
31.114739229024945
31.672018140589568
32.229297052154195
32.78657596371882
33.34385487528345
33.90113378684807
34.4584126984127
35.015691609977324
35.57297052154195
36.13024943310658
36.664308390022676
37.2215873015873
37.77886621315193
38.33614512471655
38.89342403628118
39.450702947845805
40.00798185941043
40.56526077097506
41.12253968253968
41.67981859410431
42.237097505668935
42.79437641723356
43.35165532879819
43.90893424036281
44.44299319727891
45.00027210884354
45.55755102040816
46.11482993197279
46.672108843537416
47.22938775510204
47.78666666666667
48.34394557823129
48.901224489795915
49.458503401360545
50.01578231292517
50.5730612244898
51.13034013605442
51.66439909297052
52.22167800453515
52.77895691609977
53.336235827664396
53.893514739229026
54.45079365079365
55.00807256235828
55.5653514739229
56.122630385487525
56.679909297052156
57.23718820861678
57.77124716553288
58.32852607709751
58.88580498866213
59.44308390022676
60.00036281179138
60.55764172335601
61.11492063492064
61.67219954648526
62.22947845804989
62.78675736961451
63.344036281179136
63.901315192743766
64.45859410430839
65.01587301587301
65.54993197278911
66.10721088435375
66.66448979591837
67.221768707483
67.77904761904762
68.33632653061224
68.89360544217688
69.4508843537415
70.00816326530612
70.56544217687075
71.12272108843537
71.68
72.23727891156463
72.77133786848073
73.32861678004535
73.88589569160997
74.4431746031746
75.00045351473923
75.55773242630386
76.11501133786848
76.6722902494331
77.22956916099773
77.78684807256236
78.34412698412699
78.87818594104309
79.43546485260771
79.99274376417233
80.55002267573695
81.10730158730159
81.66458049886621
82.22185941043084
82.77913832199546
83.33641723356008
83.89369614512472
84.45097505668934
84.98503401360544
85.54231292517007
86.09959183673469
86.65687074829933
87.21414965986395
87.77142857142857
88.3287074829932
88.88598639455782
89.44326530612246
90.00054421768708
90.5578231292517
91.11510204081632
91.67238095238095
92.22965986394559
92.76371882086168
93.3209977324263
93.87827664399093
94.43555555555555
94.99283446712018
95.55011337868481
96.10739229024944
96.66467120181406
97.19873015873016
97.7792290249433
98.3132879818594
98.87056689342404
99.42784580498866
99.98512471655329
100.54240362811791
101.09968253968253
101.65696145124717
102.2142403628118
102.77151927437642
103.32879818594104
103.88607709750566
104.4433560090703
105.00063492063492
105.55791383219955
106.09197278911564
106.64925170068027
107.2065306122449
107.76380952380953
108.34430839002268
108.87836734693877
109.4356462585034
109.99292517006803
110.55020408163266
111.08426303854876
111.6647619047619
112.198820861678
112.75609977324262
113.31337868480726
113.87065759637188
114.42793650793651
114.98521541950113
115.54249433106575
116.09977324263039
116.65705215419501
117.21433106575964
117.77160997732426
118.32888888888888
118.86294784580498
119.42022675736962
119.97750566893424
120.53478458049887
121.09206349206349
121.64934240362811
122.20662131519275
122.76390022675737
123.321179138322
123.87845804988662
124.43573696145124
124.99301587301588
125.52707482993198
126.10757369614512
126.64163265306122
127.19891156462585
127.75619047619048
128.3134693877551
128.87074829931973
129.42802721088435
129.98530612244897
130.5425850340136
131.09986394557822
131.65714285714284
132.2144217687075
132.77170068027212
133.3057596371882
133.86303854875283
134.42031746031745
134.9775963718821
135.53487528344672
136.09215419501135
136.64943310657597
137.2067120181406
137.76399092970522
138.32126984126984
138.87854875283446
139.43582766439908
139.9698866213152
140.52716553287982
141.08444444444444
141.64172335600907
142.1990022675737
142.7562811791383
143.31356009070294
143.8708390022676
144.4281179138322
144.98539682539683
145.54267573696146
146.09995464852608
146.63401360544216
147.19129251700681
147.74857142857144
148.30585034013606
148.86312925170068
149.4204081632653
149.97768707482993
150.53496598639455
151.09224489795918
151.6495238095238
152.20680272108842
152.74086167800453
153.3213605442177
153.85541950113378
154.4126984126984
154.96997732426303
155.52725623582765
156.0845351473923
156.64181405895692
157.19909297052155
157.75637188208617
158.3136507936508
158.87092970521542
159.40498866213153
159.96226757369615
160.5427664399093
161.0768253968254
