1.0681179138321995
1.5325170068027212
2.020136054421769
2.5309750566893423
3.01859410430839
3.4829931972789114
3.9706122448979593
4.435011337868481
4.922630385487528
5.433469387755102
5.921088435374149
6.408707482993197
6.896326530612245
7.383945578231293
7.87156462585034
8.359183673469389
8.846802721088435
9.311201814058958
9.798820861678005
10.286439909297052
10.7740589569161
11.261678004535147
11.749297052154194
12.236916099773243
12.72453514739229
13.212154195011339
13.699773242630386
14.187392290249432
14.675011337868481
15.162630385487528
15.650249433106575
16.137868480725622
16.62548752834467
17.11310657596372
17.600725623582765
18.088344671201813
18.575963718820862
19.06358276643991
19.551201814058956
20.038820861678005
20.526439909297054
20.990839002267574
21.501678004535147
21.989297052154196
22.47691609977324
22.96453514739229
23.45215419501134
23.939773242630384
24.427392290249433
24.91501133786848
25.402630385487527
25.890249433106575
26.377868480725624
26.865487528344673
27.353106575963718
27.840725623582767
28.328344671201815
28.81596371882086
29.30358276643991
29.791201814058958
30.278820861678003
30.766439909297052
31.2540589569161
31.741678004535146
32.229297052154195
32.71691609977324
33.20453514739229
33.69215419501134
34.17977324263038
34.66739229024943
35.15501133786848
35.64263038548753
36.13024943310658
36.617868480725626
37.10548752834467
37.593106575963716
38.080725623582765
38.568344671201814
39.05596371882086
39.54358276643991
40.03120181405896
40.518820861678
41.00643990929705
41.4940589569161
41.98167800453515
42.4692970521542
42.956916099773245
43.44453514739229
43.932154195011336
44.419773242630384
44.90739229024943
45.39501133786848
45.88263038548753
46.37024943310658
46.85786848072562
47.34548752834467
47.85632653061224
48.34394557823129
48.808344671201816
49.295963718820865
49.783582766439906
50.271201814058955
50.758820861678004
51.24643990929705
51.7340589569161
52.22167800453515
52.73251700680272
53.22013605442177
53.707755102040814
54.19537414965986
54.68299319727891
55.147392290249435
55.65823129251701
56.14585034013606
56.6334693877551
57.12108843537415
57.608707482993196
58.096326530612245
58.583945578231294
59.04834467120181
59.559183673469384
60.04680272108843
60.53442176870748
61.02204081632653
61.50965986394558
61.99727891156463
62.48489795918368
62.94929705215419
63.46013605442177
63.947755102040816
64.43537414965986
64.92299319727891
65.41061224489796
65.89823129251701
66.38585034013606
66.87346938775511
67.36108843537414
67.84870748299319
68.33632653061224
68.82394557823129
69.31156462585034
69.79918367346939
70.28680272108843
70.77442176870748
71.26204081632653
71.74965986394558
72.23727891156463
72.72489795918368
73.21251700680273
73.70013605442176
74.18775510204081
74.67537414965986
75.16299319727891
75.65061224489796
76.138231292517
76.62585034013605
77.1134693877551
77.60108843537415
78.0887074829932
78.57632653061225
79.0639455782313
79.55156462585035
80.03918367346938
80.52680272108843
81.01442176870748
81.50204081632653
81.98965986394558
82.47727891156462
82.96489795918367
83.45251700680272
83.94013605442177
84.42775510204082
84.91537414965987
85.40299319727892
85.89061224489797
86.378231292517
86.86585034013605
87.3534693877551
87.84108843537415
88.3287074829932
88.81632653061224
89.30394557823129
89.79156462585034
90.27918367346939
90.76680272108844
91.25442176870749
91.74204081632654
92.22965986394559
92.71727891156462
93.20489795918367
93.69251700680272
94.18013605442177
94.80707482993198
95.38757369614513
95.87519274376417
96.3395918367347
96.85043083900227
97.36126984126984
97.8488888888889
98.3132879818594
98.82412698412699
99.31174603174603
99.79936507936507
100.2637641723356
100.77460317460317
101.26222222222222
101.74984126984127
102.23746031746032
102.70185941043084
103.18947845804989
103.67709750566894
104.18793650793651
104.67555555555556
105.13995464852607
105.62757369614512
106.1384126984127
106.62603174603174
107.11365079365079
107.60126984126984
108.06566893424036
108.57650793650794
109.06412698412699
109.55174603174603
110.03936507936508
110.52698412698413
110.99138321995464
111.52544217687075
112.05950113378685
112.57034013605443
113.081179138322
113.66167800453515
114.17251700680272
114.66013605442177
115.14775510204082
115.63537414965987
116.12299319727892
116.61061224489796
117.09823129251701
117.58585034013605
118.0734693877551
118.56108843537415
119.0487074829932
119.53632653061224
120.02394557823129
120.51156462585034
120.99918367346939
121.48680272108844
121.99764172335601
122.48526077097506
122.97287981859411
123.46049886621316
123.9481179138322
124.43573696145124
124.92335600907029
125.38775510204081
125.89859410430839
126.38621315192744
126.87383219954648
127.36145124716553
127.84907029478458
128.33668934240362
128.82430839002268
129.3119274376417
129.79954648526078
130.2871655328798
130.77478458049887
131.2624036281179
131.75002267573697
132.237641723356
132.72526077097507
133.2128798185941
133.70049886621314
134.1881179138322
134.67573696145124
135.1633560090703
135.65097505668933
136.1385941043084
136.62621315192743
137.1138321995465
137.60145124716553
138.0890702947846
138.57668934240363
139.0643083900227
139.55192743764172
140.03954648526076
140.52716553287982
141.01478458049885
141.50240362811792
