0.6965986394557823
1.3931972789115645
2.043356009070295
2.716734693877551
3.3901133786848074
4.017052154195011
4.73687074829932
5.410249433106576
6.106848072562358
6.780226757369615
7.476825396825397
8.150204081632653
8.823582766439909
9.543401360544218
10.263219954648527
10.95981859410431
11.656417233560092
12.353015873015874
13.049614512471654
13.746213151927437
14.44281179138322
15.139410430839002
15.836009070294784
16.532607709750568
17.22920634920635
17.925804988662133
18.622403628117915
19.319002267573698
19.99238095238095
20.688979591836734
21.385578231292516
22.105396825396827
22.801995464852606
23.49859410430839
24.19519274376417
24.91501133786848
25.588390022675735
26.284988662131518
26.958367346938775
27.678185941043083
28.374784580498865
29.094603174603176
29.76798185941043
30.464580498866212
31.161179138321994
31.857777777777777
32.57759637188209
33.274195011337866
33.97079365079365
34.66739229024943
35.36399092970522
36.060589569160996
36.75718820861678
37.430566893424036
38.12716553287982
38.75410430839002
39.3578231292517
39.9847619047619
40.658140589569165
41.37795918367347
42.074557823129254
42.77115646258503
43.490975056689344
44.18757369614512
44.88417233560091
45.55755102040816
46.25414965986395
46.97396825396825
47.763446712018144
48.576145124716554
49.24952380952381
49.946122448979594
50.6659410430839
51.36253968253968
52.05913832199546
52.75573696145125
53.45233560090703
54.14893424036281
54.868752834467124
55.5653514739229
56.26195011337869
56.95854875283447
57.67836734693878
58.37496598639456
59.04834467120181
59.72172335600907
60.41832199546485
61.11492063492064
61.83473922902494
62.531337868480726
63.227936507936505
63.901315192743766
64.57469387755103
65.2712925170068
65.99111111111111
66.6877097505669
67.38430839002268
68.10412698412698
68.77750566893424
69.47410430839003
70.19392290249434
70.89052154195011
71.56390022675737
72.28371882086168
73.16607709750566
73.88589569160997
74.58249433106576
75.27909297052155
75.97569160997732
76.6722902494331
77.36888888888889
78.06548752834468
78.76208616780045
79.45868480725623
80.1320634920635
80.8518820861678
81.57170068027212
82.26829931972789
82.96489795918367
83.66149659863946
84.35809523809523
85.05469387755102
85.72807256235828
86.42467120181406
87.14448979591836
87.84108843537415
88.53768707482993
89.23428571428572
89.93088435374149
90.60426303854875
91.30086167800454
91.99746031746032
92.71727891156462
93.39065759637188
94.08725623582767
94.78385487528345
95.50367346938775
96.20027210884354
96.8736507936508
97.57024943310658
98.26684807256235
98.98666666666666
99.68326530612245
100.37986394557824
101.09968253968253
101.7730612244898
102.46965986394558
103.14303854875284
103.83963718820861
104.55945578231292
105.25605442176871
105.9526530612245
106.64925170068027
107.34585034013605
108.04244897959184
108.73904761904762
109.41242630385487
110.13224489795918
110.8520634920635
111.54866213151928
112.24526077097505
112.91863945578231
113.6152380952381
114.31183673469388
115.00843537414966
115.70503401360544
116.40163265306123
117.09823129251701
117.79482993197279
118.49142857142857
119.18802721088436
119.88462585034014
120.58122448979591
121.2778231292517
121.97442176870749
122.67102040816326
123.39083900226757
124.1338775510204
124.85369614512472
125.57351473922903
126.29333333333334
127.03637188208617
127.77941043083901
128.52244897959184
129.21904761904761
129.93886621315193
130.65868480725624
131.37850340136055
132.12154195011337
132.81814058956917
133.53795918367348
134.2809977324263
135.0008163265306
135.74385487528346
136.46367346938774
137.2067120181406
137.9265306122449
138.66956916099772
139.41260770975057
140.13242630385488
140.8522448979592
141.57206349206348
142.2918820861678
143.03492063492064
143.7315192743764
144.47455782312926
145.17115646258503
145.91419501133788
146.6572335600907
147.377052154195
148.09687074829932
148.83990929705215
149.53650793650795
150.25632653061226
150.97614512471657
151.7191836734694
152.41578231292516
153.158820861678
153.90185941043083
154.62167800453514
155.364716553288
156.1077551020408
156.82757369614512
157.54739229024943
158.26721088435374
159.01024943310657
159.70684807256237
160.4498866213152
161.1697052154195
161.8895238095238
162.63256235827666
163.35238095238094
164.0257596371882
164.79201814058956
165.51183673469387
166.23165532879818
166.9514739229025
167.69451247165532
168.41433106575963
169.15736961451248
169.9004081632653
170.6202267573696
171.34004535147392
172.05986394557823
172.77968253968254
173.52272108843536
174.1728798185941
174.84625850340137
175.5196371882086
176.16979591836736
176.81995464852608
177.4701133786848
178.14349206349206
178.77043083900227
179.420589569161
180.09396825396826
180.74412698412698
181.41750566893424
182.0908843537415
182.74104308390022
183.39120181405895
184.0413605442177
184.69151927437642
185.34167800453514
185.9918367346939
186.6419954648526
187.29215419501134
187.94231292517006
188.5924716553288
189.26585034013604
189.9160090702948
190.5661678004535
191.23954648526077
191.8897052154195
192.53986394557822
193.21324263038548
193.86340136054423
194.51356009070295
195.16371882086167
195.8138775510204
196.58013605442176
197.34639455782312
197.99655328798187
198.76281179138323
199.50585034013605
200.1792290249433
200.82938775510203
201.47954648526078
202.1297052154195
202.80308390022677
203.476462585034
204.12662131519275
204.77678004535147
205.4269387755102
206.10031746031746
206.75047619047618
207.3774149659864
208.12045351473924
208.84027210884355
209.58331065759637
210.3263492063492
211.022947845805
211.7427664399093
212.50902494331066
213.29850340136053
214.01832199546485
214.80780045351474
215.55083900226757
216.31709750566893
217.03691609977324
217.84961451247165
218.56943310657596
219.28925170068027
219.98585034013607
220.6592290249433
221.33260770975056
222.00598639455782
222.65614512471655
223.35274376417235
224.04934240362812
224.72272108843538
225.39609977324264
226.0694784580499
226.76607709750567
227.46267573696144
228.1360544217687
228.83265306122448
229.50603174603174
230.20263038548754
230.8992290249433
231.57260770975057
232.24598639455783
232.9425850340136
233.61596371882086
234.31256235827664
235.00916099773244
235.68253968253967
236.35591836734693
237.05251700680273
237.7491156462585
238.44571428571427
239.11909297052154
239.7924716553288
240.46585034013606
241.16244897959183
241.8358276643991
242.53242630385486
243.20580498866212
243.87918367346938
244.5990022675737
245.27238095238096
245.94575963718822
246.80489795918368
247.64081632653063
248.3606349206349
249.03401360544217
249.73061224489797
250.4039909297052
251.100589569161
251.77396825396826
252.47056689342404
253.1671655328798
253.84054421768707
254.53714285714287
255.23374149659864
255.9071201814059
256.6037188208617
257.27709750566896
257.9504761904762
258.6238548752834
259.32045351473926
260.017052154195
260.69043083900226
261.38702947845803
262.0604081632653
262.7570068027211
263.4303854875283
264.1037641723356
264.8003628117914
265.49696145124716
266.17034013605445
266.8437188208617
267.54031746031745
268.21369614512474
268.887074829932
269.5372335600907
270.25705215419504
270.93043083900227
271.62702947845804
272.3236281179138
273.02022675736964
273.7168253968254
274.4134240362812
275.1796825396825
275.9459410430839
276.61931972789114
277.31591836734697
278.01251700680274
278.7091156462585
279.38249433106574
280.05587301587303
280.68281179138324
281.2865306122449
281.9366893424036
282.6100680272109
283.3066666666667
284.00326530612244
284.67664399092973
285.3268027210884
286.0001814058957
286.67356009070295
287.39337868480726
288.1364172335601
288.8330158730159
289.5063945578231
290.1797732426304
290.8763718820862
291.57297052154195
292.2463492063492
292.91972789115647
293.61632653061224
294.2897052154195
294.9863038548753
295.65968253968254
296.3562811791383
297.0296598639456
297.72625850340137
298.42285714285714
299.1194557823129
299.7928344671202
300.46621315192743
301.13959183673467
301.8361904761905
302.53278911564627
303.2061678004535
303.90276643990927
304.57614512471656
305.27274376417233
305.94612244897957
306.61950113378686
307.3160997732426
307.98947845804986
308.6860770975057
309.3594557823129
310.03283446712015
310.70621315192744
311.3795918367347
312.0761904761905
312.74956916099774
313.4461678004535
314.1427664399093
314.81614512471657
315.51274376417234
316.2093424036281
316.9059410430839
317.60253968253966
318.2991383219955
318.9725170068027
319.64589569160995
320.31927437641724
320.9926530612245
321.68925170068024
322.36263038548753
323.0592290249433
323.7558276643991
324.42920634920637
325.1025850340136
325.7991836734694
326.47256235827666
327.16916099773243
327.84253968253967
328.51591836734696
329.1892970521542
329.88589569160996
330.58249433106573
331.27909297052156
331.9524716553288
332.6258503401361
333.2992290249433
333.97260770975055
334.6227664399093
335.29614512471653
335.9695238095238
336.64290249433105
337.31628117913834
337.9896598639456
338.68625850340135
339.3828571428571
