0.7430385487528345
1.207437641723356
1.6950566893424037
2.2291156462585033
2.7631746031746034
3.3436734693877552
3.8080725623582765
4.295691609977324
4.760090702947846
5.224489795918367
5.688888888888889
6.176507936507937
6.640907029478458
7.1053061224489795
7.569705215419501
8.057324263038549
8.544943310657596
9.009342403628118
9.450521541950113
9.93814058956916
10.425759637188209
10.89015873015873
11.331337868480725
11.818956916099774
12.30657596371882
12.770975056689343
13.235374149659863
13.699773242630386
14.187392290249432
14.651791383219955
15.116190476190477
15.580589569160997
16.068208616780044
16.532607709750568
16.99700680272109
17.46140589569161
17.949024943310658
18.413424036281178
18.901043083900227
19.342222222222222
19.806621315192743
20.29424036281179
20.758639455782312
21.223038548752836
21.687437641723356
22.175056689342405
22.66267573696145
23.127074829931974
23.56825396825397
24.055873015873015
24.52027210884354
25.007891156462584
25.472290249433108
25.93668934240363
26.40108843537415
26.888707482993198
27.353106575963718
27.817505668934242
28.305124716553287
28.76952380952381
29.23392290249433
29.698321995464852
30.162721088435376
30.627120181405896
31.091519274376417
31.579138321995465
32.066757369614514
32.53115646258503
32.995555555555555
33.483174603174604
33.94757369614513
34.411972789115644
34.87637188208617
35.31755102040816
35.80517006802721
36.29278911564626
36.75718820861678
37.2215873015873
37.68598639455782
38.15038548752835
38.61478458049886
39.10240362811791
39.59002267573696
40.054421768707485
40.518820861678
40.983219954648526
41.44761904761905
41.9352380952381
42.399637188208615
42.86403628117914
43.32843537414966
43.79283446712018
44.28045351473923
44.74485260770975
45.20925170068027
45.69687074829932
46.16126984126984
46.625668934240366
47.09006802721088
47.57768707482993
48.042086167800456
48.50648526077097
48.99410430839002
49.458503401360545
49.92290249433107
50.387301587301586
50.874920634920635
51.316099773242634
51.803718820861675
52.2681179138322
52.75573696145125
53.22013605442177
53.68453514739229
54.17215419501134
54.63655328798186
55.10095238095238
55.5653514739229
56.029750566893426
56.517369614512475
56.98176870748299
57.46938775510204
57.933786848072565
58.39818594104308
58.862585034013605
59.350204081632654
59.81460317460318
60.279002267573695
60.74340136054422
61.23102040816327
61.695419501133784
62.15981859410431
62.62421768707483
63.111836734693874
63.5762358276644
64.04063492063491
64.50503401360544
64.99265306122449
65.45705215419501
65.92145124716554
66.38585034013606
66.87346938775511
67.33786848072562
67.84870748299319
68.31310657596372
68.75428571428571
69.21868480725624
69.68308390022676
70.17070294784581
70.63510204081632
71.09950113378684
71.56390022675737
72.05151927437642
72.51591836734694
72.98031746031747
73.44471655328798
73.93233560090702
74.39673469387755
74.86113378684807
75.3255328798186
75.81315192743764
76.27755102040817
76.74195011337868
77.2063492063492
77.69396825396825
78.15836734693877
78.6227664399093
79.11038548752835
79.57478458049887
80.03918367346938
80.5035827664399
80.99120181405895
81.45560090702948
81.92
82.38439909297053
82.87201814058957
83.33641723356008
83.80081632653061
84.28843537414966
84.75283446712018
85.2172335600907
85.68163265306123
86.16925170068028
86.63365079365079
87.12126984126984
87.58566893424036
88.05006802721088
88.51446712018141
88.97886621315193
89.46648526077098
89.93088435374149
90.39528344671201
90.85968253968254
91.32408163265306
91.81170068027211
92.27609977324263
92.76371882086168
93.2281179138322
93.69251700680272
94.18013605442177
94.64453514739229
95.10893424036281
95.57333333333334
96.06095238095239
96.5253514739229
96.98975056689342
97.45414965986394
97.91854875283447
98.38294784580499
98.87056689342404
99.33496598639456
99.8225850340136
100.28698412698412
100.77460317460317
101.2390022675737
101.70340136054422
102.16780045351474
102.65541950113379
103.1198185941043
103.58421768707483
104.04861678004535
104.51301587301587
105.00063492063492
105.46503401360545
105.92943310657597
106.417052154195
106.88145124716553
107.36907029478458
107.81024943310658
108.29786848072563
108.76226757369615
109.22666666666667
109.71428571428571
110.17868480725623
110.64308390022676
111.10748299319728
111.59510204081633
112.05950113378685
112.52390022675738
113.01151927437641
113.47591836734694
113.91709750566893
114.38149659863946
114.8691156462585
115.35673469387756
115.79791383219954
116.26231292517006
116.74993197278911
117.23755102040816
117.70195011337869
118.16634920634921
118.63074829931973
119.11836734693877
119.58276643990929
120.04716553287982
120.51156462585034
120.99918367346939
121.46358276643991
121.92798185941044
122.39238095238095
122.88
123.34439909297052
123.80879818594104
124.27319727891157
124.76081632653062
125.22521541950114
125.68961451247165
126.15401360544217
126.64163265306122
127.10603174603175
127.57043083900227
128.03482993197278
128.4992290249433
128.98684807256237
129.4512471655329
129.93886621315193
130.40326530612245
130.86766439909297
131.3320634920635
131.81968253968253
132.28408163265306
132.74848072562358
133.2128798185941
133.70049886621314
134.16489795918366
134.65251700680273
135.11691609977325
135.58131519274377
136.0457142857143
136.51011337868482
136.97451247165532
137.43891156462584
137.9265306122449
138.41414965986394
138.87854875283446
139.34294784580499
139.8073469387755
140.29496598639454
140.75936507936507
141.2237641723356
141.68816326530612
142.17578231292518
142.6401814058957
143.10458049886623
143.59219954648526
144.05659863945579
144.5209977324263
144.98539682539683
145.47301587301587
145.9374149659864
146.40181405895692
146.86621315192744
147.35383219954647
147.818231292517
148.28263038548752
148.74702947845805
149.2346485260771
149.69904761904763
150.16344671201813
150.62784580498865
151.09224489795918
151.57986394557824
152.04426303854876
152.5318820861678
152.99628117913832
153.46068027210885
153.92507936507937
154.4126984126984
154.87709750566893
155.34149659863945
155.80589569160998
156.29351473922904
156.75791383219953
157.22231292517006
157.68671201814058
158.1511111111111
158.63873015873017
159.1031292517007
159.5675283446712
