1.4396371882086167
2.36843537414966
3.320453514739229
4.249251700680272
5.201269841269841
6.130068027210885
7.058866213151927
8.010884353741497
8.93968253968254
9.891700680272109
10.820498866213152
11.77251700680272
12.701315192743763
13.653333333333334
14.582131519274377
15.51092970521542
16.46294784580499
17.39174603174603
18.320544217687075
19.249342403628116
20.201360544217685
21.153378684807254
22.0821768707483
23.010975056689343
23.939773242630384
24.891791383219953
25.820589569160997
26.749387755102042
27.70140589569161
28.63020408163265
29.58222222222222
30.511020408163265
31.43981859410431
32.391836734693875
33.32063492063492
34.27265306122449
35.20145124716553
36.13024943310658
37.08226757369614
38.01106575963719
38.93986394557823
39.86866213151927
40.820680272108845
41.749478458049886
42.70149659863946
43.6302947845805
44.55909297052154
45.51111111111111
46.439909297052154
47.368707482993194
48.32072562358277
49.24952380952381
50.20154195011338
51.13034013605442
52.03591836734694
53.011156462585035
53.939954648526076
54.868752834467124
55.82077097505669
56.74956916099773
57.7015873015873
58.63038548752834
59.582403628117916
60.51120181405896
61.44
62.368798185941046
63.32081632653061
64.24961451247165
65.20163265306122
66.13043083900227
67.08244897959183
68.01124716553288
68.94004535147393
69.93850340136055
70.89052154195011
71.81931972789116
72.7481179138322
73.67691609977324
74.62893424036281
75.55773242630386
76.50975056689343
77.43854875283446
78.36734693877551
79.31936507936508
80.24816326530612
81.17696145124717
82.12897959183674
83.0809977324263
84.00979591836735
84.9385941043084
85.86739229024943
86.819410430839
87.74820861678005
88.70022675736962
89.62902494331065
90.5578231292517
91.50984126984127
92.43863945578231
93.39065759637188
94.31945578231293
95.24825396825396
96.20027210884354
97.12907029478458
98.08108843537416
99.00988662131519
99.93868480725624
100.86748299319729
101.81950113378684
102.74829931972789
103.70031746031746
104.6291156462585
105.55791383219955
106.50993197278912
107.43873015873015
108.3675283446712
109.31954648526077
110.24834467120182
111.20036281179138
112.12916099773243
113.05795918367347
113.98675736961451
114.93877551020408
115.86757369614513
116.81959183673469
117.74839002267574
118.70040816326531
119.62920634920636
120.55800453514739
121.51002267573696
122.43882086167801
123.36761904761904
124.31963718820862
125.24843537414966
126.20045351473922
127.12925170068027
128.05804988662132
129.01006802721088
129.93886621315193
130.86766439909297
131.81968253968253
132.74848072562358
133.70049886621314
134.6292970521542
135.55809523809523
