1.8343764172335602
2.414875283446712
3.01859410430839
3.645532879818594
4.20281179138322
4.806530612244898
5.38702947845805
5.990748299319728
6.5712471655328795
7.174965986394557
7.778684807256236
8.382403628117913
8.962902494331066
9.566621315192744
10.147120181405896
10.750839002267574
11.354557823129252
11.935056689342403
12.538775510204081
13.142494331065759
13.722993197278912
14.32671201814059
14.907210884353741
15.51092970521542
16.091428571428573
16.69514739229025
17.2756462585034
17.87936507936508
18.483083900226756
19.086802721088436
19.667301587301587
20.271020408163267
20.874739229024943
21.455238095238094
22.035736961451246
22.66267573696145
23.2431746031746
23.870113378684806
24.404172335600908
25.031111111111112
25.611609977324264
26.192108843537415
26.772607709750567
27.39954648526077
27.980045351473922
28.560544217687074
29.164263038548754
29.76798185941043
30.34848072562358
30.928979591836736
31.532698412698412
32.13641723356009
32.71691609977324
33.32063492063492
33.924353741496596
34.528072562358275
35.10857142857143
35.68907029478458
36.29278911564626
36.89650793650794
37.477006802721085
38.080725623582765
38.66122448979592
39.2649433106576
39.86866213151927
40.47238095238095
41.05287981859411
41.65659863945578
42.21387755102041
42.840816326530614
43.42131519274376
44.02503401360544
44.6055328798186
45.20925170068027
45.789750566893424
46.393469387755104
46.97396825396825
47.57768707482993
48.18140589569161
48.78512471655329
49.36562358276644
49.99256235827664
50.54984126984127
51.13034013605442
51.7340589569161
52.31455782312925
52.91827664399093
53.52199546485261
54.102494331065756
54.706213151927436
55.309931972789116
55.89043083900227
56.49414965986394
57.14430839002267
57.67836734693878
58.212426303854876
58.792925170068024
59.466303854875285
60.04680272108843
60.62730158730159
61.23102040816327
61.83473922902494
62.43845804988662
63.0421768707483
63.59945578231292
64.2031746031746
64.80689342403628
65.29451247165532
65.87501133786849
66.47873015873016
67.08244897959183
67.662947845805
68.26666666666667
68.96326530612245
69.56698412698412
70.17070294784581
70.75120181405896
71.35492063492063
71.9354195011338
72.53913832199547
73.11963718820861
73.7233560090703
74.30385487528345
74.90757369614512
75.48807256235828
76.09179138321996
76.69551020408163
77.27600907029479
77.87972789115646
78.46022675736961
79.0639455782313
79.66766439909297
80.24816326530612
80.8518820861678
81.43238095238095
82.03609977324263
82.61659863945579
83.19709750566894
83.82403628117913
84.42775510204082
85.00825396825397
85.58875283446712
86.16925170068028
86.77297052154195
87.37668934240362
87.98040816326531
88.58412698412698
89.18784580498867
89.76834467120182
90.34884353741496
90.95256235827664
91.55628117913832
92.13678004535147
92.74049886621316
93.3209977324263
93.92471655328798
94.50521541950113
95.10893424036281
95.68943310657596
96.29315192743765
96.89687074829932
97.52380952380952
98.08108843537416
98.68480725623583
99.26530612244898
99.89224489795919
100.44952380952381
101.05324263038548
101.63374149659865
102.2142403628118
102.81795918367347
103.44489795918368
104.0021768707483
104.60589569160997
105.20961451247166
105.81333333333333
106.39383219954648
106.97433106575964
107.57804988662132
108.18176870748299
108.76226757369615
109.36598639455782
109.94648526077097
110.55020408163266
111.1307029478458
111.73442176870748
112.33814058956916
112.94185941043084
113.52235827664398
114.10285714285715
114.70657596371882
115.31029478458049
115.89079365079365
116.49451247165533
117.07501133786847
117.67873015873016
118.25922902494331
118.86294784580498
119.46666666666667
120.07038548752834
120.6508843537415
121.25460317460318
121.83510204081632
122.43882086167801
123.01931972789116
123.62303854875283
124.203537414966
124.80725623582767
125.41097505668934
125.9914739229025
126.59519274376417
127.19891156462585
127.77941043083901
128.3831292517007
128.96362811791383
129.5673469387755
130.14784580498866
130.75156462585034
131.3320634920635
131.93578231292517
132.51628117913833
133.12
133.72371882086168
134.32743764172335
134.93115646258502
135.51165532879818
136.09215419501135
136.69587301587302
137.27637188208618
137.88009070294785
138.460589569161
139.0643083900227
139.64480725623582
140.27174603174603
140.82902494331066
141.45596371882087
142.036462585034
142.6401814058957
143.19746031746033
143.8243990929705
144.4281179138322
145.00861678004534
145.61233560090702
146.21605442176872
146.79655328798185
147.377052154195
147.98077097505669
148.58448979591836
149.16498866213152
149.7687074829932
150.34920634920636
150.95292517006803
151.5334240362812
152.13714285714286
152.74086167800453
153.3445804988662
153.94829931972788
154.55201814058958
155.1092970521542
155.71301587301588
156.29351473922904
156.94367346938776
157.47773242630385
158.08145124716555
158.66195011337868
159.24244897959184
159.84616780045351
160.47310657596373
161.03038548752835
161.63410430839002
162.2378231292517
162.84154195011337
163.42204081632653
164.0257596371882
164.60625850340136
165.20997732426304
165.7904761904762
166.39419501133787
166.97469387755103
167.5784126984127
168.18213151927438
168.76263038548754
169.3663492063492
169.97006802721089
170.55056689342405
171.15428571428572
171.73478458049885
172.33850340136055
172.9190022675737
173.52272108843536
174.10321995464852
174.7069387755102
175.28743764172336
175.89115646258503
176.4948752834467
177.0985941043084
177.67909297052154
178.2595918367347
178.86331065759637
179.46702947845804
180.0475283446712
180.65124716553288
181.2781859410431
181.88190476190476
182.55528344671202
