1.4628571428571429
1.9272562358276644
2.391655328798186
2.8560544217687074
3.320453514739229
3.7848526077097504
4.249251700680272
4.713650793650793
5.178049886621316
5.6656689342403626
6.130068027210885
6.5712471655328795
7.035646258503402
7.500045351473923
7.964444444444444
8.428843537414966
8.893242630385487
9.357641723356009
9.822040816326531
10.286439909297052
10.727619047619047
11.122358276643991
11.493877551020407
11.911836734693878
12.399455782312925
12.863854875283447
13.328253968253968
13.79265306122449
14.257052154195012
14.721451247165533
15.185850340136055
15.650249433106575
16.114648526077097
16.579047619047618
17.04344671201814
17.507845804988662
17.972244897959182
18.436643990929706
18.901043083900227
19.365442176870747
19.82984126984127
20.29424036281179
20.758639455782312
21.223038548752836
21.687437641723356
22.151836734693877
22.639455782312925
23.08063492063492
23.56825396825397
24.009433106575965
24.473832199546486
24.938231292517006
25.402630385487527
25.86702947845805
26.33142857142857
26.79582766439909
27.28344671201814
27.74784580498866
28.212244897959184
28.676643990929705
29.141043083900225
29.60544217687075
30.06984126984127
30.53424036281179
30.975419501133786
31.43981859410431
31.927437641723355
32.391836734693875
32.8562358276644
33.32063492063492
33.78503401360544
34.249433106575964
34.71383219954649
35.178231292517005
35.64263038548753
36.10702947845805
36.45532879818594
36.85006802721088
37.268027210884355
37.70920634920635
38.196825396825396
38.638004535147395
39.12562358276644
39.59002267573696
40.054421768707485
40.518820861678
40.983219954648526
41.44761904761905
41.9352380952381
42.399637188208615
42.86403628117914
43.32843537414966
43.769614512471655
44.257233560090704
44.698412698412696
45.16281179138322
45.627210884353744
46.09160997732426
46.556009070294785
47.02040816326531
47.484807256235825
47.94920634920635
48.4368253968254
48.901224489795915
49.36562358276644
49.80680272108844
50.29442176870748
50.73560090702948
51.22321995464853
51.66439909297052
52.128798185941044
52.61641723356009
53.08081632653061
53.52199546485261
54.00961451247166
54.474013605442174
54.9384126984127
55.3795918367347
55.843990929705214
56.33160997732426
56.79600907029479
57.2604081632653
57.72480725623583
58.18920634920635
58.65360544217687
59.11800453514739
59.60562358276644
60.070022675736965
60.53442176870748
60.998820861678006
61.46321995464853
61.92761904761905
62.39201814058957
62.85641723356009
63.32081632653061
63.785215419501135
64.24961451247165
64.71401360544218
65.1784126984127
65.64281179138322
66.10721088435375
66.57160997732426
67.03600907029478
67.5004081632653
67.96480725623583
68.42920634920635
68.89360544217688
69.35800453514739
69.82240362811791
70.28680272108843
70.75120181405896
71.21560090702948
71.68
72.14439909297052
72.60879818594104
73.09641723356009
73.56081632653061
74.00199546485261
74.46639455782314
74.95401360544217
75.4184126984127
75.88281179138322
76.34721088435374
76.81160997732427
77.27600907029479
77.7404081632653
78.20480725623582
78.66920634920635
79.13360544217687
79.5980045351474
80.06240362811792
80.52680272108843
80.99120181405895
81.45560090702948
81.92
82.38439909297053
82.84879818594105
83.31319727891156
83.77759637188208
84.24199546485261
84.70639455782313
85.17079365079366
85.63519274376418
86.09959183673469
86.56399092970521
87.05160997732426
87.51600907029479
87.98040816326531
88.44480725623583
88.90920634920634
89.35038548752834
89.81478458049887
90.27918367346939
90.74358276643991
91.20798185941042
91.67238095238095
92.13678004535147
92.601179138322
93.01913832199547
93.43709750566893
93.78539682539683
94.24979591836734
94.71419501133786
95.17859410430839
95.64299319727891
96.08417233560091
96.57179138321996
97.03619047619047
97.500589569161
97.96498866213152
98.42938775510204
98.91700680272109
99.35818594104309
99.8225850340136
100.28698412698412
100.77460317460317
101.21578231292517
101.70340136054422
102.16780045351474
102.63219954648527
103.09659863945578
103.58421768707483
104.0950566893424
104.60589569160997
105.1631746031746
105.62757369614512
106.09197278911564
106.55637188208617
107.02077097505669
107.48517006802722
107.94956916099773
108.41396825396825
108.87836734693877
109.3427664399093
109.83038548752835
110.34122448979592
110.82884353741497
111.38612244897959
111.92018140589569
112.38458049886621
112.87219954648526
113.31337868480726
113.77777777777777
114.2421768707483
114.70657596371882
115.17097505668934
115.63537414965987
116.09977324263039
116.61061224489796
117.12145124716554
117.63229024943311
118.18956916099773
118.65396825396826
119.11836734693877
119.58276643990929
120.04716553287982
120.51156462585034
120.97596371882086
121.44036281179139
121.92798185941044
122.36916099773242
122.83356009070295
123.20507936507937
123.66947845804988
124.1338775510204
124.59827664399093
125.03945578231293
125.45741496598639
125.87537414965986
126.33977324263039
126.80417233560091
127.26857142857143
127.73297052154194
128.19736961451247
128.661768707483
129.12616780045352
129.59056689342404
130.05496598639456
130.5193650793651
130.9837641723356
131.47138321995465
131.93578231292517
132.4001814058957
132.86458049886622
133.32897959183674
133.79337868480727
134.2577777777778
134.69895691609977
135.1865759637188
135.65097505668933
136.11537414965986
136.57977324263038
137.0441723356009
137.50857142857143
137.97297052154195
138.43736961451248
138.901768707483
139.36616780045352
139.83056689342405
140.29496598639454
140.75936507936507
141.2237641723356
141.80426303854875
142.31510204081633
142.8259410430839
143.31356009070294
143.77795918367346
144.24235827664398
144.683537414966
145.17115646258503
145.63555555555556
146.09995464852608
146.5643537414966
147.02875283446713
147.49315192743765
147.95755102040818
148.42195011337867
148.8863492063492
149.35074829931972
149.81514739229024
150.27954648526077
150.7439455782313
151.20834467120181
151.67274376417234
152.13714285714286
152.6015419501134
153.0659410430839
153.55356009070294
153.99473922902493
154.482358276644
154.94675736961452
155.41115646258504
155.87555555555556
