0.5340589569160997
0.9984580498866213
1.4628571428571429
1.9272562358276644
2.391655328798186
2.8560544217687074
3.3436734693877552
3.8080725623582765
4.272471655328798
4.73687074829932
5.201269841269841
5.688888888888889
6.15328798185941
6.617687074829932
7.082086167800454
7.546485260770975
8.010884353741497
8.498503401360544
8.962902494331066
9.427301587301587
9.891700680272109
10.356099773242631
10.843718820861678
11.3081179138322
11.77251700680272
12.236916099773243
12.701315192743763
13.165714285714285
13.653333333333334
14.117732426303855
14.582131519274377
15.046530612244897
15.534149659863946
15.998548752834466
16.46294784580499
16.92734693877551
17.39174603174603
17.87936507936508
18.3437641723356
18.808163265306124
19.272562358276645
19.736961451247165
20.224580498866214
20.712199546485262
21.176598639455783
21.640997732426303
22.105396825396827
22.54657596371882
23.034195011337868
23.49859410430839
23.962993197278912
24.427392290249433
24.91501133786848
25.356190476190477
25.843809523809522
26.308208616780046
26.772607709750567
27.237006802721087
27.724625850340136
28.16580498866213
28.65342403628118
29.1178231292517
29.58222222222222
30.046621315192745
30.53424036281179
30.998639455782314
31.463038548752834
31.90421768707483
32.391836734693875
32.8562358276644
33.34385487528345
33.80825396825397
34.27265306122449
34.73705215419501
35.22467120181406
35.66585034013605
36.1534693877551
36.64108843537415
37.1287074829932
37.54666666666667
38.034285714285716
38.49868480725623
38.963083900226756
39.42748299319728
39.91510204081633
40.379501133786846
40.84390022675737
41.308299319727894
41.77269841269841
42.237097505668935
42.72471655328798
43.1891156462585
43.653514739229024
44.11791383219955
44.582312925170065
45.04671201814059
45.53433106575964
45.99873015873016
46.46312925170068
46.9275283446712
47.41514739229025
47.87954648526077
48.34394557823129
48.808344671201816
49.27274376417233
49.76036281179138
50.224761904761905
50.68916099773243
51.153560090702946
51.61795918367347
52.082358276643994
52.54675736961451
53.03437641723356
53.498775510204084
53.9631746031746
54.427573696145124
54.91519274376417
55.356371882086165
55.843990929705214
56.30839002267574
56.77278911564626
57.23718820861678
57.72480725623583
58.18920634920635
58.65360544217687
59.11800453514739
59.582403628117916
60.070022675736965
60.53442176870748
60.998820861678006
61.46321995464853
61.92761904761905
62.415238095238095
62.87963718820862
63.344036281179136
63.80843537414966
64.27283446712018
64.7372335600907
65.22485260770975
65.68925170068027
66.1536507936508
66.61804988662132
67.08244897959183
67.57006802721088
68.05768707482993
68.49886621315193
69.0097052154195
69.42766439909298
69.91528344671202
70.37968253968253
70.86730158730158
71.30848072562358
71.79609977324263
72.23727891156463
72.72489795918368
73.18929705215419
73.67691609977324
74.14131519274376
74.60571428571428
75.04689342403628
75.53451247165533
75.99891156462586
76.46331065759637
76.92770975056689
77.41532879818594
77.87972789115646
78.34412698412699
78.80852607709751
79.27292517006802
79.73732426303854
80.2249433106576
80.68934240362812
81.15374149659864
81.61814058956917
82.08253968253969
82.5469387755102
83.03455782312925
83.49895691609977
83.9633560090703
84.42775510204082
84.91537414965987
85.37977324263039
85.8441723356009
86.30857142857143
86.77297052154195
87.260589569161
87.72498866213152
88.18938775510205
88.65378684807256
89.11818594104308
89.60580498866213
90.07020408163265
90.53460317460318
90.9990022675737
91.46340136054421
91.92780045351473
92.41541950113378
92.87981859410431
93.34421768707483
93.80861678004536
94.2962358276644
94.76063492063491
95.22503401360544
95.68943310657596
96.15383219954649
96.64145124716553
97.10585034013606
97.54702947845804
98.03464852607709
98.49904761904762
98.98666666666666
99.45106575963719
99.93868480725624
100.40308390022676
100.84426303854875
101.30866213151927
101.81950113378684
102.30712018140589
102.74829931972789
103.21269841269842
103.70031746031746
104.18793650793651
104.6291156462585
105.0702947845805
105.55791383219955
106.02231292517007
106.50993197278912
106.97433106575964
107.43873015873015
107.90312925170068
108.34430839002268
108.8087074829932
109.29632653061225
109.7839455782313
110.24834467120182
110.71274376417233
111.17714285714285
111.6647619047619
112.12916099773243
112.57034013605443
113.03473922902495
113.49913832199546
113.96353741496598
114.42793650793651
114.91555555555556
115.37995464852608
115.8443537414966
116.30875283446711
116.77315192743764
117.23755102040816
117.70195011337869
118.18956916099773
118.65396825396826
119.11836734693877
119.58276643990929
120.07038548752834
120.53478458049887
120.99918367346939
121.46358276643991
121.92798185941044
122.41560090702947
122.85678004535147
123.34439909297052
123.80879818594104
124.27319727891157
124.73759637188209
125.2019954648526
125.66639455782312
126.15401360544217
126.64163265306122
127.10603174603175
127.57043083900227
128.03482993197278
128.4760090702948
128.96362811791383
129.42802721088435
129.91564625850341
130.3568253968254
130.84444444444443
131.30884353741496
131.77324263038548
132.237641723356
132.72526077097507
133.18965986394556
133.6540589569161
134.1184580498866
134.60607709750568
135.0704761904762
135.53487528344672
135.99927437641725
136.46367346938774
136.92807256235827
137.3924716553288
137.85687074829931
138.34448979591838
138.8088888888889
139.2732879818594
139.73768707482992
140.22530612244898
140.66648526077097
141.15410430839003
141.61850340136056
142.1061224489796
142.57052154195011
143.03492063492064
143.49931972789116
143.9637188208617
144.4281179138322
144.89251700680273
145.38013605442177
