0.06965986394557823
0.6501587301587302
1.18421768707483
1.7414965986394557
2.2523356009070294
2.786394557823129
3.320453514739229
3.877732426303855
4.4117913832199545
4.9458503401360545
5.50312925170068
6.03718820861678
6.5712471655328795
7.1053061224489795
7.662585034013605
8.219863945578231
8.777142857142858
9.334421768707482
9.891700680272109
10.448979591836734
10.983038548752834
11.493877551020407
12.027936507936507
12.561995464852608
13.096054421768708
13.630113378684808
14.164172335600908
14.721451247165533
15.255510204081633
15.789569160997733
16.34684807256236
16.880907029478458
17.41496598639456
17.949024943310658
18.506303854875284
19.040362811791383
19.59764172335601
20.154920634920636
20.688979591836734
21.24625850340136
21.803537414965987
22.31437641723356
22.871655328798187
23.42893424036281
23.986213151927437
24.52027210884354
25.077551020408162
25.63482993197279
26.192108843537415
26.749387755102042
27.30666666666667
27.840725623582767
28.398004535147393
28.955283446712016
29.512562358276643
30.06984126984127
30.603900226757368
31.13795918367347
31.71845804988662
32.275736961451244
32.833015873015874
33.36707482993197
33.90113378684807
34.4584126984127
35.015691609977324
35.54975056689342
36.10702947845805
36.664308390022676
37.2215873015873
37.755646258503404
38.31292517006803
38.846984126984125
39.42748299319728
39.96154195011338
40.518820861678
41.05287981859411
41.61015873015873
42.16743764172335
42.72471655328798
43.281995464852606
43.816054421768705
44.373333333333335
44.93061224489796
45.48789115646259
46.04517006802721
46.556009070294785
47.09006802721088
47.64734693877551
48.204625850340136
48.76190476190476
49.295963718820865
49.85324263038549
50.41052154195011
50.944580498866216
51.50185941043084
52.05913832199546
52.61641723356009
53.15047619047619
53.707755102040814
54.265034013605444
54.79909297052154
55.356371882086165
55.913650793650795
56.47092970521542
57.02820861678005
57.58548752834467
58.11954648526077
58.6768253968254
59.2108843537415
59.76816326530612
60.32544217687075
60.836281179138325
61.37034013605442
61.90439909297052
62.48489795918368
63.018956916099775
63.5762358276644
64.13351473922903
64.69079365079365
65.22485260770975
65.78213151927437
66.31619047619047
66.87346938775511
67.43074829931973
67.98802721088435
68.52208616780045
69.07936507936508
69.6366439909297
70.17070294784581
70.72798185941043
71.30848072562358
71.84253968253968
72.37659863945578
72.9338775510204
73.49115646258504
74.04843537414966
74.58249433106576
75.11655328798186
75.697052154195
76.25433106575964
76.81160997732427
77.34566893424036
77.87972789115646
78.43700680272109
78.99428571428571
79.55156462585035
80.10884353741497
80.64290249433107
81.20018140589569
81.73424036281179
82.29151927437641
82.84879818594105
83.40607709750567
83.94013605442177
84.4974149659864
85.05469387755102
85.61197278911564
86.14603174603175
86.70331065759638
87.260589569161
87.81786848072562
88.37514739229024
88.90920634920634
89.46648526077098
90.0237641723356
90.5578231292517
91.11510204081632
91.64916099773242
92.20643990929705
92.74049886621316
93.29777777777778
93.8550566893424
94.3891156462585
94.94639455782313
95.50367346938775
96.08417233560091
96.61823129251701
97.17551020408163
97.73278911564626
98.29006802721088
98.80090702947845
99.35818594104309
99.89224489795919
100.42630385487529
100.96036281179138
101.49442176870748
102.0517006802721
102.5857596371882
103.1198185941043
103.65387755102041
104.21115646258504
104.72199546485261
105.27927437641723
105.79011337868481
106.34739229024943
106.90467120181405
107.43873015873015
107.94956916099773
108.48362811791384
109.04090702947846
109.57496598639456
110.10902494331066
110.64308390022676
111.20036281179138
111.71120181405895
112.22204081632653
112.77931972789116
113.31337868480726
113.84743764172336
114.40471655328798
114.9619954648526
115.63537414965987
116.26231292517006
116.84281179138323
117.37687074829932
117.8877097505669
118.44498866213152
119.00226757369614
119.62920634920636
120.23292517006803
120.8366439909297
121.3707029478458
121.9047619047619
122.46204081632654
122.99609977324263
123.57659863945578
124.24997732426304
124.87691609977324
125.43419501133786
125.9914739229025
126.50231292517007
127.03637188208617
127.5936507936508
128.24380952380952
128.8475283446712
129.4512471655329
130.0085260770975
130.5425850340136
131.0766439909297
131.6107029478458
132.16798185941042
132.72526077097507
133.25931972789115
133.81659863945578
134.3738775510204
134.93115646258502
135.48843537414967
136.02249433106576
136.57977324263038
137.1138321995465
137.67111111111112
138.2051700680272
138.76244897959182
139.31972789115648
139.8770068027211
140.43428571428572
140.99156462585034
141.52562358276643
142.08290249433108
142.61696145124716
143.1742403628118
143.7315192743764
144.28879818594103
144.82285714285715
145.38013605442177
145.9374149659864
146.49469387755101
147.02875283446713
