1.6950566893424037
2.1130158730158732
2.5309750566893423
2.9257142857142857
3.3436734693877552
3.7616326530612243
4.156371882086168
4.574331065759637
4.992290249433107
5.410249433106576
5.828208616780046
6.246167800453515
6.664126984126984
7.058866213151927
7.476825396825397
7.894784580498866
8.312743764172335
8.730702947845804
9.148662131519274
9.58984126984127
9.984580498866213
10.402539682539683
10.820498866213152
11.23845804988662
11.656417233560092
12.07437641723356
12.49233560090703
12.910294784580499
13.328253968253968
13.746213151927437
14.164172335600908
14.582131519274377
15.000090702947846
15.418049886621315
15.81278911564626
16.23074829931973
16.648707482993196
17.066666666666666
17.484625850340137
17.902585034013605
18.320544217687075
18.738503401360543
19.156462585034014
19.574421768707484
19.99238095238095
20.410340136054423
20.805079365079365
21.24625850340136
21.66421768707483
22.0821768707483
22.50013605442177
22.918095238095237
23.336054421768708
23.754013605442175
24.171972789115646
24.589931972789117
24.98467120181406
25.402630385487527
25.820589569160997
26.23854875283447
26.656507936507936
27.074467120181406
27.492426303854874
27.910385487528345
28.328344671201815
28.746303854875283
29.164263038548754
29.58222222222222
30.00018140589569
30.418140589569163
30.812879818594105
31.2540589569161
31.648798185941043
32.066757369614514
32.48471655328798
32.90267573696145
33.34385487528345
33.761814058956915
34.15655328798186
34.57451247165533
34.9924716553288
35.41043083900227
35.828390022675734
36.24634920634921
36.664308390022676
37.08226757369614
37.50022675736962
37.918185941043085
38.31292517006803
38.730884353741494
39.14884353741497
39.566802721088436
39.9847619047619
40.4259410430839
40.820680272108845
41.23863945578231
41.65659863945578
42.074557823129254
42.49251700680272
42.887256235827664
43.32843537414966
43.74639455782313
44.1643537414966
44.582312925170065
45.00027210884354
45.41823129251701
45.836190476190474
46.25414965986395
46.64888888888889
47.09006802721088
47.50802721088435
47.925986394557825
48.32072562358277
48.738684807256234
49.1566439909297
49.574603174603176
49.99256235827664
50.41052154195011
50.85170068027211
51.24643990929705
51.66439909297052
52.082358276643994
52.50031746031746
52.91827664399093
53.336235827664396
53.730975056689346
54.17215419501134
54.590113378684805
54.98485260770975
55.40281179138322
55.82077097505669
56.23873015873016
56.679909297052156
57.09786848072562
57.492607709750565
57.91056689342403
58.32852607709751
58.746485260770974
59.14122448979592
59.582403628117916
60.00036281179138
60.395102040816326
60.836281179138325
61.25424036281179
61.67219954648526
62.09015873015873
62.48489795918368
62.902857142857144
63.32081632653061
63.73877551020408
64.15673469387755
64.57469387755103
64.99265306122449
65.41061224489796
65.82857142857142
66.2465306122449
66.66448979591837
67.08244897959183
67.47718820861678
67.91836734693878
68.31310657596372
68.75428571428571
69.17224489795919
69.56698412698412
69.9849433106576
70.40290249433106
70.82086167800453
71.23882086167801
71.65678004535147
72.07473922902494
72.49269841269842
72.91065759637188
73.30539682539683
73.74657596371883
74.16453514739229
74.58249433106576
75.00045351473923
75.39519274376417
75.81315192743764
76.20789115646258
76.64907029478458
77.09024943310658
77.48498866213151
77.90294784580499
78.32090702947846
78.73886621315192
79.1568253968254
79.57478458049887
79.99274376417233
80.4107029478458
80.82866213151928
81.24662131519274
81.66458049886621
82.08253968253969
82.50049886621315
82.8952380952381
83.33641723356008
83.75437641723356
84.17233560090703
84.56707482993197
84.98503401360544
85.40299319727892
85.82095238095238
86.23891156462585
86.68009070294785
87.09804988662131
87.49278911564626
87.91074829931972
88.3287074829932
88.72344671201814
89.16462585034013
89.5825850340136
90.00054421768708
90.41850340136054
90.81324263038549
91.25442176870749
91.67238095238095
92.09034013605442
92.5082993197279
92.90303854875283
93.34421768707483
93.7621768707483
94.18013605442177
94.59809523809524
95.0160544217687
95.41079365079365
95.82875283446712
96.24671201814058
96.66467120181406
97.08263038548753
97.500589569161
97.91854875283447
98.33650793650794
98.7544671201814
99.17242630385488
99.59038548752835
100.00834467120181
100.40308390022676
100.82104308390022
101.2390022675737
101.65696145124717
102.07492063492063
102.4928798185941
102.91083900226758
103.32879818594104
103.74675736961451
104.16471655328799
104.58267573696145
105.00063492063492
105.41859410430838
105.83655328798186
106.25451247165533
106.67247165532879
107.09043083900227
107.48517006802722
107.90312925170068
108.32108843537415
108.73904761904762
109.15700680272109
109.57496598639456
109.99292517006803
110.4108843537415
110.82884353741497
111.24680272108843
111.6647619047619
112.08272108843538
112.50068027210884
112.91863945578231
113.33659863945579
113.75455782312925
114.17251700680272
114.5904761904762
115.00843537414966
115.4031746031746
115.82113378684807
116.23909297052154
116.65705215419501
117.07501133786847
117.49297052154195
117.91092970521542
118.32888888888888
118.74684807256236
119.16480725623583
119.58276643990929
120.00072562358277
120.41868480725624
120.8366439909297
121.25460317460318
121.67256235827665
122.09052154195011
122.50848072562358
122.90321995464852
123.34439909297052
123.73913832199547
124.15709750566893
124.5750566893424
124.99301587301588
125.41097505668934
125.82893424036281
126.24689342403629
126.66485260770975
127.08281179138322
127.5007709750567
127.89551020408163
128.33668934240362
128.73142857142858
129.14938775510205
129.59056689342404
130.0085260770975
130.426485260771
130.84444444444443
131.2624036281179
131.65714285714284
132.07510204081632
132.4930612244898
132.91102040816327
133.32897959183674
133.74693877551022
134.16489795918366
134.58285714285714
135.0008163265306
135.41877551020409
135.83673469387756
136.25469387755103
136.64943310657597
137.09061224489795
137.50857142857143
137.90331065759636
138.32126984126984
138.7392290249433
139.1571882086168
139.57514739229026
139.9931065759637
140.41106575963718
140.8522448979592
141.27020408163264
141.6649433106576
142.08290249433108
142.50086167800453
142.918820861678
143.33678004535147
143.75473922902495
144.17269841269842
144.59065759637187
145.00861678004534
145.4033560090703
145.8445351473923
146.23927437641723
146.6572335600907
147.07519274376418
147.49315192743765
147.9111111111111
148.32907029478457
148.74702947845805
149.16498866213152
149.582947845805
150.00090702947847
150.41886621315192
150.8368253968254
151.25478458049886
151.67274376417234
152.0907029478458
152.5086621315193
152.92662131519273
153.3445804988662
153.76253968253968
154.18049886621316
154.59845804988663
155.01641723356008
155.41115646258504
155.82911564625851
156.24707482993196
156.66503401360544
157.0829931972789
157.50095238095238
157.91891156462586
158.33687074829933
158.75482993197278
159.17278911564625
159.59074829931973
160.0087074829932
160.40344671201814
160.84462585034012
161.2625850340136
161.68054421768707
162.09850340136055
162.49324263038548
162.91120181405896
163.32916099773243
163.7471201814059
164.16507936507938
164.60625850340136
165.0009977324263
165.41895691609977
165.83691609977325
166.25487528344672
166.67283446712017
167.09079365079364
167.50875283446712
167.9267120181406
168.32145124716553
168.739410430839
169.15736961451248
169.57532879818595
169.99328798185942
170.41124716553287
170.82920634920634
171.27038548752836
171.6883446712018
172.08308390022677
172.5010430839002
