1.7647165532879818
2.345215419501134
3.0650340136054424
3.7848526077097504
4.365351473922902
4.9458503401360545
5.50312925170068
6.0836281179138325
6.640907029478458
7.22140589569161
7.801904761904762
8.359183673469389
8.93968253968254
9.520181405895691
10.077460317460318
10.65795918367347
11.23845804988662
11.818956916099774
12.353015873015874
12.933514739229025
13.514013605442177
14.117732426303855
14.814331065759637
15.487709750566893
16.068208616780044
16.648707482993196
17.22920634920635
17.786485260770974
18.36698412698413
18.94748299319728
19.504761904761907
20.085260770975058
20.64253968253968
21.223038548752836
21.803537414965987
22.360816326530614
22.941315192743765
23.521814058956917
24.079092970521543
24.636371882086166
25.21687074829932
25.797369614512473
26.377868480725624
26.93514739229025
27.515646258503402
28.07292517006803
28.63020408163265
29.210702947845807
29.814421768707483
30.37170068027211
30.95219954648526
31.509478458049887
32.08997732426304
32.64725623582766
33.20453514739229
33.78503401360544
34.365532879818595
34.94603174603174
35.50331065759637
36.08380952380952
36.64108843537415
37.2215873015873
37.802086167800454
38.35936507936508
38.93986394557823
39.52036281179139
40.07764172335601
40.658140589569165
41.23863945578231
41.795918367346935
42.37641723356009
42.93369614512471
43.51419501133787
44.07147392290249
44.651972789115646
45.2324716553288
45.789750566893424
46.37024943310658
46.9275283446712
47.50802721088435
48.088526077097505
48.64580498866213
49.22630385487528
49.80680272108844
50.36408163265306
50.944580498866216
51.50185941043084
52.082358276643994
52.66285714285714
53.22013605442177
53.80063492063492
54.35791383219954
54.9384126984127
55.49569160997732
56.076190476190476
56.65668934240363
57.213968253968254
57.79446712018141
58.35174603174603
58.93224489795919
59.512743764172335
60.070022675736965
60.53442176870748
61.09170068027211
61.648979591836735
62.22947845804989
62.83319727891156
63.39047619047619
63.947755102040816
64.50503401360544
65.0855328798186
65.64281179138322
66.22331065759637
66.80380952380952
67.5004081632653
68.08090702947845
68.66140589569162
69.21868480725624
69.77596371882086
70.35646258503401
70.91374149659863
71.4942403628118
72.07473922902494
72.63201814058957
73.21251700680273
73.79301587301588
74.3502947845805
74.93079365079365
75.48807256235828
76.06857142857143
76.64907029478458
77.2063492063492
77.78684807256236
78.36734693877551
78.92462585034014
79.48190476190476
80.06240362811792
80.64290249433107
81.22340136054422
81.78068027210884
82.361179138322
82.91845804988662
83.47573696145125
84.0562358276644
84.63673469387756
85.2172335600907
85.79773242630385
86.35501133786848
86.93551020408164
87.49278911564626
88.07328798185941
88.63056689342403
89.2110657596372
89.79156462585034
90.34884353741496
90.92934240362811
91.48662131519275
92.0671201814059
92.62439909297052
93.20489795918367
93.78539682539683
94.34267573696145
94.9231746031746
95.50367346938775
96.08417233560091
96.64145124716553
97.22195011337868
97.7792290249433
98.35972789115647
98.91700680272109
99.49750566893424
100.05478458049886
100.63528344671202
101.21578231292517
101.7730612244898
102.35356009070294
102.9340589569161
103.49133786848073
104.07183673469387
