0.06965986394557823
0.5108390022675737
0.9752380952380952
1.4396371882086167
1.9040362811791383
2.36843537414966
2.8328344671201813
3.297233560090703
3.8312925170068026
4.388571428571429
4.783310657596372
5.178049886621316
5.596009070294785
6.013968253968254
6.455147392290249
6.989206349206349
7.523265306122449
8.057324263038549
8.544943310657596
9.009342403628118
9.47374149659864
9.93814058956916
10.379319727891156
10.843718820861678
11.284897959183674
11.72607709750567
12.120816326530612
12.515555555555556
12.910294784580499
13.351473922902494
13.815873015873017
14.303492063492063
14.744671201814059
15.185850340136055
15.650249433106575
16.091428571428573
16.579047619047618
17.04344671201814
17.507845804988662
17.949024943310658
18.413424036281178
18.854603174603174
19.319002267573698
19.783401360544218
20.24780045351474
20.688979591836734
21.153378684807254
21.61777777777778
22.058956916099774
22.523356009070294
22.987755102040815
23.45215419501134
23.893333333333334
24.357732426303855
24.822131519274375
25.26331065759637
25.727709750566895
26.192108843537415
26.656507936507936
27.12090702947846
27.58530612244898
28.026485260770976
28.490884353741496
28.93206349206349
29.396462585034012
29.860861678004536
30.325260770975056
30.789659863945577
31.277278911564625
31.71845804988662
32.15963718820862
32.60081632653061
33.065215419501136
33.52961451247165
33.99401360544218
34.4584126984127
34.89959183673469
35.34077097505669
35.80517006802721
36.26956916099773
36.73396825396826
37.198367346938774
37.63954648526077
38.12716553287982
38.61478458049886
39.05596371882086
39.52036281179139
39.9847619047619
40.4259410430839
40.89034013605442
41.37795918367347
41.84235827664399
42.283537414965984
42.72471655328798
43.1891156462585
43.653514739229024
44.09469387755102
44.55909297052154
45.023492063492064
45.464671201814056
45.92907029478458
46.37024943310658
46.834648526077096
47.275827664399095
47.74022675736961
48.18140589569161
48.64580498866213
49.13342403628118
49.5978231292517
50.062222222222225
50.50340136054422
50.96780045351474
51.43219954648526
51.89659863945578
52.38421768707483
52.82539682539682
53.26657596371882
53.730975056689346
54.17215419501134
54.63655328798186
55.10095238095238
55.5653514739229
56.006530612244894
56.47092970521542
56.93532879818594
57.42294784580499
57.88734693877551
58.35174603174603
58.816145124716556
59.25732426303855
59.72172335600907
60.18612244897959
60.65052154195011
61.11492063492064
61.57931972789115
62.04371882086168
62.48489795918368
62.94929705215419
63.39047619047619
63.85487528344671
64.31927437641724
64.76045351473923
65.24807256235827
65.7124716553288
66.17687074829932
66.64126984126985
67.08244897959183
67.54684807256236
68.01124716553288
68.45242630385488
68.89360544217688
69.35800453514739
69.82240362811791
70.31002267573696
70.75120181405896
71.21560090702948
71.68
72.14439909297052
72.58557823129252
73.04997732426304
73.51437641723356
73.95555555555555
74.41995464852607
74.90757369614512
75.37197278911565
75.83637188208617
76.27755102040817
76.74195011337868
77.2063492063492
77.67074829931973
78.13514739229025
78.59954648526077
79.0639455782313
79.50512471655328
79.9695238095238
80.43392290249433
80.89832199546485
81.36272108843538
81.80390022675736
82.24507936507936
82.70947845804989
83.17387755102041
83.63827664399093
84.10267573696144
84.54385487528344
85.03147392290249
85.49587301587302
85.96027210884354
86.40145124716554
86.86585034013605
87.33024943310657
87.77142857142857
88.21260770975057
88.6770068027211
89.16462585034013
89.60580498866213
90.04698412698413
90.51138321995465
90.97578231292518
91.44018140589569
91.99746031746032
92.55473922902495
93.01913832199547
93.48353741496598
93.9479365079365
94.41233560090703
94.87673469387755
95.31791383219955
95.75909297052154
96.22349206349206
96.68789115646258
97.12907029478458
97.5934693877551
98.05786848072562
98.52226757369614
99.05632653061224
99.61360544217688
100.12444444444445
100.58884353741496
101.05324263038548
101.51764172335601
101.958820861678
102.42321995464853
102.86439909297052
103.30557823129251
103.79319727891156
104.23437641723356
104.69877551020409
105.13995464852607
105.6043537414966
106.06875283446712
106.53315192743764
106.97433106575964
107.41551020408163
107.87990929705215
108.3675283446712
108.85514739229025
109.29632653061225
109.73750566893425
110.20190476190476
110.66630385487528
111.1307029478458
111.61832199546485
112.05950113378685
112.52390022675738
112.98829931972789
113.45269841269841
113.89387755102041
114.35827664399093
114.82267573696146
115.26385487528344
115.70503401360544
116.19265306122449
116.65705215419501
117.09823129251701
117.56263038548752
118.00380952380952
118.44498866213152
118.90938775510205
119.3970068027211
119.8614058956916
120.32580498866213
120.79020408163265
121.23138321995465
121.67256235827665
122.16018140589568
122.62458049886621
123.08897959183673
123.53015873015873
123.99455782312926
124.43573696145124
124.90013605442176
125.31809523809524
125.80571428571429
126.27011337868481
126.7112925170068
127.17569160997732
127.66331065759637
128.1277097505669
128.5688888888889
129.03328798185942
129.4744671201814
129.93886621315193
130.40326530612245
130.86766439909297
131.3320634920635
131.79646258503402
132.28408163265306
132.74848072562358
133.18965986394556
133.63083900226758
134.0952380952381
134.5364172335601
135.0008163265306
135.46521541950113
135.92961451247166
136.39401360544218
136.88163265306122
137.32281179138323
137.78721088435375
138.25160997732425
138.69278911564626
139.13396825396825
139.59836734693877
140.0627664399093
140.50394557823128
140.9451247165533
141.43274376417233
141.89714285714285
142.36154195011338
142.80272108843536
143.2671201814059
143.7315192743764
144.17269841269842
144.63709750566895
145.10149659863944
145.56589569160997
146.0302947845805
146.49469387755101
146.95909297052154
147.42349206349206
147.8878911564626
148.32907029478457
148.81668934240363
149.28108843537416
149.72226757369614
150.18666666666667
150.6510657596372
151.11546485260772
151.57986394557824
152.02104308390022
152.48544217687075
152.94984126984127
153.39102040816326
153.85541950113378
154.3198185941043
154.78421768707483
155.2253968253968
155.68979591836734
156.15419501133786
156.6185941043084
157.0829931972789
157.5241723356009
157.98857142857142
158.45297052154194
158.89414965986396
159.35854875283448
159.82294784580498
160.2873469387755
160.75174603174602
161.21614512471655
161.68054421768707
162.1449433106576
162.58612244897958
163.0273015873016
163.49170068027212
163.95609977324264
164.42049886621317
164.88489795918366
165.32607709750567
165.76725623582766
166.23165532879818
166.67283446712017
167.11401360544218
167.55519274376417
168.0195918367347
168.48399092970521
168.94839002267574
169.43600907029477
169.9004081632653
170.38802721088436
170.82920634920634
171.27038548752836
171.7580045351474
172.19918367346938
172.6635827664399
173.10476190476192
173.56916099773244
174.03356009070293
174.47473922902495
174.93913832199547
175.403537414966
175.89115646258503
176.33233560090702
176.79673469387754
177.26113378684806
177.70231292517008
178.14349206349206
178.58467120181405
179.02585034013606
179.5134693877551
180.00108843537416
180.4887074829932
180.95310657596372
181.3942857142857
181.85868480725622
182.32308390022675
182.76426303854876
183.2286621315193
183.6930612244898
184.1574603174603
184.66829931972788
185.1326984126984
185.59709750566893
186.0150566893424
186.4562358276644
186.8974149659864
187.36181405895692
187.82621315192745
188.29061224489797
188.73179138321996
189.19619047619048
189.660589569161
190.12498866213153
190.58938775510205
191.05378684807258
191.5414058956916
192.00580498866213
192.44698412698412
192.88816326530613
193.35256235827666
193.81696145124715
194.28136054421768
194.7457596371882
195.21015873015872
195.65133786848074
196.11573696145123
196.58013605442176
197.04453514739228
197.5089342403628
197.95011337868482
198.41451247165534
198.87891156462584
199.34331065759636
199.78448979591838
200.2488888888889
200.71328798185942
201.17768707482992
201.64208616780044
202.08326530612246
202.54766439909298
202.98884353741497
203.43002267573695
203.87120181405896
204.3356009070295
204.8
205.26439909297054
205.72879818594103
206.19319727891155
206.63437641723357
207.0987755102041
207.56317460317462
208.0275736961451
208.49197278911564
208.95637188208616
209.39755102040817
209.8619501133787
210.3263492063492
210.81396825396826
211.25514739229024
211.71954648526076
212.16072562358278
212.6251247165533
213.0895238095238
213.55392290249432
213.99510204081633
214.45950113378686
214.92390022675738
215.38829931972788
215.8526984126984
216.29387755102042
216.75827664399094
217.22267573696146
217.68707482993196
218.15147392290248
218.615873015873
219.05705215419502
219.52145124716554
219.96263038548753
220.42702947845805
220.89142857142858
221.3558276643991
221.82022675736962
222.28462585034015
222.74902494331064
223.19020408163266
223.65460317460318
224.1190022675737
224.58340136054423
225.04780045351475
225.48897959183674
225.95337868480726
226.39455782312925
226.85895691609977
227.3233560090703
227.76453514739228
228.2289342403628
228.69333333333333
229.1809523809524
229.64535147392291
230.0865306122449
230.55092970521542
231.01532879818595
231.45650793650793
231.92090702947846
232.38530612244898
232.8497052154195
233.2908843537415
233.755283446712
234.21968253968254
234.68408163265306
235.12526077097505
235.58965986394557
236.0540589569161
236.51845804988662
236.9596371882086
237.42403628117913
237.88843537414965
238.35283446712018
238.7940136054422
239.23519274376417
239.6995918367347
240.16399092970522
240.62839002267575
241.09278911564627
241.53396825396825
241.99836734693878
242.4627664399093
242.92716553287983
243.39156462585035
243.85596371882087
244.32036281179137
244.76154195011338
245.2259410430839
245.69034013605443
246.15473922902495
246.59591836734694
247.03709750566892
247.50149659863945
247.94267573696146
248.407074829932
248.84825396825397
249.335873015873
249.82349206349207
250.3111111111111
250.75229024943312
251.21668934240364
251.68108843537414
252.1687074829932
252.67954648526077
253.1671655328798
253.65478458049887
254.1424036281179
254.63002267573697
255.117641723356
255.62848072562358
256.0928798185941
256.55727891156465
257.0448979591837
257.5092970521542
257.9969160997732
258.4845351473923
258.9953741496599
259.4829931972789
259.9473922902494
