0.06965986394557823
0.5340589569160997
1.0216780045351475
1.486077097505669
1.9736961451247166
2.461315192743764
2.948934240362812
3.436553287981859
3.924172335600907
4.4117913832199545
4.899410430839002
5.410249433106576
5.874648526077097
6.362267573696145
6.849886621315193
7.337505668934241
7.825124716553288
8.312743764172335
8.777142857142858
9.264761904761905
9.752380952380953
10.24
10.727619047619047
11.215238095238096
11.679637188208616
12.167256235827665
12.654875283446712
13.142494331065759
13.630113378684808
14.117732426303855
14.605351473922903
15.09297052154195
15.557369614512472
16.04498866213152
16.532607709750568
17.020226757369613
17.507845804988662
17.99546485260771
18.483083900226756
18.970702947845805
19.435102040816325
19.922721088435374
20.410340136054423
20.897959183673468
21.385578231292516
21.873197278911565
22.337596371882086
22.825215419501134
23.289614512471655
23.800453514739228
24.288072562358277
24.775691609977326
25.240090702947846
25.727709750566895
26.192108843537415
26.70294784580499
27.16734693877551
27.654965986394558
28.11936507936508
28.606984126984127
29.1178231292517
29.60544217687075
30.093061224489794
30.55746031746032
31.045079365079363
31.532698412698412
32.02031746031746
32.507936507936506
32.995555555555555
33.483174603174604
33.97079365079365
34.4584126984127
34.94603174603174
35.41043083900227
35.898049886621315
36.385668934240364
36.85006802721088
37.33768707482993
37.82530612244898
38.31292517006803
38.800544217687076
39.288163265306125
39.75256235827664
40.24018140589569
40.72780045351474
41.21541950113379
41.67981859410431
42.190657596371885
42.6550566893424
43.165895691609975
43.6302947845805
44.11791383219955
44.6055328798186
45.09315192743764
45.55755102040816
46.068390022675736
46.53278911564626
47.02040816326531
47.484807256235825
47.9956462585034
48.48326530612245
48.970884353741496
49.458503401360545
49.946122448979594
50.41052154195011
50.89814058956916
51.38575963718821
51.87337868480726
52.360997732426306
52.848616780045354
53.31301587301587
53.80063492063492
54.28825396825397
54.77587301587302
55.263492063492066
55.72789115646258
56.21551020408163
56.70312925170068
57.167528344671204
57.655147392290246
58.11954648526077
58.583945578231294
59.09478458049887
59.60562358276644
60.09324263038549
60.58086167800454
61.06848072562358
61.55609977324263
62.02049886621315
62.531337868480726
62.97251700680272
63.46013605442177
63.947755102040816
64.43537414965986
64.94621315192744
65.43383219954649
65.92145124716554
66.38585034013606
66.87346938775511
67.36108843537414
67.84870748299319
68.33632653061224
68.80072562358276
69.28834467120181
69.77596371882086
70.26358276643991
70.72798185941043
71.21560090702948
71.70321995464853
72.19083900226758
72.65523809523809
73.14285714285714
73.63047619047619
74.11809523809524
74.60571428571428
75.07011337868481
75.58095238095238
76.06857142857143
76.53297052154196
77.020589569161
77.50820861678004
77.99582766439909
78.5298866213152
79.0639455782313
79.57478458049887
80.08562358276644
80.5732426303855
81.06086167800453
81.54848072562358
82.03609977324263
82.52371882086167
83.01133786848072
83.49895691609977
83.98657596371882
84.4974149659864
85.00825396825397
85.49587301587302
85.98349206349206
86.42467120181406
86.93551020408164
87.44634920634921
87.95718820861678
88.44480725623583
88.88598639455782
89.42004535147392
89.93088435374149
90.39528344671201
90.83646258503401
91.27764172335601
91.71882086167801
92.16
92.601179138322
93.042358276644
93.48353741496598
94.01759637188209
94.55165532879819
95.0160544217687
95.52689342403629
96.01451247165532
96.54857142857144
97.01297052154194
97.54702947845804
98.10430839002268
98.61514739229025
99.1027664399093
99.6368253968254
100.10122448979592
100.6120634920635
101.12290249433107
101.63374149659865
102.14458049886622
102.63219954648527
103.16625850340137
103.70031746031746
104.21115646258504
104.72199546485261
105.23283446712018
105.72045351473923
106.25451247165533
106.69569160997733
107.13687074829932
107.57804988662132
108.01922902494331
108.4604081632653
108.9015873015873
109.3427664399093
109.80716553287982
110.3180045351474
110.82884353741497
111.33968253968254
111.78086167800454
112.33814058956916
112.87219954648526
113.31337868480726
113.75455782312925
114.21895691609977
114.66013605442177
115.10131519274377
115.54249433106575
115.98367346938775
116.42485260770975
116.86603174603175
117.40009070294785
117.95736961451247
118.39854875283447
118.9558276643991
119.4898866213152
119.93106575963719
120.37224489795918
120.81342403628118
121.25460317460318
121.69578231292518
122.13696145124716
122.57814058956916
123.01931972789116
123.48371882086168
124.0409977324263
124.5750566893424
125.0162358276644
125.5502947845805
126.10757369614512
126.54875283446712
126.98993197278912
127.43111111111111
127.8722902494331
128.3134693877551
128.7546485260771
129.1958276643991
129.66022675736963
130.1942857142857
130.75156462585034
131.19274376417235
131.63392290249433
132.09832199546486
132.60916099773243
133.12
133.58439909297053
134.1184580498866
134.65251700680273
135.14013605442176
135.67419501133787
136.2314739229025
136.69587301587302
137.2299319727891
137.76399092970522
138.22839002267574
138.76244897959182
139.31972789115648
139.83056689342405
140.34140589569162
140.8522448979592
141.3166439909297
141.8507029478458
142.40798185941043
142.918820861678
143.4528798185941
143.94049886621315
144.40489795918367
144.9621768707483
145.4962358276644
145.9374149659864
146.37859410430838
146.8197732426304
147.26095238095238
147.7021315192744
148.14331065759637
148.58448979591836
149.02566893424037
149.4900680272109
150.02412698412698
150.5581859410431
151.02258503401362
151.5566439909297
152.11392290249432
152.55510204081634
152.99628117913832
153.4374603174603
153.87863945578232
154.3198185941043
154.7609977324263
155.2021768707483
155.6433560090703
156.2006349206349
156.75791383219953
157.19909297052155
157.68671201814058
158.19755102040816
158.73160997732427
159.17278911564625
159.61396825396827
160.05514739229025
160.49632653061224
160.9142857142857
161.37868480725623
161.81986394557822
162.26104308390023
162.79510204081632
163.35238095238094
163.81678004535146
164.25795918367348
164.69913832199546
165.18675736961453
165.65115646258502
166.20843537414967
166.7657142857143
167.34621315192743
167.7641723356009
168.32145124716553
168.87873015873015
169.43600907029477
169.97006802721089
170.4344671201814
170.92208616780044
171.4097052154195
171.89732426303854
172.3849433106576
172.9190022675737
173.4530612244898
173.94068027210884
174.4515192743764
174.93913832199547
175.47319727891156
175.98403628117913
176.51809523809524
177.02893424036282
177.5397732426304
178.02739229024942
178.56145124716554
179.0722902494331
179.58312925170068
180.11718820861677
180.62802721088434
181.1388662131519
181.6497052154195
182.11410430839
182.67138321995463
183.20544217687075
183.64662131519273
184.08780045351475
184.52897959183673
184.97015873015874
185.41133786848073
185.8525170068027
186.29369614512473
186.7348752834467
187.24571428571429
187.7797732426304
188.19773242630384
188.66213151927437
189.10331065759638
189.54448979591837
190.0088888888889
190.45006802721088
190.86802721088435
191.30920634920636
191.75038548752835
192.19156462585033
192.63274376417235
193.07392290249433
193.51510204081632
193.95628117913833
194.39746031746031
194.8386394557823
195.2798185941043
195.74421768707484
196.18539682539682
196.6265759637188
197.06775510204082
197.4857142857143
197.92689342403628
198.36807256235826
198.80925170068028
199.25043083900226
199.69160997732428
200.13278911564626
200.57396825396825
201.01514739229026
201.4331065759637
201.87428571428572
202.3154648526077
202.75664399092972
203.1978231292517
203.6390022675737
204.0801814058957
204.52136054421769
204.96253968253967
205.40371882086168
205.84489795918367
206.28607709750568
206.72725623582767
207.16843537414965
207.60961451247167
208.05079365079365
208.49197278911564
208.95637188208616
209.42077097505668
209.8851700680272
210.34956916099773
210.81396825396826
211.32480725623583
211.8356462585034
212.32326530612244
212.83410430839
213.34494331065758
213.85578231292516
214.36662131519273
214.90068027210884
215.41151927437642
215.922358276644
216.43319727891156
216.94403628117914
217.43165532879817
217.91927437641723
218.40689342403627
218.91773242630384
219.4053514739229
219.89297052154194
220.380589569161
220.86820861678004
221.3558276643991
221.84344671201814
222.3310657596372
222.84190476190477
223.3295238095238
223.81714285714287
224.3047619047619
224.79238095238094
225.28
225.79083900226757
226.2784580498866
226.76607709750567
227.27691609977325
227.76453514739228
228.25215419501134
228.73977324263038
229.22739229024944
229.71501133786848
230.22585034013605
230.7134693877551
231.20108843537415
231.6887074829932
232.17632653061224
232.6639455782313
233.15156462585034
233.66240362811791
234.15002267573695
234.637641723356
235.12526077097505
235.63609977324262
236.12371882086168
236.61133786848072
237.09895691609978
237.58657596371881
238.0974149659864
238.58503401360545
239.07265306122449
239.56027210884355
240.04789115646258
240.53551020408165
241.02312925170068
241.53396825396825
242.0215873015873
242.50920634920635
242.9968253968254
243.48444444444445
243.99528344671202
244.48290249433106
244.97052154195012
245.45814058956915
245.94575963718822
246.4565986394558
246.94421768707483
247.4318367346939
247.91945578231292
248.407074829932
248.89469387755102
249.4055328798186
249.89315192743763
250.3807709750567
250.86839002267573
251.3560090702948
251.84362811791382
252.3544671201814
252.84208616780046
253.3297052154195
253.81732426303856
254.3049433106576
254.79256235827665
255.30340136054423
255.79102040816326
256.2786394557823
256.7662585034014
257.2538775510204
257.764716553288
258.25233560090703
258.73995464852607
259.2275736961451
259.7151927437642
260.2028117913832
260.69043083900226
261.20126984126983
261.68888888888887
262.17650793650796
262.664126984127
263.15174603174603
263.6625850340136
264.15020408163264
264.63782312925173
265.12544217687076
265.63628117913834
266.12390022675737
266.6115192743764
267.09913832199544
267.58675736961453
268.07437641723357
268.58521541950114
269.0728344671202
269.5604535147392
270.0480725623583
270.53569160997733
271.02331065759637
271.53414965986394
272.021768707483
272.50938775510207
272.9970068027211
273.48462585034014
273.9954648526077
274.48308390022675
