0.3250793650793651
0.9287981859410431
1.509297052154195
2.089795918367347
2.670294784580499
3.250793650793651
3.8312925170068026
4.4117913832199545
4.992290249433107
5.572789115646258
6.15328798185941
6.733786848072563
7.314285714285714
7.918004535147392
8.498503401360544
9.079002267573696
9.659501133786849
10.24
10.820498866213152
11.400997732426303
11.981496598639456
12.561995464852608
13.142494331065759
13.722993197278912
14.303492063492063
14.883990929705215
15.464489795918368
16.04498866213152
16.62548752834467
17.205986394557822
17.786485260770974
18.36698412698413
18.94748299319728
19.52798185941043
20.108480725623583
20.688979591836734
21.269478458049885
21.849977324263037
22.430476190476192
23.010975056689343
23.61469387755102
24.19519274376417
24.775691609977326
25.356190476190477
25.93668934240363
26.51718820861678
27.09768707482993
27.678185941043083
28.258684807256238
28.83918367346939
29.41968253968254
30.00018140589569
30.580680272108843
31.161179138321994
31.741678004535146
32.3221768707483
32.90267573696145
33.483174603174604
34.08689342403628
34.644172335600906
35.22467120181406
35.828390022675734
36.40888888888889
36.96616780045351
37.56988662131519
38.15038548752835
38.730884353741494
39.31138321995465
39.8918820861678
40.47238095238095
41.05287981859411
41.633378684807255
42.21387755102041
42.79437641723356
43.37487528344671
43.95537414965986
44.535873015873015
45.11637188208617
45.69687074829932
46.27736961451247
46.85786848072562
47.4615873015873
48.042086167800456
48.59936507936508
49.179863945578234
49.783582766439906
50.36408163265306
50.944580498866216
51.525079365079364
52.10557823129252
52.68607709750567
53.26657596371882
53.84707482993197
54.427573696145124
55.00807256235828
55.58857142857143
56.16907029478458
56.74956916099773
57.330068027210885
57.91056689342403
58.49106575963719
59.07156462585034
59.65206349206349
60.232562358276645
60.81306122448979
61.39356009070295
61.9740589569161
62.55455782312925
63.135056689342406
63.715555555555554
64.2960544217687
64.87655328798186
65.48027210884354
66.06077097505668
66.64126984126985
67.221768707483
67.80226757369614
68.3827664399093
68.96326530612245
69.5437641723356
70.14748299319727
70.72798185941043
71.30848072562358
71.8657596371882
72.46947845804989
73.04997732426304
73.63047619047619
74.18775510204081
74.76825396825397
75.34875283446712
75.92925170068027
76.50975056689343
77.09024943310658
77.69396825396825
78.27446712018141
78.85496598639456
79.43546485260771
80.01596371882086
80.59646258503402
81.17696145124717
81.75746031746031
82.33795918367348
82.91845804988662
83.49895691609977
84.07945578231292
84.65995464852608
85.24045351473923
85.82095238095238
86.40145124716554
86.98195011337869
87.56244897959184
88.14294784580498
88.72344671201814
89.30394557823129
89.88444444444444
90.4649433106576
91.06866213151928
91.64916099773242
92.22965986394559
92.81015873015873
93.39065759637188
93.97115646258503
94.55165532879819
95.13215419501134
95.71265306122449
96.31637188208617
96.89687074829932
97.45414965986394
98.05786848072562
98.63836734693878
99.21886621315193
99.77614512471655
100.37986394557824
100.96036281179138
101.51764172335601
102.09814058956916
102.72507936507937
103.30557823129251
103.88607709750566
104.46657596371882
105.04707482993197
105.62757369614512
106.20807256235828
106.78857142857143
107.36907029478458
107.94956916099773
108.53006802721089
109.11056689342404
109.69106575963718
110.27156462585035
110.8520634920635
111.43256235827664
112.01306122448979
112.59356009070295
113.1740589569161
113.75455782312925
114.33505668934241
114.91555555555556
115.4960544217687
116.07655328798187
116.65705215419501
117.23755102040816
117.84126984126983
118.421768707483
119.00226757369614
119.58276643990929
120.16326530612245
120.7437641723356
121.32426303854875
121.9047619047619
122.48526077097506
123.06575963718821
123.64625850340136
124.22675736961452
124.80725623582767
125.38775510204081
125.96825396825396
126.54875283446712
127.12925170068027
127.70975056689342
128.29024943310657
128.87074829931973
129.4512471655329
130.03174603174602
130.6122448979592
131.19274376417235
131.77324263038548
132.35374149659864
132.93424036281178
133.51473922902494
134.0952380952381
134.67573696145124
135.27945578231294
135.85995464852607
136.44045351473923
137.0209523809524
137.60145124716553
138.1819501133787
138.76244897959182
139.34294784580499
140.0627664399093
140.7825850340136
141.36308390022677
141.9435827664399
142.52408163265306
143.10458049886623
143.68507936507936
144.26557823129252
144.8692970521542
145.44979591836736
146.0302947845805
146.61079365079365
147.19129251700681
