0.9752380952380952
1.6718367346938776
2.36843537414966
2.972154195011338
3.5294331065759637
4.133151927437642
4.690430839002268
5.270929705215419
5.851428571428571
6.455147392290249
7.012426303854875
7.592925170068027
8.17342403628118
8.753922902494331
9.334421768707482
9.914920634920636
10.495419501133787
11.075918367346938
11.656417233560092
12.236916099773243
12.794195011337868
13.397913832199546
13.955192743764172
14.55891156462585
15.116190476190477
15.696689342403628
16.27718820861678
16.857687074829933
17.438185941043084
18.018684807256236
18.599183673469387
19.17968253968254
19.736961451247165
20.340680272108845
20.921179138321996
21.501678004535147
22.0821768707483
22.66267573696145
23.219954648526077
23.823673469387757
24.38095238095238
24.961451247165535
25.541950113378686
26.122448979591837
26.70294784580499
27.28344671201814
27.86394557823129
28.421224489795918
29.00172335600907
29.489342403628118
30.093061224489794
30.65034013605442
31.207619047619048
31.811337868480727
32.48471655328798
33.065215419501136
33.645714285714284
34.22621315192744
34.80671201814059
35.36399092970522
35.944489795918365
36.52498866213152
37.10548752834467
37.70920634920635
38.2897052154195
38.846984126984125
39.42748299319728
40.00798185941043
40.58848072562358
41.16897959183674
41.749478458049886
42.32997732426304
42.91047619047619
43.490975056689344
44.07147392290249
44.62875283446712
45.20925170068027
45.81297052154195
46.37024943310658
46.95074829931973
47.53124716553288
48.11174603174603
48.692244897959185
49.27274376417233
49.85324263038549
50.43374149659864
51.01424036281179
51.594739229024945
52.17523809523809
52.75573696145125
53.336235827664396
53.893514739229026
54.474013605442174
55.05451247165533
55.635011337868484
56.21551020408163
56.79600907029479
57.376507936507934
57.95700680272109
58.53750566893424
59.11800453514739
59.69850340136055
60.25578231292517
60.836281179138325
61.41678004535147
61.99727891156463
62.577777777777776
63.15827664399093
63.73877551020408
64.31927437641724
64.89977324263039
65.48027210884354
66.06077097505668
66.64126984126985
67.221768707483
67.80226757369614
68.35954648526076
68.94004535147393
69.52054421768707
70.10104308390022
70.68154195011338
71.26204081632653
71.81931972789116
72.42303854875283
73.00353741496599
73.56081632653061
74.14131519274376
74.72181405895692
75.30231292517007
75.88281179138322
76.46331065759637
77.04380952380953
77.62430839002268
78.20480725623582
78.78530612244899
79.36580498866213
79.94630385487528
80.52680272108843
81.08408163265307
81.66458049886621
82.24507936507936
82.82557823129251
83.40607709750567
83.98657596371882
84.56707482993197
85.14757369614513
85.72807256235828
86.30857142857143
86.88907029478457
87.46956916099774
88.02684807256236
88.6073469387755
89.18784580498867
89.76834467120182
90.34884353741496
90.92934240362811
91.48662131519275
92.09034013605442
92.67083900226757
93.25133786848073
93.80861678004536
94.3891156462585
94.96961451247165
95.55011337868481
96.13061224489796
96.71111111111111
97.29160997732426
97.87210884353742
98.45260770975057
99.03310657596371
99.61360544217688
100.19410430839002
100.75138321995465
101.35510204081632
101.91238095238096
102.51609977324263
103.07337868480725
103.67709750566894
104.25759637188209
104.83809523809524
105.39537414965986
105.97587301587302
106.55637188208617
107.13687074829932
107.71736961451248
108.29786848072563
108.87836734693877
109.45886621315192
110.03936507936508
110.61986394557823
111.20036281179138
111.78086167800454
112.33814058956916
112.94185941043084
113.49913832199546
114.07963718820862
114.66013605442177
115.24063492063492
115.82113378684807
116.40163265306123
116.98213151927438
117.56263038548752
118.14312925170069
118.72362811791383
119.30412698412698
119.88462585034014
120.46512471655329
121.04562358276644
121.62612244897959
122.20662131519275
122.7871201814059
123.36761904761904
123.9481179138322
124.52861678004535
125.08589569160998
125.66639455782312
126.24689342403629
126.82739229024943
127.38467120181406
127.98839002267573
128.5688888888889
129.14938775510205
129.70666666666668
130.31038548752835
130.89088435374148
131.44816326530614
132.02866213151927
132.63238095238094
133.2128798185941
133.79337868480727
134.3506575963719
134.93115646258502
135.51165532879818
136.09215419501135
136.64943310657597
137.25315192743764
137.8336507936508
138.41414965986394
138.9946485260771
139.57514739229026
140.1556462585034
140.73614512471656
141.3166439909297
141.89714285714285
142.47764172335602
143.05814058956915
143.6386394557823
144.21913832199547
144.7996371882086
145.38013605442177
145.9374149659864
146.51791383219955
147.0984126984127
147.7021315192744
148.28263038548752
148.86312925170068
149.44362811791385
150.00090702947847
150.5814058956916
151.18512471655328
151.76562358276644
152.3461224489796
152.92662131519273
153.5071201814059
154.08761904761906
154.64489795918368
155.2253968253968
155.80589569160998
156.38639455782314
156.96689342403627
157.54739229024943
158.1278911564626
158.70839002267573
159.26566893424035
