0.6965986394557823
1.3235374149659864
1.9272562358276644
2.5309750566893423
3.1579138321995464
3.7616326530612243
4.365351473922902
4.992290249433107
5.61922902494331
6.246167800453515
6.849886621315193
7.476825396825397
8.080544217687075
8.730702947845804
9.334421768707482
9.961360544217687
10.565079365079365
11.19201814058957
11.795736961451247
12.422675736961452
13.049614512471654
13.676553287981859
14.280272108843537
14.907210884353741
15.51092970521542
16.16108843537415
16.764807256235827
17.39174603174603
17.99546485260771
18.622403628117915
19.22612244897959
19.853061224489796
20.456780045351476
21.106938775510205
21.71065759637188
22.337596371882086
22.941315192743765
23.56825396825397
24.171972789115646
24.79891156462585
25.425850340136055
26.05278911564626
26.656507936507936
27.28344671201814
27.88716553287982
28.514104308390024
29.1178231292517
29.744761904761905
30.37170068027211
30.998639455782314
31.60235827664399
32.229297052154195
32.833015873015874
33.483174603174604
34.06367346938776
34.690612244897956
35.31755102040816
35.944489795918365
36.548208616780045
37.17514739229025
37.77886621315193
38.40580498866213
39.03274376417234
39.65968253968254
40.263401360544215
40.867120181405895
41.4940589569161
42.120997732426304
42.74793650793651
43.35165532879819
43.97859410430839
44.6055328798186
45.20925170068027
45.859410430839006
46.439909297052154
47.06684807256236
47.69378684807256
48.32072562358277
48.92444444444445
49.55138321995465
50.155102040816324
50.80526077097505
51.40897959183673
52.01269841269841
52.63963718820862
53.26657596371882
53.8702947845805
54.497233560090706
55.12417233560091
55.75111111111111
56.35482993197279
56.95854875283447
57.58548752834467
58.2356462585034
58.816145124716556
59.44308390022676
60.070022675736965
60.69696145124716
61.30068027210884
61.92761904761905
62.531337868480726
63.181496598639455
63.76199546485261
64.38893424036281
65.01587301587301
65.6195918367347
66.2465306122449
66.85024943310657
67.47718820861678
68.10412698412698
68.70784580498866
69.33478458049886
69.93850340136055
70.5190022675737
71.19238095238096
71.81931972789116
72.42303854875283
73.02675736961451
73.65369614512471
74.28063492063492
74.8843537414966
75.51129251700681
76.138231292517
76.76517006802722
77.36888888888889
77.97260770975056
78.59954648526077
79.22648526077097
79.85342403628118
80.48036281179138
81.08408163265307
81.71102040816326
82.361179138322
83.01133786848072
83.56861678004535
84.19555555555556
84.79927437641723
85.42621315192744
86.02993197278911
86.65687074829933
87.260589569161
87.91074829931972
88.51446712018141
89.1414058956916
89.74512471655329
90.37206349206349
90.97578231292518
91.60272108843537
92.20643990929705
92.81015873015873
93.4138775510204
94.06403628117914
94.69097505668934
95.31791383219955
95.92163265306122
96.54857142857144
97.17551020408163
97.80244897959183
98.40616780045352
99.03310657596371
99.6368253968254
100.2637641723356
100.89070294784581
101.49442176870748
102.1213605442177
102.74829931972789
103.39845804988663
103.97895691609978
104.60589569160997
105.23283446712018
105.83655328798186
106.46349206349207
107.06721088435374
107.69414965986394
108.29786848072563
108.92480725623582
109.55174603174603
110.17868480725623
110.78240362811792
111.40934240362812
112.01306122448979
112.64
113.2669387755102
113.87065759637188
114.49759637188208
115.1245351473923
115.72825396825397
116.35519274376418
116.95891156462585
117.60907029478459
118.21278911564626
118.83972789115646
119.44344671201814
120.07038548752834
120.67410430839003
121.30104308390023
121.9047619047619
122.55492063492063
123.1586394557823
123.762358276644
124.38929705215419
125.0162358276644
125.61995464852608
126.24689342403629
126.85061224489796
127.5007709750567
128.10448979591837
128.73142857142858
129.33514739229025
129.98530612244897
130.56580498866214
131.19274376417235
131.79646258503402
132.44662131519274
133.05034013605442
133.67727891156463
134.2809977324263
134.9079365079365
135.51165532879818
136.1385941043084
136.7655328798186
137.3924716553288
137.99619047619046
138.62312925170068
139.22684807256235
139.8770068027211
140.45750566893423
141.08444444444444
141.71138321995466
142.33832199546487
