0.5108390022675737
0.9752380952380952
1.4396371882086167
1.9040362811791383
2.36843537414966
2.8328344671201813
3.297233560090703
3.7616326530612243
4.2260317460317465
4.690430839002268
5.154829931972789
5.596009070294785
6.060408163265306
6.524807256235827
6.989206349206349
7.453605442176871
7.894784580498866
8.359183673469389
8.823582766439909
9.287981859410431
9.752380952380953
10.216780045351474
10.681179138321996
11.145578231292516
11.609977324263038
12.07437641723356
12.515555555555556
12.979954648526077
13.444353741496599
13.908752834467121
14.349931972789115
14.814331065759637
15.27873015873016
15.74312925170068
16.207528344671204
16.671927437641724
17.136326530612244
17.600725623582765
18.06512471655329
18.52952380952381
18.99392290249433
19.458321995464853
19.922721088435374
20.36390022675737
20.82829931972789
21.292698412698414
21.757097505668934
22.221496598639455
22.66267573696145
23.127074829931974
23.591473922902495
24.055873015873015
24.49705215419501
24.98467120181406
25.425850340136055
25.913469387755104
26.354648526077096
26.81904761904762
27.28344671201814
27.74784580498866
28.212244897959184
28.676643990929705
29.141043083900225
29.60544217687075
30.046621315192745
30.511020408163265
30.975419501133786
31.463038548752834
31.90421768707483
32.36861678004535
32.833015873015874
33.29741496598639
33.73859410430839
34.202993197278914
34.66739229024943
35.131791383219955
35.59619047619048
36.060589569160996
36.501768707482995
36.989387755102044
37.45378684807256
37.89496598639456
38.35936507936508
38.8237641723356
39.288163265306125
39.75256235827664
40.216961451247165
40.68136054421769
41.145759637188206
41.61015873015873
42.05133786848072
42.515736961451246
42.956916099773245
43.44453514739229
43.90893424036281
44.32689342403628
44.81451247165533
45.27891156462585
45.743310657596375
46.20770975056689
46.672108843537416
47.13650793650794
47.600907029478456
48.06530612244898
48.529705215419504
48.99410430839002
49.43528344671202
49.89968253968254
50.36408163265306
50.828480725623585
51.2928798185941
51.757278911564626
52.22167800453515
52.68607709750567
53.127256235827666
53.59165532879818
54.05605442176871
54.52045351473923
54.98485260770975
55.44925170068027
55.913650793650795
56.37804988662131
56.81922902494331
57.283628117913835
57.74802721088435
58.212426303854876
58.6768253968254
59.14122448979592
59.60562358276644
60.070022675736965
60.51120181405896
60.97560090702948
61.44
61.90439909297052
62.368798185941046
62.83319727891156
63.297596371882086
63.73877551020408
64.2031746031746
64.66757369614513
65.13197278911565
65.59637188208617
66.03755102040816
66.50195011337868
66.96634920634921
67.43074829931973
67.89514739229026
68.35954648526076
68.82394557823129
69.28834467120181
69.75274376417234
70.21714285714286
70.68154195011338
71.1459410430839
71.61034013605442
72.07473922902494
72.51591836734694
72.98031746031747
73.44471655328798
73.9091156462585
74.37351473922902
74.83791383219955
75.27909297052155
75.74349206349207
76.20789115646258
76.6722902494331
77.13668934240363
77.60108843537415
78.04226757369615
78.48344671201814
78.97106575963718
79.43546485260771
79.89986394557823
80.36426303854876
80.80544217687074
81.26984126984127
81.75746031746031
82.22185941043084
82.68625850340136
83.15065759637189
83.59183673469387
84.07945578231292
84.52063492063492
84.98503401360544
85.44943310657597
85.91383219954649
86.378231292517
86.84263038548752
87.28380952380952
87.72498866213152
88.18938775510205
88.65378684807256
89.1414058956916
89.60580498866213
90.07020408163265
90.51138321995465
90.9990022675737
91.46340136054421
91.90458049886621
92.36897959183673
92.83337868480726
93.29777777777778
93.7621768707483
94.22657596371882
94.66775510204081
95.13215419501134
95.59655328798186
96.06095238095239
96.5253514739229
96.98975056689342
97.45414965986394
97.91854875283447
98.38294784580499
98.82412698412699
99.2885260770975
99.75292517006802
100.21732426303855
100.68172335600907
101.1461224489796
101.6105215419501
102.07492063492063
102.51609977324263
102.98049886621315
103.44489795918368
103.88607709750566
104.35047619047619
104.81487528344671
105.27927437641723
105.74367346938776
106.18485260770976
106.67247165532879
107.13687074829932
107.57804988662132
108.04244897959184
108.50684807256236
108.97124716553287
109.4356462585034
109.90004535147392
110.36444444444444
110.82884353741497
111.29324263038549
111.757641723356
112.22204081632653
112.68643990929705
113.12761904761905
113.59201814058957
114.0564172335601
114.49759637188208
114.9619954648526
115.42639455782313
115.86757369614513
116.35519274376418
116.81959183673469
117.28399092970521
117.74839002267574
118.21278911564626
118.65396825396826
119.11836734693877
119.60598639455782
120.07038548752834
120.51156462585034
120.97596371882086
121.44036281179139
121.88154195011337
122.36916099773242
122.83356009070295
123.27473922902495
123.73913832199547
124.203537414966
124.64471655328798
125.13233560090703
125.59673469387755
126.06113378684807
126.5255328798186
126.96671201814058
127.43111111111111
127.89551020408163
128.35990929705216
128.82430839002268
129.2887074829932
129.75310657596373
130.21750566893425
130.68190476190478
131.14630385487527
131.6107029478458
132.07510204081632
132.51628117913833
132.98068027210886
133.44507936507935
133.90947845804988
134.3506575963719
134.8150566893424
135.27945578231294
135.74385487528346
136.20825396825396
136.67265306122448
137.1138321995465
137.55501133786848
138.04263038548754
138.50702947845804
138.97142857142856
139.43582766439908
139.9002267573696
140.36462585034013
140.82902494331066
141.29342403628118
141.73460317460317
142.22222222222223
142.6634013605442
143.12780045351474
143.56897959183672
144.05659863945579
144.5209977324263
144.98539682539683
145.42657596371882
145.89097505668934
146.35537414965987
146.8197732426304
147.2841723356009
147.74857142857144
148.21297052154196
148.67736961451246
149.11854875283447
149.582947845805
150.04734693877552
150.51174603174604
150.97614512471657
151.44054421768706
151.88172335600908
152.3461224489796
152.81052154195012
153.27492063492065
153.73931972789114
154.20371882086167
154.6681179138322
155.13251700680271
155.59691609977324
156.06131519274376
156.50249433106575
156.96689342403627
157.4312925170068
157.89569160997732
158.36009070294784
158.82448979591837
159.26566893424035
159.75328798185942
160.21768707482994
160.65886621315192
161.12326530612245
161.58766439909297
162.0520634920635
162.49324263038548
162.98086167800454
163.44526077097507
163.88643990929705
164.35083900226758
164.8152380952381
165.27963718820862
165.74403628117915
166.18521541950113
166.64961451247166
167.1372335600907
167.5784126984127
168.0195918367347
168.48399092970521
168.97160997732425
169.43600907029477
169.9004081632653
170.3415873015873
170.80598639455783
171.29360544217687
171.73478458049885
172.19918367346938
172.6635827664399
173.12798185941043
173.56916099773244
174.03356009070293
174.521179138322
174.98557823129252
175.44997732426305
175.91437641723357
176.35555555555555
176.81995464852608
177.2843537414966
177.7255328798186
178.21315192743765
178.67755102040817
179.1419501133787
179.58312925170068
180.0475283446712
180.51192743764173
180.95310657596372
181.44072562358278
181.90512471655327
182.3463038548753
182.8107029478458
183.27510204081634
183.73950113378686
184.18068027210884
184.64507936507937
185.1094784580499
185.57387755102042
186.03827664399094
186.50267573696146
186.96707482993196
187.43147392290248
187.895873015873
188.36027210884353
188.82467120181406
189.28907029478458
189.73024943310656
190.1946485260771
190.6590476190476
191.12344671201814
191.58784580498866
192.05224489795918
192.5166439909297
192.9578231292517
193.42222222222222
193.90984126984128
194.3742403628118
194.8154195011338
195.2798185941043
195.74421768707484
196.20861678004536
196.67301587301588
197.11419501133787
197.6018140589569
198.04299319727892
198.50739229024944
198.97179138321997
199.4361904761905
199.90058956916099
200.3649886621315
200.80616780045352
201.27056689342405
201.73496598639457
202.19936507936507
202.6637641723356
203.1281632653061
203.59256235827664
204.05696145124716
204.49814058956918
204.96253968253967
205.4269387755102
205.89133786848072
206.35573696145124
206.82013605442177
207.2845351473923
207.74893424036281
208.1901133786848
208.65451247165532
209.11891156462585
209.58331065759637
210.02448979591836
210.48888888888888
210.9300680272109
211.41768707482993
211.88208616780045
212.36970521541951
212.8108843537415
213.27528344671202
213.73968253968255
214.20408163265307
214.6684807256236
215.1328798185941
215.59727891156462
216.06167800453514
216.50285714285715
216.9904761904762
217.43165532879817
217.8960544217687
218.36045351473922
218.82485260770974
219.26603174603176
219.73043083900228
220.19482993197278
220.6592290249433
221.12362811791382
221.58802721088435
222.05242630385487
222.49360544217686
222.95800453514738
223.4224036281179
223.88680272108843
224.35120181405895
224.81560090702948
225.28
225.721179138322
226.20879818594105
226.62675736961452
227.04471655328797
227.43945578231293
227.83419501133787
228.27537414965985
228.71655328798187
229.15773242630385
229.66857142857143
230.0865306122449
230.52770975056688
