0.5804988662131519
1.1609977324263039
1.7647165532879818
2.345215419501134
3.0418140589569163
3.6687528344671203
4.295691609977324
4.922630385487528
5.572789115646258
6.0836281179138325
6.664126984126984
7.337505668934241
7.87156462585034
8.544943310657596
9.102222222222222
9.659501133786849
10.309659863945578
10.866938775510205
11.42421768707483
11.935056689342403
12.561995464852608
13.165714285714285
13.839092970521541
14.44281179138322
15.162630385487528
15.836009070294784
16.34684807256236
17.020226757369613
17.623945578231293
18.250884353741498
18.854603174603174
19.458321995464853
20.085260770975058
20.712199546485262
21.176598639455783
21.757097505668934
22.430476190476192
23.010975056689343
23.61469387755102
24.2184126984127
24.891791383219953
25.495510204081633
26.09922902494331
26.70294784580499
27.30666666666667
27.910385487528345
28.53732426303855
29.141043083900225
29.744761904761905
30.325260770975056
30.905759637188208
31.532698412698412
32.15963718820862
32.76335600907029
33.34385487528345
33.94757369614513
34.528072562358275
35.15501133786848
35.781950113378684
36.36244897959184
37.01260770975057
37.61632653061225
38.22004535147392
38.8237641723356
39.42748299319728
40.00798185941043
40.61170068027211
41.23863945578231
41.84235827664399
42.44607709750567
43.049795918367344
43.6302947845805
44.28045351473923
44.88417233560091
45.48789115646259
46.09160997732426
46.718548752834465
47.34548752834467
47.94920634920635
48.55292517006803
49.1566439909297
49.80680272108844
50.41052154195011
51.01424036281179
51.61795918367347
52.244897959183675
52.848616780045354
53.498775510204084
54.102494331065756
54.68299319727891
55.28671201814059
55.89043083900227
56.540589569161
57.12108843537415
57.72480725623583
58.32852607709751
58.95546485260771
59.582403628117916
60.18612244897959
60.81306122448979
61.41678004535147
62.02049886621315
62.76353741496599
63.39047619047619
64.1102947845805
64.76045351473923
65.36417233560091
65.99111111111111
66.61804988662132
67.19854875283447
67.80226757369614
68.42920634920635
69.03292517006803
69.65986394557824
70.21714285714286
70.84408163265306
71.44780045351474
72.07473922902494
72.70167800453515
73.30539682539683
73.9091156462585
74.51283446712019
75.11655328798186
75.78993197278912
76.46331065759637
77.06702947845805
77.6475283446712
78.22802721088435
78.83174603174604
79.43546485260771
80.01596371882086
80.64290249433107
81.24662131519274
81.87356009070295
82.50049886621315
83.12743764172336
83.75437641723356
84.38131519274377
85.00825396825397
85.61197278911564
86.21569160997733
86.819410430839
87.39990929705215
88.02684807256236
88.6770068027211
89.32716553287982
89.95410430839003
90.53460317460318
91.13832199546485
91.76526077097506
92.36897959183673
92.99591836734695
93.59963718820862
94.20335600907029
94.80707482993198
95.43401360544217
96.06095238095239
96.64145124716553
97.26839002267573
97.87210884353742
98.47582766439909
99.07954648526078
99.68326530612245
100.28698412698412
100.89070294784581
101.49442176870748
102.09814058956916
102.72507936507937
103.30557823129251
103.88607709750566
104.51301587301587
105.11673469387755
105.72045351473923
106.3241723356009
106.92789115646258
107.53160997732427
108.15854875283446
108.76226757369615
109.3427664399093
109.94648526077097
110.55020408163266
111.15392290249433
111.73442176870748
112.33814058956916
112.91863945578231
113.52235827664398
114.10285714285715
114.70657596371882
115.28707482993197
115.89079365079365
116.4712925170068
117.05179138321995
117.65551020408164
118.23600907029478
118.83972789115646
119.46666666666667
120.07038548752834
120.67410430839003
121.30104308390023
121.88154195011337
122.48526077097506
123.13541950113378
123.73913832199547
124.34285714285714
124.96979591836735
125.5502947845805
126.15401360544217
126.75773242630386
127.38467120181406
127.98839002267573
128.5688888888889
129.1958276643991
129.77632653061224
130.3800453514739
130.9837641723356
131.58748299319728
132.19120181405896
132.79492063492063
133.3986394557823
133.97913832199546
134.58285714285714
135.1865759637188
135.7902947845805
136.39401360544218
136.97451247165532
137.60145124716553
138.1819501133787
138.8088888888889
139.38938775510204
139.9931065759637
140.57360544217687
141.15410430839003
141.73460317460317
142.33832199546487
142.8956009070295
143.47609977324262
144.03337868480725
144.63709750566895
145.21759637188208
145.79809523809524
146.37859410430838
146.95909297052154
147.5395918367347
148.14331065759637
148.74702947845805
149.3275283446712
149.93124716553288
150.53496598639455
151.11546485260772
151.7191836734694
152.29968253968255
152.90340136054422
153.48390022675736
154.08761904761906
154.6681179138322
155.24861678004535
155.85233560090703
156.4560544217687
157.0597732426304
157.66349206349207
158.26721088435374
158.8477097505669
159.42820861678004
160.0319274376417
160.61242630385487
161.21614512471655
161.81986394557822
162.42358276643992
163.0273015873016
163.60780045351473
164.21151927437643
164.79201814058956
165.39573696145123
165.9762358276644
166.57995464852607
167.16045351473923
167.7409523809524
168.34467120181407
168.9251700680272
169.50566893424036
170.08616780045352
170.6898866213152
171.24716553287982
171.82766439909298
172.43138321995465
173.03510204081633
173.6156009070295
174.19609977324262
174.7998185941043
175.38031746031746
175.96081632653062
176.54131519274375
177.14503401360545
177.7255328798186
178.30603174603175
178.8865306122449
179.49024943310658
180.07074829931972
180.65124716553288
181.23174603174604
181.8354648526077
182.4391836734694
182.996462585034
183.60018140589568
184.18068027210884
184.73795918367347
185.31845804988663
185.9453968253968
186.52589569160997
187.12961451247165
187.7101133786848
188.31383219954648
188.91755102040815
189.52126984126983
190.101768707483
190.70548752834466
191.30920634920636
191.8897052154195
192.47020408163266
193.0507029478458
193.6544217687075
194.23492063492063
194.8154195011338
195.3726984126984
195.95319727891157
196.5104761904762
197.09097505668933
197.6714739229025
198.22875283446712
198.78603174603174
199.3665306122449
199.92380952380952
200.5043083900227
201.0615873015873
201.64208616780044
202.2225850340136
202.80308390022677
203.3835827664399
203.94086167800452
204.49814058956918
205.0786394557823
205.65913832199547
206.2164172335601
206.79691609977326
207.35419501133788
207.934693877551
208.49197278911564
209.04925170068026
209.6065306122449
210.18702947845804
210.7675283446712
211.34802721088437
211.905306122449
212.48580498866212
213.04308390022675
213.6235827664399
214.18086167800453
214.7613605442177
215.34185941043083
215.922358276644
216.4796371882086
217.03691609977324
217.59419501133786
218.17469387755102
218.75519274376418
219.33569160997732
219.89297052154194
220.4734693877551
221.05396825396826
221.58802721088435
222.14530612244897
222.77224489795918
223.37596371882086
223.97968253968253
224.58340136054423
225.1871201814059
225.76761904761904
226.37133786848074
226.9750566893424
227.57877551020408
228.18249433106575
228.76299319727892
229.34349206349205
229.94721088435375
230.55092970521542
231.1546485260771
231.73514739229026
232.33886621315193
232.9425850340136
233.52308390022677
234.12680272108844
234.7305215419501
235.33424036281178
235.91473922902495
236.4952380952381
237.09895691609978
237.70267573696145
238.30639455782313
238.9101133786848
239.5138321995465
240.11755102040817
240.6980498866213
241.27854875283447
241.88226757369614
242.4627664399093
243.04326530612244
243.64698412698414
244.22748299319727
244.80798185941043
245.3884807256236
245.96897959183673
246.5494784580499
247.12997732426305
247.7104761904762
248.29097505668935
248.89469387755102
249.47519274376418
250.05569160997732
250.659410430839
251.2631292517007
251.86684807256236
252.47056689342404
253.0742857142857
253.65478458049887
254.25850340136054
254.86222222222221
255.44272108843538
256.0464399092971
256.65015873015875
257.2306575963719
257.83437641723356
258.43809523809523
259.01859410430836
259.6455328798186
260.22603174603177
260.852970521542
261.45668934240365
262.0371882086168
262.64090702947846
263.2214058956916
263.82512471655326
264.428843537415
265.03256235827666
265.6130612244898
266.21678004535147
266.7972789115646
267.4009977324263
268.004716553288
268.6084353741497
269.1889342403628
269.7926530612245
270.3731519274376
270.97687074829935
271.6038095238095
272.1843083900227
272.8112471655329
273.4149659863946
273.9722448979592
274.6224036281179
275.20290249433106
275.80662131519273
276.43356009070294
277.15337868480725
277.68743764172336
278.24471655328796
278.8019954648526
279.35927437641726
279.91655328798186
280.497052154195
281.10077097505666
281.7044897959184
282.2849886621315
282.8887074829932
283.49242630385487
284.09614512471654
284.6998639455782
285.3035827664399
285.90730158730156
286.5110204081633
287.0915192743764
