1.3003174603174603
1.7182766439909296
2.159455782312925
2.5774149659863945
2.995374149659864
3.4133333333333336
3.8312925170068026
4.249251700680272
4.6439909297052155
5.061950113378685
5.479909297052155
5.874648526077097
6.292607709750567
6.733786848072563
7.151746031746032
7.569705215419501
7.987664399092971
8.40562358276644
8.823582766439909
9.241541950113378
9.659501133786849
10.077460317460318
10.495419501133787
10.913378684807256
11.3081179138322
11.72607709750567
12.144036281179138
12.561995464852608
12.979954648526077
13.397913832199546
13.815873015873017
14.233832199546486
14.651791383219955
15.069750566893424
15.487709750566893
15.905668934240364
16.32362811791383
16.718367346938777
17.136326530612244
17.554285714285715
17.972244897959182
18.390204081632653
18.808163265306124
19.22612244897959
19.644081632653062
20.06204081632653
20.48
20.897959183673468
21.292698412698414
21.71065759637188
22.128616780045352
22.54657596371882
22.96453514739229
23.38249433106576
23.800453514739228
24.2184126984127
24.589931972789117
25.054331065759637
25.472290249433108
25.890249433106575
26.308208616780046
26.726167800453513
27.144126984126984
27.562086167800455
27.980045351473922
28.398004535147393
28.792743764172336
29.210702947845807
29.628662131519274
30.046621315192745
30.464580498866212
30.882539682539683
31.30049886621315
31.71845804988662
32.13641723356009
32.55437641723356
32.97233560090703
33.3902947845805
33.80825396825397
34.22621315192744
34.644172335600906
35.062131519274374
35.48009070294785
35.898049886621315
36.31600907029478
36.73396825396826
37.151927437641724
37.56988662131519
37.964625850340134
38.38258503401361
38.800544217687076
39.21850340136054
39.63646258503401
40.054421768707485
40.47238095238095
40.89034013605442
41.308299319727894
41.72625850340136
42.14421768707483
42.5621768707483
42.98013605442177
43.37487528344671
43.79283446712018
44.210793650793654
44.62875283446712
45.04671201814059
45.464671201814056
45.88263038548753
46.300589569161
46.718548752834465
47.13650793650794
47.55446712018141
47.972426303854874
48.39038548752834
48.808344671201816
49.22630385487528
49.64426303854875
50.062222222222225
50.48018140589569
50.89814058956916
51.316099773242634
51.7340589569161
52.128798185941044
52.54675736961451
52.964716553287985
53.38267573696145
53.80063492063492
54.21859410430839
54.63655328798186
55.05451247165533
55.472471655328796
55.89043083900227
56.30839002267574
56.726349206349205
57.14430839002267
57.56226757369615
57.980226757369614
58.39818594104308
58.816145124716556
59.23410430839002
59.628843537414966
60.04680272108843
60.46476190476191
60.882721088435375
61.30068027210884
61.718639455782316
62.136598639455784
62.55455782312925
62.97251700680272
63.39047619047619
63.80843537414966
64.22639455782313
64.6443537414966
65.06231292517006
65.48027210884354
65.89823129251701
66.31619047619047
66.73414965986395
67.15210884353742
67.57006802721088
67.98802721088435
68.40598639455783
68.82394557823129
69.24190476190476
69.6366439909297
70.05460317460317
70.47256235827665
70.89052154195011
71.30848072562358
71.72643990929706
72.14439909297052
72.56235827664399
72.98031746031747
73.39827664399093
73.8162358276644
74.23419501133787
74.65215419501133
75.07011337868481
75.46485260770974
75.88281179138322
76.3007709750567
76.71873015873015
77.13668934240363
77.5546485260771
77.97260770975056
78.39056689342404
78.80852607709751
79.22648526077097
79.64444444444445
80.06240362811792
80.48036281179138
80.89832199546485
81.29306122448979
81.71102040816326
82.12897959183674
82.5469387755102
82.96489795918367
83.38285714285715
83.80081632653061
84.21877551020408
84.63673469387756
85.05469387755102
85.47265306122449
85.89061224489797
86.30857142857143
86.7265306122449
87.14448979591836
87.56244897959184
87.98040816326531
88.39836734693877
88.79310657596372
89.2110657596372
89.62902494331065
90.04698412698413
90.4649433106576
90.88290249433106
91.30086167800454
91.71882086167801
92.13678004535147
92.55473922902495
92.9726984126984
93.39065759637188
93.80861678004536
94.22657596371882
94.64453514739229
95.06249433106576
95.48045351473922
95.8984126984127
96.31637188208617
96.73433106575963
97.15229024943311
97.54702947845804
97.96498866213152
98.38294784580499
98.80090702947845
99.21886621315193
99.6368253968254
100.05478458049886
100.47274376417234
100.89070294784581
101.30866213151927
101.72662131519274
102.14458049886622
102.56253968253968
102.98049886621315
103.37523809523809
103.79319727891156
104.21115646258504
104.6291156462585
105.04707482993197
105.46503401360545
105.8829931972789
106.30095238095238
106.71891156462586
107.13687074829932
107.55482993197279
107.97278911564626
108.39074829931972
108.8087074829932
109.22666666666667
109.64462585034013
110.06258503401361
110.48054421768707
110.89850340136054
111.31646258503402
111.73442176870748
112.12916099773243
112.5471201814059
112.96507936507936
113.38303854875284
113.80099773242631
114.21895691609977
114.63691609977325
115.0548752834467
115.47283446712018
115.89079365079365
116.30875283446711
116.72671201814059
117.14467120181406
117.56263038548752
117.980589569161
118.37532879818595
118.81650793650793
119.2344671201814
119.65242630385488
120.07038548752834
120.48834467120182
120.88308390022675
121.30104308390023
121.7190022675737
122.13696145124716
122.55492063492063
122.97287981859411
123.39083900226757
123.80879818594104
124.22675736961452
124.64471655328798
125.06267573696145
125.48063492063493
125.89859410430839
126.31655328798186
126.73451247165534
127.1524716553288
127.57043083900227
127.98839002267573
128.3831292517007
128.80108843537414
129.24226757369615
129.6370068027211
130.05496598639456
130.47292517006804
130.89088435374148
131.30884353741496
131.72680272108843
132.1447619047619
132.56272108843538
132.98068027210886
133.3986394557823
133.81659863945578
134.23455782312925
134.65251700680273
135.04725623582766
135.46521541950113
135.8831746031746
136.30113378684808
136.71909297052153
137.137052154195
137.55501133786848
137.97297052154195
138.39092970521543
138.8088888888889
139.22684807256235
139.64480725623582
140.0627664399093
140.48072562358277
140.89868480725625
141.29342403628118
141.71138321995466
142.12934240362813
142.54730158730158
142.96526077097505
143.38321995464852
143.801179138322
144.21913832199547
144.63709750566895
145.0550566893424
145.47301587301587
145.89097505668934
146.30893424036282
146.7268934240363
147.14485260770974
147.5628117913832
