3.622312925170068
4.1099319727891155
4.620770975056689
5.131609977324263
5.642448979591837
6.130068027210885
6.640907029478458
7.151746031746032
7.662585034013605
8.150204081632653
8.661043083900227
9.148662131519274
9.659501133786849
10.170340136054422
10.681179138321996
11.168798185941043
11.679637188208616
12.19047619047619
12.701315192743763
13.188934240362812
13.699773242630386
14.210612244897959
14.698231292517006
15.209070294784581
15.719909297052155
16.207528344671204
16.718367346938777
17.22920634920635
17.716825396825396
18.22766439909297
18.738503401360543
19.249342403628116
19.736961451247165
20.24780045351474
20.758639455782312
21.24625850340136
21.757097505668934
22.267936507936508
22.77877551020408
23.26639455782313
23.777233560090703
24.288072562358277
24.79891156462585
25.2865306122449
25.797369614512473
26.284988662131518
26.79582766439909
27.30666666666667
27.817505668934242
28.328344671201815
28.81596371882086
29.326802721088434
29.837641723356008
30.325260770975056
30.83609977324263
31.346938775510203
31.857777777777777
32.345396825396826
32.8562358276644
33.36707482993197
33.877913832199546
34.365532879818595
34.87637188208617
35.36399092970522
35.87482993197279
36.36244897959184
36.89650793650794
37.384126984126986
37.89496598639456
38.40580498866213
38.89342403628118
39.404263038548756
39.91510204081633
40.4259410430839
40.936780045351476
41.424399092970525
41.9352380952381
42.42285714285714
42.93369614512471
43.44453514739229
43.95537414965986
44.44299319727891
44.95383219954648
45.464671201814056
45.97551020408163
46.46312925170068
46.97396825396825
47.484807256235825
47.972426303854874
48.48326530612245
48.99410430839002
49.504943310657595
49.99256235827664
50.50340136054422
51.01424036281179
51.50185941043084
52.01269841269841
52.523537414965986
53.011156462585035
53.52199546485261
54.03283446712018
54.543673469387755
55.05451247165533
55.5653514739229
56.076190476190476
56.563809523809525
57.0746485260771
57.56226757369615
58.07310657596372
58.583945578231294
59.07156462585034
59.582403628117916
60.09324263038549
60.60408163265306
61.09170068027211
61.602539682539685
62.11337868480726
62.6009977324263
63.111836734693874
63.622675736961455
64.13351473922903
64.62113378684808
65.13197278911565
65.64281179138322
66.13043083900227
66.64126984126985
67.15210884353742
67.63972789115647
68.15056689342404
68.66140589569162
69.17224489795919
69.65986394557824
70.17070294784581
70.68154195011338
71.19238095238096
71.68
72.19083900226758
72.70167800453515
73.18929705215419
73.70013605442176
74.21097505668934
74.69859410430838
75.20943310657596
75.72027210884353
76.20789115646258
76.71873015873015
77.22956916099773
77.71718820861678
78.22802721088435
78.73886621315192
79.2497052154195
79.73732426303854
80.24816326530612
80.75900226757369
81.26984126984127
81.75746031746031
82.26829931972789
82.77913832199546
83.26675736961451
83.77759637188208
84.28843537414966
84.7760544217687
85.28689342403628
85.79773242630385
86.30857142857143
86.79619047619047
87.30702947845805
87.81786848072562
88.30548752834467
88.81632653061224
89.32716553287982
89.83800453514739
90.32562358276644
90.83646258503401
91.32408163265306
91.85814058956916
92.34575963718821
92.85659863945578
93.36743764172336
93.8550566893424
94.36589569160998
94.87673469387755
95.38757369614513
95.87519274376417
96.38603174603175
96.89687074829932
97.4077097505669
97.89532879818594
98.40616780045352
98.89378684807257
99.40462585034014
99.91546485260771
100.42630385487529
100.91392290249433
101.42476190476191
101.93560090702948
102.44643990929706
102.95727891156463
103.44489795918368
103.95573696145125
104.4433560090703
104.95419501133787
105.46503401360545
105.97587301587302
106.4867120181406
106.97433106575964
107.48517006802722
107.97278911564626
108.48362811791384
108.99446712018141
109.50530612244899
109.99292517006803
110.50376417233561
111.01460317460318
111.52544217687075
112.01306122448979
112.52390022675738
113.03473922902495
113.54557823129252
114.03319727891156
114.54403628117913
115.0548752834467
115.56571428571428
116.05333333333333
116.5641723356009
117.07501133786847
117.56263038548752
118.0734693877551
118.58430839002267
119.07192743764172
119.58276643990929
120.09360544217687
120.60444444444444
121.09206349206349
121.60290249433106
122.11374149659864
122.60136054421768
123.11219954648526
123.62303854875283
124.1338775510204
124.62149659863945
125.13233560090703
125.6431746031746
126.13079365079365
126.64163265306122
127.12925170068027
127.64009070294784
128.15092970521542
128.661768707483
129.17260770975057
129.66022675736963
130.1710657596372
130.68190476190478
131.1695238095238
131.68036281179138
132.19120181405896
132.70204081632653
133.18965986394556
133.70049886621314
134.2113378684807
134.69895691609977
135.20979591836735
