0.09287981859410431
0.7662585034013606
1.4164172335600906
2.066575963718821
2.716734693877551
3.3901133786848074
4.063492063492063
4.73687074829932
5.38702947845805
6.03718820861678
6.6873469387755105
7.337505668934241
7.987664399092971
8.661043083900227
9.264761904761905
9.891700680272109
10.611519274376418
11.261678004535147
11.935056689342403
12.585215419501134
13.235374149659863
13.908752834467121
14.55891156462585
15.232290249433106
15.882448979591837
16.532607709750568
17.205986394557822
17.856145124716555
18.52952380952381
19.17968253968254
19.82984126984127
20.503219954648525
21.153378684807254
21.826757369614512
22.50013605442177
23.127074829931974
23.800453514739228
24.450612244897957
25.10077097505669
25.774149659863944
26.493968253968255
27.09768707482993
27.817505668934242
28.398004535147393
29.1178231292517
29.72154195011338
30.394920634920634
31.045079365079363
31.695238095238096
32.36861678004535
33.041995464852604
33.66893424036281
34.34231292517007
34.9924716553288
35.66585034013605
36.31600907029478
36.96616780045351
37.63954648526077
38.31292517006803
38.963083900226756
39.613242630385486
40.28662131519275
40.936780045351476
41.586938775510205
42.26031746031746
42.91047619047619
43.58385487528345
44.23401360544218
44.88417233560091
45.55755102040816
46.23092970521542
46.88108843537415
47.53124716553288
48.18140589569161
48.854784580498865
49.504943310657595
50.178321995464856
50.828480725623585
51.478639455782314
52.15201814058957
52.8021768707483
53.45233560090703
54.12571428571429
54.77587301587302
55.44925170068027
56.099410430839
56.77278911564626
57.42294784580499
58.07310657596372
58.746485260770974
59.41986394557823
60.04680272108843
60.720181405895694
61.37034013605442
62.04371882086168
62.69387755102041
63.344036281179136
64.01741496598639
64.69079365079365
65.34095238095239
65.99111111111111
66.64126984126985
67.3146485260771
67.96480725623583
68.63818594104309
69.28834467120181
69.96172335600907
70.6118820861678
71.26204081632653
71.9354195011338
72.58557823129252
73.25895691609978
73.9091156462585
74.55927437641724
75.2326530612245
75.88281179138322
76.55619047619048
77.2063492063492
77.92616780045351
78.5298866213152
79.20326530612245
79.83020408163266
80.55002267573695
81.15374149659864
81.87356009070295
82.47727891156462
83.15065759637189
83.80081632653061
84.45097505668934
85.10113378684807
85.79773242630385
86.42467120181406
87.09804988662131
87.77142857142857
88.46802721088436
89.07174603174603
89.72190476190477
90.39528344671201
91.04544217687075
91.69560090702947
92.41541950113378
93.01913832199547
93.69251700680272
94.34267573696145
94.99283446712018
95.66621315192744
96.3395918367347
96.9665306122449
97.63990929705216
98.3132879818594
98.96344671201814
99.61360544217688
100.28698412698412
100.93714285714286
101.58730158730158
102.23746031746032
102.91083900226758
103.5609977324263
104.23437641723356
104.90775510204081
105.55791383219955
106.20807256235828
106.88145124716553
107.53160997732427
108.18176870748299
108.85514739229025
109.50530612244899
110.15546485260771
110.82884353741497
111.47900226757369
112.15238095238095
112.80253968253969
113.45269841269841
114.12607709750567
114.7762358276644
115.44961451247165
116.09977324263039
116.74993197278911
117.42331065759637
118.0734693877551
118.74684807256236
119.3970068027211
120.07038548752834
120.72054421768708
121.3707029478458
122.04408163265306
122.6942403628118
123.34439909297052
124.01777777777778
124.6679365079365
125.31809523809524
125.9914739229025
126.66485260770975
127.31501133786848
127.98839002267573
128.63854875283448
129.2887074829932
129.93886621315193
130.6122448979592
131.2624036281179
131.93578231292517
132.5859410430839
133.25931972789115
133.90947845804988
134.58285714285714
135.2330158730159
135.8831746031746
136.55655328798187
137.2067120181406
137.85687074829931
138.53024943310658
139.1804081632653
139.83056689342405
140.50394557823128
141.15410430839003
141.80426303854875
142.47764172335602
143.12780045351474
143.801179138322
144.45133786848072
145.10149659863944
145.7748752834467
146.42503401360545
147.0984126984127
147.74857142857144
148.39873015873016
149.07210884353742
149.72226757369614
150.3956462585034
151.04580498866213
151.7191836734694
152.3693424036281
153.01950113378686
153.6928798185941
154.34303854875284
154.99319727891157
155.68979591836734
156.3399546485261
156.87401360544217
157.50095238095238
