0.905578231292517
1.3003174603174603
1.6950566893424037
2.089795918367347
2.48453514739229
2.8792743764172335
3.250793650793651
3.6687528344671203
4.08671201814059
4.481451247165533
4.899410430839002
5.270929705215419
5.688888888888889
6.0836281179138325
6.455147392290249
6.873106575963718
7.267845804988662
7.685804988662132
8.080544217687075
8.452063492063493
8.870022675736962
9.287981859410431
9.659501133786849
10.077460317460318
10.47219954648526
10.89015873015873
11.284897959183674
11.679637188208616
12.07437641723356
12.469115646258503
12.863854875283447
13.281814058956916
13.699773242630386
14.071292517006803
14.466031746031746
14.86077097505669
15.255510204081633
15.673469387755102
16.068208616780044
16.439727891156462
16.857687074829933
17.2756462585034
17.670385487528346
18.06512471655329
18.45986394557823
18.877823129251702
19.272562358276645
19.667301587301587
20.085260770975058
20.48
20.874739229024943
21.292698412698414
21.71065759637188
22.0821768707483
22.47691609977324
22.871655328798187
23.289614512471655
23.684353741496597
24.079092970521543
24.473832199546486
24.86857142857143
25.26331065759637
25.658049886621317
26.076009070294784
26.493968253968255
26.888707482993198
27.260226757369615
27.70140589569161
28.096145124716553
28.490884353741496
28.862403628117914
29.280362811791385
29.675102040816327
30.093061224489794
30.464580498866212
30.882539682539683
31.277278911564625
31.672018140589568
32.066757369614514
32.46149659863946
32.8562358276644
33.274195011337866
33.66893424036281
34.06367346938776
34.4584126984127
34.87637188208617
35.27111111111111
35.68907029478458
36.08380952380952
36.47854875283447
36.87328798185941
37.268027210884355
37.68598639455782
38.080725623582765
38.47546485260771
38.87020408163265
39.2649433106576
39.68290249433107
40.07764172335601
40.47238095238095
40.867120181405895
41.28507936507936
41.67981859410431
42.09777777777778
42.49251700680272
42.887256235827664
43.25877551020408
43.653514739229024
44.04825396825397
44.44299319727891
44.860952380952384
45.27891156462585
45.69687074829932
46.09160997732426
46.4863492063492
46.88108843537415
47.29904761904762
47.69378684807256
48.06530612244898
48.48326530612245
48.87800453514739
49.27274376417233
49.66748299319728
50.08544217687075
50.45696145124717
50.874920634920635
51.26965986394558
51.66439909297052
52.03591836734694
52.47709750566894
52.87183673469388
53.26657596371882
53.68453514739229
54.07927437641723
54.474013605442174
54.868752834467124
55.263492063492066
55.68145124716553
56.076190476190476
56.47092970521542
56.86566893424036
57.2604081632653
57.655147392290246
58.07310657596372
58.49106575963719
58.88580498866213
59.28054421768707
59.675283446712015
60.09324263038549
60.48798185941043
60.85950113378685
61.27746031746032
61.67219954648526
62.0669387755102
62.461678004535145
62.87963718820862
63.297596371882086
63.69233560090703
64.1102947845805
64.50503401360544
64.87655328798186
65.22485260770975
65.6195918367347
66.06077097505668
66.43229024943311
66.87346938775511
67.26820861678004
67.68616780045352
68.08090702947845
68.49886621315193
68.87038548752834
69.28834467120181
69.70630385487529
70.0778231292517
70.47256235827665
70.89052154195011
71.28526077097506
71.68
72.07473922902494
72.49269841269842
72.88743764172335
73.2821768707483
73.67691609977324
74.07165532879819
74.46639455782314
74.8843537414966
75.27909297052155
75.67383219954648
76.06857142857143
76.48653061224489
76.88126984126984
77.27600907029479
77.67074829931973
78.0887074829932
78.48344671201814
78.87818594104309
79.27292517006802
79.66766439909297
80.06240362811792
80.45714285714286
80.8518820861678
81.26984126984127
81.66458049886621
82.05931972789115
82.4540589569161
82.87201814058957
83.26675736961451
83.68471655328798
84.07945578231292
84.47419501133787
84.86893424036282
85.26367346938775
85.6584126984127
86.05315192743764
86.44789115646259
86.88907029478457
87.30702947845805
87.701768707483
88.07328798185941
88.46802721088436
88.88598639455782
89.28072562358277
89.69868480725624
90.1166439909297
90.53460317460318
90.92934240362811
91.32408163265306
91.69560090702947
92.0671201814059
92.43863945578231
92.85659863945578
93.27455782312926
93.69251700680272
94.08725623582767
94.4819954648526
94.89995464852608
95.29469387755103
95.68943310657596
96.06095238095239
96.47891156462585
96.8736507936508
97.29160997732426
97.66312925170068
98.08108843537416
98.49904761904762
98.89378684807257
99.26530612244898
99.68326530612245
100.07800453514739
100.47274376417234
100.86748299319729
101.28544217687075
101.6801814058957
102.07492063492063
102.46965986394558
102.88761904761905
103.28235827664399
103.67709750566894
104.07183673469387
104.46657596371882
104.88453514739228
105.27927437641723
105.67401360544218
106.06875283446712
106.4867120181406
106.88145124716553
107.27619047619048
107.67092970521541
108.06566893424036
108.48362811791384
108.87836734693877
109.27310657596372
109.69106575963718
110.08580498866213
110.45732426303854
110.8520634920635
111.24680272108843
111.64154195011338
112.05950113378685
112.47746031746031
112.89541950113379
113.29015873015874
113.68489795918367
114.07963718820862
114.49759637188208
114.89233560090703
115.26385487528344
115.65859410430839
116.07655328798187
116.4712925170068
116.86603174603175
117.26077097505669
117.67873015873016
118.0734693877551
118.46820861678005
118.86294784580498
119.25768707482993
119.6756462585034
120.07038548752834
120.46512471655329
120.85986394557823
121.25460317460318
121.67256235827665
122.06730158730159
122.46204081632654
122.85678004535147
123.27473922902495
123.66947845804988
124.06421768707483
124.45895691609978
124.85369614512472
125.24843537414966
125.66639455782312
126.06113378684807
126.45587301587301
126.87383219954648
127.26857142857143
127.66331065759637
128.05804988662132
128.45278911564625
128.8475283446712
129.26548752834466
129.66022675736963
130.07818594104307
130.47292517006804
130.86766439909297
131.2624036281179
131.68036281179138
132.07510204081632
132.46984126984128
132.86458049886622
133.25931972789115
133.6540589569161
134.07201814058956
134.4667573696145
134.86149659863946
135.27945578231294
135.67419501133787
136.0689342403628
136.48689342403628
136.90485260770976
137.27637188208618
137.67111111111112
138.06585034013605
138.460589569161
138.87854875283446
139.2732879818594
139.66802721088436
140.08598639455784
140.48072562358277
140.8754648526077
141.27020408163264
141.6649433106576
142.08290249433108
142.47764172335602
142.87238095238095
143.2671201814059
143.66185941043085
144.05659863945579
144.47455782312926
144.8692970521542
145.26403628117913
145.6587755102041
146.07673469387754
146.4714739229025
146.86621315192744
147.26095238095238
147.67891156462585
148.07365079365078
148.46839002267575
148.86312925170068
149.25786848072562
149.65260770975055
150.07056689342403
150.465306122449
150.88326530612244
151.2780045351474
151.67274376417234
152.06748299319727
152.4622222222222
152.85696145124717
153.27492063492065
153.71609977324263
