2.8792743764172335
3.5294331065759637
4.156371882086168
4.783310657596372
5.410249433106576
6.03718820861678
6.6873469387755105
7.314285714285714
7.9412244897959186
8.568163265306122
9.195102040816327
9.845260770975056
10.47219954648526
11.099138321995465
11.72607709750567
12.376235827664399
13.003174603174603
13.630113378684808
14.257052154195012
14.907210884353741
15.534149659863946
16.16108843537415
16.788027210884355
17.41496598639456
18.04190476190476
18.692063492063493
19.319002267573698
19.9459410430839
20.572879818594103
21.199818594104308
21.826757369614512
22.47691609977324
23.103854875283446
23.73079365079365
24.38095238095238
25.007891156462584
25.63482993197279
26.261768707482993
26.888707482993198
27.515646258503402
28.16580498866213
28.792743764172336
29.41968253968254
30.046621315192745
30.67356009070295
31.32371882086168
31.950657596371883
32.57759637188209
33.22775510204082
33.85469387755102
34.481632653061226
35.10857142857143
35.735510204081635
36.36244897959184
37.01260770975057
37.63954648526077
38.26648526077098
38.89342403628118
39.52036281179139
40.170521541950116
40.79746031746032
41.424399092970525
42.05133786848072
42.70149659863946
43.30521541950113
43.95537414965986
44.582312925170065
45.20925170068027
45.859410430839006
46.4863492063492
47.11328798185941
47.74022675736961
48.36716553287982
48.99410430839002
49.64426303854875
50.271201814058955
50.89814058956916
51.525079365079364
52.15201814058957
52.8021768707483
53.40589569160998
54.05605442176871
54.68299319727891
55.309931972789116
55.93687074829932
56.563809523809525
57.213968253968254
57.84090702947846
58.46784580498866
59.09478458049887
59.7449433106576
60.3718820861678
60.97560090702948
61.602539682539685
62.18303854875283
62.78675736961451
63.506575963718824
64.15673469387755
64.78367346938775
65.41061224489796
66.06077097505668
66.6877097505669
67.3146485260771
67.9415873015873
68.5685260770975
69.21868480725624
69.84562358276644
70.47256235827665
71.09950113378684
71.72643990929706
72.37659863945578
73.00353741496599
73.63047619047619
74.2574149659864
74.8843537414966
75.53451247165533
76.16145124716553
76.78839002267574
77.43854875283446
78.06548752834468
78.69242630385487
79.31936507936508
79.94630385487528
80.59646258503402
81.22340136054422
81.85034013605443
82.47727891156462
83.10421768707484
83.73115646258503
84.38131519274377
85.00825396825397
85.63519274376418
86.26213151927438
86.88907029478457
87.53922902494331
88.16616780045351
88.79310657596372
89.42004535147392
90.04698412698413
90.69714285714285
91.32408163265306
91.95102040816326
92.57795918367347
93.2281179138322
93.8550566893424
94.4819954648526
95.10893424036281
95.73587301587301
96.36281179138322
97.01297052154194
97.63990929705216
98.26684807256235
98.89378684807257
99.52072562358276
100.1708843537415
100.7978231292517
101.42476190476191
102.0517006802721
102.70185941043084
103.32879818594104
103.95573696145125
104.58267573696145
105.20961451247166
105.83655328798186
106.4867120181406
107.11365079365079
107.740589569161
108.3675283446712
108.99446712018141
109.62140589569161
110.24834467120182
110.89850340136054
111.52544217687075
112.15238095238095
112.80253968253969
113.42947845804989
114.0564172335601
114.6833560090703
115.31029478458049
115.96045351473923
116.58739229024944
117.21433106575964
117.84126984126983
118.46820861678005
119.11836734693877
119.74530612244898
120.37224489795918
120.99918367346939
121.62612244897959
122.27628117913832
122.90321995464852
123.53015873015873
124.15709750566893
124.78403628117914
125.43419501133786
126.06113378684807
126.68807256235827
127.31501133786848
127.94195011337868
128.5921088435374
129.21904761904761
129.84598639455783
130.47292517006804
131.12308390022676
131.75002267573697
132.37696145124715
133.00390022675737
133.63083900226758
134.2577777777778
134.9079365079365
135.53487528344672
136.1618140589569
136.78875283446712
137.41569160997733
138.06585034013605
138.69278911564626
139.31972789115648
139.94666666666666
140.57360544217687
141.2237641723356
141.8507029478458
142.47764172335602
143.10458049886623
143.75473922902495
144.38167800453516
145.00861678004534
145.63555555555556
146.26249433106577
146.88943310657595
147.5395918367347
148.16653061224488
148.7934693877551
149.4204081632653
150.04734693877552
150.6742857142857
151.32444444444445
151.95138321995464
152.57832199546485
153.20526077097506
153.83219954648527
154.482358276644
155.1092970521542
155.7362358276644
156.3631746031746
157.01333333333332
157.64027210884353
158.26721088435374
