1.9736961451247166
2.6238548752834467
3.274013605442177
3.877732426303855
4.574331065759637
5.224489795918367
5.851428571428571
6.501587301587302
7.151746031746032
7.801904761904762
8.428843537414966
9.079002267573696
9.729160997732427
10.379319727891156
11.00625850340136
11.72607709750567
12.329795918367347
12.956734693877552
13.606893424036281
14.257052154195012
14.883990929705215
15.534149659863946
16.184308390022675
16.834467120181404
17.484625850340137
18.11156462585034
18.76172335600907
19.4118820861678
20.06204081632653
20.712199546485262
21.36235827664399
21.989297052154196
22.639455782312925
23.26639455782313
23.91655328798186
24.56671201814059
25.21687074829932
25.86702947845805
26.51718820861678
27.144126984126984
27.794285714285714
28.444444444444443
29.094603174603176
29.744761904761905
30.37170068027211
31.02185941043084
31.672018140589568
32.3221768707483
32.949115646258505
33.57605442176871
34.27265306122449
34.89959183673469
35.5265306122449
36.17668934240363
36.826848072562356
37.477006802721085
38.12716553287982
38.75410430839002
39.404263038548756
40.054421768707485
40.68136054421769
41.33151927437642
41.98167800453515
42.67827664399093
43.281995464852606
43.932154195011336
44.55909297052154
45.20925170068027
45.836190476190474
46.4863492063492
47.159727891156464
47.78666666666667
48.41360544217687
49.08698412698413
49.71392290249433
50.36408163265306
51.01424036281179
51.66439909297052
52.31455782312925
52.964716553287985
53.614875283446715
54.24181405895692
54.868752834467124
55.54213151927438
56.19229024943311
56.842448979591836
57.492607709750565
58.11954648526077
58.746485260770974
59.396643990929704
60.04680272108843
60.69696145124716
61.3471201814059
61.99727891156463
62.62421768707483
63.25115646258504
63.87809523809524
64.55147392290249
65.22485260770975
65.87501133786849
66.50195011337868
67.15210884353742
67.80226757369614
68.45242630385488
69.1025850340136
69.72952380952381
70.37968253968253
71.02984126984127
71.65678004535147
72.3069387755102
72.95709750566894
73.60725623582766
74.2574149659864
74.8843537414966
75.53451247165533
76.18467120181406
76.83482993197279
77.48498866213151
78.13514739229025
78.76208616780045
79.41224489795918
80.06240362811792
80.71256235827664
81.33950113378685
81.98965986394558
82.63981859410431
83.28997732426303
83.94013605442177
84.56707482993197
85.2172335600907
85.86739229024943
86.51755102040816
87.14448979591836
87.7946485260771
88.44480725623583
89.09496598639456
89.72190476190477
90.37206349206349
91.02222222222223
91.67238095238095
92.29931972789116
92.94947845804988
93.59963718820862
94.24979591836734
94.9231746031746
95.52689342403629
96.17705215419501
96.80399092970522
97.45414965986394
98.10430839002268
98.7544671201814
99.38140589569161
100.03156462585034
100.7049433106576
101.3318820861678
101.98204081632653
102.63219954648527
103.28235827664399
103.93251700680273
104.58267573696145
105.20961451247166
105.85977324263038
106.50993197278912
107.18331065759637
107.81024943310658
108.4604081632653
109.11056689342404
109.76072562358277
110.38766439909297
111.0378231292517
111.68798185941043
112.33814058956916
112.96507936507936
113.6152380952381
114.26539682539682
114.91555555555556
115.54249433106575
116.19265306122449
116.84281179138323
117.49297052154195
118.11990929705216
118.77006802721088
119.42022675736962
120.07038548752834
120.72054421768708
121.34748299319727
122.02086167800454
122.67102040816326
123.29795918367347
124.0409977324263
124.78403628117914
125.52707482993198
126.20045351473922
126.85061224489796
127.5007709750567
128.1277097505669
128.77786848072563
129.42802721088435
130.07818594104307
130.72834467120182
131.355283446712
132.02866213151927
132.65560090702948
133.3057596371882
133.93269841269841
134.58285714285714
135.2562358276644
135.8831746031746
