0.06965986394557823
0.4876190476190476
0.9752380952380952
1.4164172335600906
1.9040362811791383
2.345215419501134
2.809614512471655
3.274013605442177
3.7384126984126986
4.179591836734694
4.667210884353741
5.108390022675737
5.572789115646258
6.03718820861678
6.501587301587302
6.965986394557823
7.453605442176871
7.894784580498866
8.359183673469389
8.823582766439909
9.287981859410431
9.752380952380953
10.216780045351474
10.704399092970522
11.19201814058957
11.679637188208616
12.07437641723356
12.515555555555556
12.979954648526077
13.444353741496599
13.908752834467121
14.349931972789115
14.814331065759637
15.301950113378684
15.766349206349206
16.253968253968253
16.718367346938777
17.136326530612244
17.600725623582765
18.04190476190476
18.506303854875284
18.970702947845805
19.435102040816325
19.89950113378685
20.36390022675737
20.82829931972789
21.269478458049885
21.73387755102041
22.221496598639455
22.68589569160998
23.127074829931974
23.591473922902495
24.055873015873015
24.52027210884354
24.98467120181406
25.44907029478458
25.913469387755104
26.377868480725624
26.81904761904762
27.28344671201814
27.74784580498866
28.212244897959184
28.676643990929705
29.141043083900225
29.58222222222222
30.06984126984127
30.511020408163265
30.975419501133786
31.43981859410431
31.90421768707483
32.36861678004535
32.833015873015874
33.29741496598639
33.761814058956915
34.202993197278914
34.66739229024943
35.131791383219955
35.59619047619048
36.060589569160996
36.52498866213152
36.989387755102044
37.45378684807256
37.89496598639456
38.35936507936508
38.8237641723356
39.288163265306125
39.75256235827664
40.216961451247165
40.68136054421769
41.145759637188206
41.61015873015873
42.074557823129254
42.515736961451246
42.98013605442177
43.44453514739229
43.90893424036281
44.373333333333335
44.83773242630385
45.302131519274376
45.743310657596375
46.20770975056689
46.672108843537416
47.13650793650794
47.600907029478456
48.06530612244898
48.529705215419504
48.99410430839002
49.458503401360545
49.89968253968254
50.36408163265306
50.828480725623585
51.2928798185941
51.7340589569161
52.19845804988662
52.66285714285714
53.127256235827666
53.59165532879818
54.05605442176871
54.52045351473923
54.98485260770975
55.42603174603175
55.89043083900227
56.35482993197279
56.81922902494331
57.283628117913835
57.74802721088435
58.212426303854876
58.6768253968254
59.14122448979592
59.582403628117916
60.04680272108843
60.51120181405896
60.97560090702948
61.44
61.90439909297052
62.345578231292514
62.80997732426304
63.15827664399093
63.52979591836735
63.947755102040816
64.43537414965986
64.87655328798186
65.34095238095239
65.78213151927437
66.2465306122449
66.71092970521542
67.17532879818594
67.63972789115647
68.10412698412698
68.5685260770975
69.05614512471655
69.56698412698412
70.05460317460317
70.54222222222222
70.9601814058957
71.40136054421768
71.88897959183673
72.33015873015873
72.7481179138322
73.23573696145125
73.7233560090703
74.2574149659864
74.72181405895692
75.18621315192743
75.74349206349207
76.20789115646258
76.6722902494331
77.13668934240363
77.60108843537415
78.04226757369615
78.50666666666666
78.97106575963718
79.43546485260771
79.94630385487528
80.4107029478458
80.8518820861678
81.29306122448979
81.73424036281179
82.19863945578231
82.66303854875284
83.12743764172336
83.59183673469387
84.0562358276644
84.52063492063492
84.98503401360544
85.44943310657597
85.91383219954649
86.35501133786848
86.819410430839
87.28380952380952
87.74820861678005
88.18938775510205
88.65378684807256
89.11818594104308
89.5825850340136
90.04698412698413
90.51138321995465
90.97578231292518
91.44018140589569
91.90458049886621
92.36897959183673
92.83337868480726
93.29777777777778
93.73895691609977
94.20335600907029
94.66775510204081
95.13215419501134
95.59655328798186
96.06095238095239
96.5253514739229
96.98975056689342
97.43092970521542
97.89532879818594
98.35972789115647
98.82412698412699
99.2885260770975
99.75292517006802
100.21732426303855
100.68172335600907
101.1461224489796
101.6105215419501
102.0517006802721
102.51609977324263
102.98049886621315
103.44489795918368
103.9092970521542
104.37369614512471
104.83809523809524
105.30249433106576
105.76689342403628
106.2312925170068
106.67247165532879
107.13687074829932
107.60126984126984
108.06566893424036
108.53006802721089
108.97124716553287
109.4356462585034
109.90004535147392
110.38766439909297
110.82884353741497
111.33968253968254
111.85052154195012
112.31492063492064
112.77931972789116
113.24371882086167
113.7081179138322
114.17251700680272
114.63691609977325
115.10131519274377
115.58893424036282
116.07655328798187
116.54095238095238
117.0053514739229
117.46975056689342
117.980589569161
118.44498866213152
118.88616780045352
119.3273469387755
119.79174603174603
120.25614512471655
120.72054421768708
121.1849433106576
121.64934240362811
122.09052154195011
122.55492063492063
123.01931972789116
123.48371882086168
123.9481179138322
124.45895691609978
124.96979591836735
125.50385487528345
125.94503401360544
126.40943310657596
126.87383219954648
127.31501133786848
127.77941043083901
128.24380952380952
128.70820861678004
129.17260770975057
129.6370068027211
130.1014058956916
130.56580498866214
131.00698412698412
131.49460317460318
131.93578231292517
132.4001814058957
132.86458049886622
133.32897959183674
133.79337868480727
134.2577777777778
134.69895691609977
135.1633560090703
135.62775510204082
136.09215419501135
136.53333333333333
137.0209523809524
137.4853514739229
137.9497505668934
138.3677097505669
138.8088888888889
139.22684807256235
139.66802721088436
140.13242630385488
140.57360544217687
141.0380045351474
141.47918367346938
141.96680272108844
142.43120181405897
142.8956009070295
143.33678004535147
143.8243990929705
144.28879818594103
144.75319727891156
145.19437641723357
145.6587755102041
146.09995464852608
146.5875736961451
147.02875283446713
147.51637188208616
147.95755102040818
148.4451700680272
148.8863492063492
149.35074829931972
149.79192743764173
150.27954648526077
150.72072562358278
151.20834467120181
151.6495238095238
152.11392290249432
152.55510204081634
152.99628117913832
153.4142403628118
153.83219954648527
154.27337868480726
154.71455782312924
155.15573696145125
