0.9520181405895691
1.509297052154195
2.043356009070295
2.5774149659863945
3.111473922902494
3.645532879818594
4.20281179138322
4.760090702947846
5.317369614512471
5.851428571428571
6.408707482993197
6.965986394557823
7.500045351473923
8.034104308390022
8.568163265306122
9.102222222222222
9.613061224489796
10.147120181405896
10.681179138321996
11.19201814058957
11.72607709750567
12.26013605442177
12.770975056689343
13.305034013605443
13.815873015873017
14.349931972789115
14.86077097505669
15.371609977324264
15.905668934240364
16.439727891156462
16.950566893424035
17.507845804988662
18.018684807256236
18.52952380952381
19.040362811791383
19.574421768707484
20.108480725623583
20.619319727891156
21.13015873015873
21.66421768707483
22.175056689342405
22.68589569160998
23.219954648526077
23.754013605442175
24.288072562358277
24.79891156462585
25.33297052154195
25.843809523809522
26.377868480725624
26.888707482993198
27.39954648526077
27.93360544217687
28.46766439909297
28.978503401360545
29.512562358276643
30.023401360544216
30.55746031746032
31.091519274376417
31.60235827664399
32.113197278911564
32.64725623582766
33.18131519274377
33.69215419501134
34.202993197278914
34.73705215419501
35.27111111111111
35.781950113378684
36.31600907029478
36.826848072562356
37.36090702947846
37.871746031746035
38.40580498866213
38.91664399092971
39.450702947845805
39.96154195011338
40.49560090702948
41.00643990929705
41.517278911564624
42.05133786848072
42.58539682539683
43.119455782312926
43.6302947845805
44.1643537414966
44.698412698412696
45.20925170068027
45.72009070294784
46.25414965986395
46.76498866213152
47.29904761904762
47.83310657596372
48.34394557823129
48.854784580498865
49.388843537414964
49.89968253968254
50.43374149659864
50.96780045351474
51.478639455782314
52.01269841269841
52.523537414965986
53.03437641723356
53.56843537414966
54.07927437641723
54.61333333333334
55.12417233560091
55.65823129251701
56.19229024943311
56.70312925170068
57.23718820861678
57.77124716553288
58.28208616780045
58.792925170068024
59.32698412698413
59.86104308390023
60.395102040816326
60.9059410430839
61.41678004535147
61.92761904761905
62.461678004535145
62.97251700680272
63.48335600907029
64.01741496598639
64.55147392290249
65.0855328798186
65.59637188208617
66.10721088435375
66.64126984126985
67.17532879818594
67.68616780045352
68.19700680272109
68.73106575963719
69.26512471655329
69.77596371882086
70.28680272108843
70.82086167800453
71.3317006802721
71.8657596371882
72.3998185941043
72.91065759637188
73.44471655328798
73.93233560090702
74.46639455782314
75.00045351473923
75.53451247165533
76.0453514739229
76.579410430839
77.1134693877551
77.62430839002268
78.13514739229025
78.66920634920635
79.20326530612245
79.71410430839002
80.27138321995464
80.78222222222222
81.31628117913833
81.8271201814059
82.31473922902494
82.87201814058957
83.38285714285715
83.89369614512472
84.42775510204082
84.96181405895692
85.47265306122449
85.98349206349206
86.51755102040816
87.05160997732426
87.56244897959184
88.09650793650793
88.6073469387755
89.1414058956916
89.65224489795918
90.18630385487528
90.72036281179139
91.23120181405896
91.74204081632654
92.27609977324263
92.78693877551021
93.3209977324263
93.8550566893424
94.36589569160998
94.89995464852608
95.41079365079365
95.94485260770975
96.45569160997732
96.9665306122449
97.500589569161
98.03464852607709
98.54548752834467
99.07954648526078
99.61360544217688
100.12444444444445
100.63528344671202
101.16934240362812
101.6801814058957
102.2142403628118
102.72507936507937
103.25913832199547
103.79319727891156
104.30403628117914
104.83809523809524
105.34893424036281
105.8829931972789
106.39383219954648
106.92789115646258
107.46195011337869
107.97278911564626
108.48362811791384
108.99446712018141
109.52852607709751
110.06258503401361
110.5966439909297
111.10748299319728
111.61832199546485
112.15238095238095
112.68643990929705
113.19727891156462
113.7081179138322
114.2421768707483
114.7762358276644
115.28707482993197
115.82113378684807
116.33197278911565
116.84281179138323
117.37687074829932
117.86448979591837
118.421768707483
118.9558276643991
119.4898866213152
120.00072562358277
120.53478458049887
121.04562358276644
121.57968253968254
122.09052154195011
122.62458049886621
123.1586394557823
123.66947845804988
124.18031746031745
124.71437641723357
125.22521541950114
125.75927437641724
126.27011337868481
126.80417233560091
127.33823129251701
127.84907029478458
128.35990929705216
128.87074829931973
