0.06965986394557823
0.6501587301587302
1.230657596371882
1.787936507936508
2.36843537414966
2.948934240362812
3.5526530612244898
4.1099319727891155
4.690430839002268
5.270929705215419
5.851428571428571
6.431927437641724
7.012426303854875
7.592925170068027
8.17342403628118
8.753922902494331
9.311201814058958
9.891700680272109
10.47219954648526
11.052698412698414
11.633197278911565
12.213696145124716
12.794195011337868
13.374693877551021
13.955192743764172
14.535691609977324
15.116190476190477
15.696689342403628
16.27718820861678
16.857687074829933
17.438185941043084
18.018684807256236
18.575963718820862
19.156462585034014
19.736961451247165
20.317460317460316
20.897959183673468
21.478458049886623
22.058956916099774
22.639455782312925
23.219954648526077
23.800453514739228
24.38095238095238
24.961451247165535
25.518730158730158
26.122448979591837
26.70294784580499
27.260226757369615
27.840725623582767
28.421224489795918
29.024943310657598
29.58222222222222
30.162721088435376
30.743219954648527
31.32371882086168
31.90421768707483
32.46149659863946
33.065215419501136
33.645714285714284
34.22621315192744
34.78349206349206
35.36399092970522
35.9677097505669
36.52498866213152
37.10548752834467
37.68598639455782
38.26648526077098
38.846984126984125
39.42748299319728
40.00798185941043
40.58848072562358
41.16897959183674
41.749478458049886
42.32997732426304
42.91047619047619
43.490975056689344
44.04825396825397
44.651972789115646
45.2324716553288
45.789750566893424
46.37024943310658
46.95074829931973
47.53124716553288
48.11174603174603
48.692244897959185
49.27274376417233
49.85324263038549
50.43374149659864
50.991020408163266
51.594739229024945
52.17523809523809
52.75573696145125
53.31301587301587
53.893514739229026
54.474013605442174
55.05451247165533
55.635011337868484
56.21551020408163
56.79600907029479
57.376507936507934
57.95700680272109
58.53750566893424
59.11800453514739
59.69850340136055
60.25578231292517
60.85950113378685
61.44
61.99727891156463
62.577777777777776
63.15827664399093
63.73877551020408
64.31927437641724
64.89977324263039
65.48027210884354
66.06077097505668
66.64126984126985
67.221768707483
67.80226757369614
68.3827664399093
68.96326530612245
69.52054421768707
70.10104308390022
70.70476190476191
71.26204081632653
71.84253968253968
72.42303854875283
73.00353741496599
73.58403628117914
74.16453514739229
74.74503401360545
75.3255328798186
75.90603174603174
76.48653061224489
77.06702947845805
77.62430839002268
78.22802721088435
78.78530612244899
79.36580498866213
79.94630385487528
80.52680272108843
81.10730158730159
81.68780045351474
82.29151927437641
82.84879818594105
83.4292970521542
84.00979591836735
84.5902947845805
85.17079365079366
85.7512925170068
86.33179138321995
86.91229024943311
87.46956916099774
88.05006802721088
88.63056689342403
89.23428571428572
89.79156462585034
90.37206349206349
90.95256235827664
91.5330612244898
92.11356009070295
92.67083900226757
93.29777777777778
93.87827664399093
94.43555555555555
94.99283446712018
95.59655328798186
96.17705215419501
96.73433106575963
97.3148299319728
97.89532879818594
98.47582766439909
99.05632653061224
99.6368253968254
100.21732426303855
100.7978231292517
101.37832199546486
101.958820861678
102.53931972789115
103.1198185941043
103.70031746031746
104.25759637188209
104.83809523809524
105.41859410430838
105.99909297052154
106.57959183673469
107.16009070294784
107.76380952380953
108.32108843537415
108.9015873015873
109.48208616780046
110.06258503401361
110.64308390022676
111.2235827664399
111.80408163265307
112.38458049886621
112.96507936507936
113.52235827664398
114.10285714285715
114.6833560090703
115.26385487528344
115.8443537414966
116.42485260770975
117.0053514739229
117.58585034013605
118.16634920634921
118.74684807256236
119.3273469387755
119.90784580498867
120.48834467120182
121.06884353741496
121.64934240362811
122.22984126984127
122.7871201814059
123.36761904761904
123.9481179138322
124.52861678004535
125.1091156462585
125.68961451247165
126.27011337868481
126.85061224489796
127.43111111111111
128.01160997732427
128.5921088435374
129.17260770975057
129.7298866213152
130.31038548752835
130.89088435374148
131.47138321995465
132.0518820861678
132.60916099773243
