1.3235374149659864
1.7414965986394557
2.159455782312925
2.6006349206349206
3.01859410430839
3.436553287981859
3.8545124716553287
4.295691609977324
4.690430839002268
5.131609977324263
5.572789115646258
5.990748299319728
6.431927437641724
6.849886621315193
7.291065759637188
7.7090249433106575
8.126984126984127
8.544943310657596
8.962902494331066
9.404081632653062
9.822040816326531
10.24
10.65795918367347
11.099138321995465
11.517097505668934
11.95827664399093
12.376235827664399
12.770975056689343
13.188934240362812
13.630113378684808
14.048072562358277
14.466031746031746
14.883990929705215
15.301950113378684
15.719909297052155
16.16108843537415
16.579047619047618
16.99700680272109
17.41496598639456
17.832925170068027
18.22766439909297
18.668843537414965
19.086802721088436
19.504761904761907
19.922721088435374
20.340680272108845
20.735419501133787
21.153378684807254
21.571337868480725
21.989297052154196
22.407256235827663
22.825215419501134
23.2431746031746
23.661133786848072
24.079092970521543
24.473832199546486
24.891791383219953
25.309750566893424
25.727709750566895
26.122448979591837
26.540408163265305
26.958367346938775
27.353106575963718
27.77106575963719
28.189024943310656
28.583764172335602
29.024943310657598
29.442902494331065
29.860861678004536
30.278820861678003
30.696780045351474
31.091519274376417
31.509478458049887
31.90421768707483
32.3221768707483
32.74013605442177
33.13487528344671
33.55283446712018
33.97079365079365
34.38875283446712
34.78349206349206
35.22467120181406
35.64263038548753
36.03736961451247
36.45532879818594
36.85006802721088
37.268027210884355
37.6627664399093
38.080725623582765
38.49868480725623
38.87020408163265
39.31138321995465
39.72934240362812
40.147301587301584
40.56526077097506
40.96
41.37795918367347
41.795918367346935
42.237097505668935
42.63183673469388
43.049795918367344
43.46775510204082
43.885714285714286
44.30367346938775
44.72163265306123
45.139591836734695
45.55755102040816
45.97551020408163
46.393469387755104
46.834648526077096
47.25260770975056
47.67056689342404
48.088526077097505
48.529705215419504
48.94766439909297
49.388843537414964
49.783582766439906
50.224761904761905
50.6659410430839
51.08390022675737
51.478639455782314
51.89659863945578
52.33777777777778
52.77895691609977
53.19691609977324
53.63809523809524
54.05605442176871
54.474013605442174
54.89197278911565
55.309931972789116
55.70467120181406
56.099410430839
56.517369614512475
56.93532879818594
57.35328798185941
57.77124716553288
58.18920634920635
58.63038548752834
59.04834467120181
59.466303854875285
59.88426303854875
60.30222222222222
60.720181405895694
61.13814058956916
61.55609977324263
61.99727891156463
62.39201814058957
62.78675736961451
63.181496598639455
63.64589569160998
64.06385487528345
64.48181405895691
64.89977324263039
65.31773242630385
65.73569160997732
66.1536507936508
66.57160997732426
67.01278911564626
67.43074829931973
67.84870748299319
68.26666666666667
68.68462585034014
69.1025850340136
69.52054421768707
69.93850340136055
70.35646258503401
70.79764172335601
71.21560090702948
71.63356009070294
72.02829931972789
72.44625850340137
72.86421768707483
73.2821768707483
73.70013605442176
74.11809523809524
74.53605442176871
74.95401360544217
75.37197278911565
75.7667120181406
76.18467120181406
76.579410430839
77.04380952380953
77.48498866213151
77.87972789115646
78.29768707482994
78.73886621315192
79.1568253968254
79.57478458049887
79.99274376417233
80.4107029478458
80.8518820861678
81.26984126984127
81.68780045351474
82.10575963718821
82.52371882086167
82.96489795918367
83.38285714285715
83.80081632653061
84.24199546485261
84.63673469387756
85.05469387755102
85.49587301587302
85.91383219954649
86.33179138321995
86.7265306122449
87.19092970521542
87.60888888888888
88.05006802721088
88.46802721088436
88.90920634920634
89.32716553287982
89.74512471655329
90.16308390022675
90.58104308390023
91.02222222222223
91.41696145124716
91.83492063492064
92.25287981859411
92.67083900226757
93.11201814058957
93.52997732426304
93.97115646258503
94.3891156462585
94.80707482993198
95.22503401360544
95.64299319727891
96.06095238095239
96.47891156462585
96.89687074829932
97.33804988662132
97.75600907029478
98.17396825396825
98.56870748299319
99.00988662131519
99.38140589569161
99.77614512471655
100.1708843537415
100.56562358276643
100.93714285714286
101.3318820861678
101.72662131519274
102.14458049886622
102.53931972789115
102.95727891156463
103.37523809523809
103.76997732426304
104.18793650793651
104.60589569160997
105.04707482993197
105.48825396825397
105.90621315192743
106.3241723356009
106.7653514739229
107.2065306122449
107.62448979591836
108.04244897959184
108.4604081632653
108.87836734693877
109.29632653061225
109.73750566893425
110.15546485260771
110.57342403628118
110.96816326530612
111.38612244897959
111.80408163265307
112.24526077097505
112.66321995464853
113.10439909297052
113.52235827664398
113.94031746031746
114.35827664399093
114.79945578231292
115.21741496598639
115.63537414965987
116.05333333333333
116.49451247165533
116.9124716553288
117.3536507936508
117.79482993197279
118.18956916099773
118.6075283446712
119.02548752834467
119.44344671201814
119.8614058956916
120.27936507936508
120.69732426303855
121.09206349206349
121.51002267573696
121.92798185941044
122.3459410430839
122.76390022675737
123.18185941043085
123.62303854875283
124.0409977324263
124.45895691609978
124.90013605442176
125.31809523809524
125.73605442176871
126.15401360544217
126.54875283446712
126.96671201814058
127.40789115646258
127.82585034013606
128.24380952380952
128.661768707483
129.07972789115647
129.52090702947845
129.91564625850341
130.33360544217686
130.77478458049887
131.19274376417235
131.6107029478458
132.02866213151927
132.46984126984128
132.88780045351473
133.3057596371882
133.72371882086168
134.14167800453515
134.55963718820863
134.9775963718821
135.39555555555555
135.81351473922902
136.2314739229025
136.64943310657597
137.09061224489795
137.50857142857143
137.9265306122449
138.34448979591838
138.76244897959182
139.1571882086168
139.57514739229026
140.01632653061225
140.41106575963718
140.8522448979592
141.27020408163264
141.68816326530612
142.1061224489796
142.52408163265306
142.96526077097505
143.38321995464852
143.801179138322
144.21913832199547
144.63709750566895
145.0550566893424
145.47301587301587
145.91419501133788
146.30893424036282
146.70367346938775
147.12163265306123
147.5395918367347
147.95755102040818
148.3522902494331
148.77024943310659
149.18820861678006
149.62938775510204
150.04734693877552
150.465306122449
150.88326530612244
151.3012244897959
151.7191836734694
152.16036281179137
152.57832199546485
152.97306122448978
153.39102040816326
153.80897959183673
154.20371882086167
154.59845804988663
155.01641723356008
155.43437641723355
155.85233560090703
156.2702947845805
156.68825396825397
157.10621315192745
157.5241723356009
157.91891156462586
158.3136507936508
158.73160997732427
159.14956916099774
159.5675283446712
159.98548752834466
160.40344671201814
160.84462585034012
161.2393650793651
161.65732426303856
162.075283446712
162.51646258503402
162.91120181405896
163.32916099773243
163.7471201814059
164.1882993197279
164.58303854875282
165.02421768707484
165.4421768707483
165.86013605442176
166.25487528344672
166.6960544217687
167.11401360544218
167.53197278911566
167.9499319727891
168.36789115646258
168.78585034013605
169.22702947845804
169.6449886621315
170.06294784580498
170.48090702947846
170.92208616780044
171.34004535147392
171.7580045351474
172.17596371882087
172.59392290249434
173.0118820861678
173.42984126984126
173.84780045351474
174.24253968253967
174.66049886621315
175.07845804988662
175.5196371882086
175.93759637188208
176.35555555555555
176.7502947845805
177.16825396825396
177.58621315192744
178.02739229024942
178.4453514739229
178.86331065759637
179.28126984126985
179.69922902494332
180.11718820861677
180.53514739229024
180.95310657596372
181.3710657596372
181.78902494331066
182.23020408163265
182.67138321995463
183.0893424036281
183.50730158730158
183.92526077097506
184.34321995464853
184.78439909297052
185.202358276644
185.59709750566893
186.06149659863945
186.50267573696146
186.9206349206349
187.36181405895692
187.8029931972789
188.2441723356009
188.6853514739229
189.1265306122449
189.54448979591837
189.96244897959184
190.38040816326532
190.77514739229025
191.19310657596372
191.6110657596372
192.00580498866213
192.40054421768707
192.84172335600908
193.28290249433107
193.72408163265305
194.16526077097507
194.5832199546485
195.001179138322
195.41913832199546
195.83709750566894
196.2550566893424
196.67301587301588
197.09097505668933
197.5089342403628
197.92689342403628
198.34485260770975
198.76281179138323
199.1807709750567
199.6219501133787
200.06312925170067
200.5043083900227
200.94548752834467
201.38666666666666
201.80462585034013
