0.06965986394557823
0.4876190476190476
0.9287981859410431
1.3467573696145125
1.787936507936508
2.2291156462585033
2.670294784580499
3.0882539682539685
3.5294331065759637
3.9706122448979593
4.4117913832199545
4.829750566893424
5.2477097505668935
5.6656689342403626
6.0836281179138325
6.5712471655328795
6.989206349206349
7.430385487528345
7.848344671201814
8.266303854875284
8.684263038548753
9.102222222222222
9.520181405895691
9.93814058956916
10.356099773242631
10.7740589569161
11.215238095238096
11.633197278911565
12.051156462585034
12.469115646258503
12.887074829931972
13.328253968253968
13.769433106575963
14.187392290249432
14.605351473922903
15.046530612244897
15.464489795918368
15.905668934240364
16.32362811791383
16.764807256235827
17.182766439909297
17.623945578231293
18.04190476190476
18.45986394557823
18.877823129251702
19.29578231292517
19.736961451247165
20.154920634920636
20.572879818594103
21.0140589569161
21.43201814058957
21.849977324263037
22.267936507936508
22.68589569160998
23.127074829931974
23.54503401360544
23.962993197278912
24.38095238095238
24.822131519274375
25.240090702947846
25.658049886621317
26.076009070294784
26.493968253968255
26.93514739229025
27.353106575963718
27.794285714285714
28.212244897959184
28.63020408163265
29.048163265306123
29.466122448979593
29.90730158730159
30.325260770975056
30.743219954648527
31.161179138321994
31.579138321995465
31.997097505668933
32.41505668934241
32.833015873015874
33.274195011337866
33.69215419501134
34.13333333333333
34.5512925170068
34.969251700680275
35.38721088435374
35.828390022675734
36.24634920634921
36.664308390022676
37.08226757369614
37.52344671201814
37.964625850340134
38.38258503401361
38.800544217687076
39.24172335600907
39.65968253968254
40.07764172335601
40.518820861678
40.96
41.37795918367347
41.795918367346935
42.237097505668935
42.6550566893424
43.073015873015876
43.490975056689344
43.932154195011336
44.32689342403628
44.74485260770975
45.186031746031745
45.60399092970521
46.021950113378686
46.439909297052154
46.88108843537415
47.29904761904762
47.71700680272109
48.134965986394555
48.576145124716554
48.99410430839002
49.412063492063496
49.83002267573696
50.24798185941043
50.6659410430839
51.08390022675737
51.478639455782314
51.919818594104306
52.360997732426306
52.77895691609977
53.19691609977324
53.63809523809524
54.05605442176871
54.474013605442174
54.89197278911565
55.309931972789116
55.72789115646258
56.14585034013606
56.563809523809525
56.98176870748299
57.39972789115646
57.817687074829934
58.258866213151926
58.6768253968254
59.09478458049887
59.512743764172335
59.953922902494334
60.3718820861678
60.78984126984127
61.23102040816327
61.648979591836735
62.0669387755102
62.48489795918368
62.902857142857144
63.344036281179136
63.76199546485261
64.17995464852608
64.59791383219955
65.03909297052154
65.45705215419501
65.87501133786849
66.29297052154195
66.71092970521542
67.15210884353742
67.57006802721088
67.98802721088435
68.42920634920635
68.84716553287981
69.26512471655329
69.68308390022676
70.12426303854875
70.54222222222222
70.9601814058957
71.40136054421768
71.84253968253968
72.26049886621315
72.67845804988661
73.09641723356009
73.51437641723356
73.95555555555555
74.37351473922902
74.7914739229025
75.2326530612245
75.65061224489796
76.09179138321996
76.50975056689343
76.92770975056689
77.34566893424036
77.76362811791383
78.1815873015873
78.59954648526077
79.0639455782313
79.50512471655328
79.92308390022676
80.34104308390023
80.75900226757369
81.17696145124717
81.59492063492064
82.0128798185941
82.4540589569161
82.8952380952381
83.31319727891156
83.73115646258503
84.14911564625851
84.54385487528344
84.96181405895692
85.37977324263039
85.77451247165533
86.21569160997733
86.65687074829933
87.07482993197279
87.49278911564626
87.93396825396826
88.3287074829932
88.74666666666667
89.18784580498867
89.62902494331065
90.04698412698413
90.4649433106576
90.90612244897959
91.34730158730159
91.74204081632654
92.16
92.57795918367347
93.01913832199547
93.43709750566893
93.87827664399093
94.2962358276644
94.71419501133786
95.13215419501134
95.55011337868481
95.9912925170068
96.40925170068027
96.82721088435375
97.26839002267573
97.6863492063492
98.10430839002268
98.52226757369614
98.94022675736962
99.38140589569161
99.79936507936507
100.21732426303855
100.65850340136055
101.07646258503401
101.51764172335601
101.91238095238096
102.30712018140589
102.72507936507937
103.16625850340137
103.58421768707483
104.02539682539683
104.4433560090703
104.90775510204081
105.39537414965986
105.8829931972789
106.30095238095238
106.74213151927438
107.18331065759637
107.62448979591836
108.06566893424036
108.50684807256236
108.94802721088435
109.38920634920635
109.83038548752835
110.27156462585035
110.7591836734694
111.17714285714285
111.59510204081633
112.03628117913833
112.47746031746031
112.91863945578231
113.35981859410431
113.80099773242631
114.2421768707483
114.6833560090703
115.1245351473923
115.56571428571428
116.00689342403628
116.44807256235828
116.79637188208616
117.16789115646259
117.58585034013605
118.05024943310657
118.49142857142857
118.90938775510205
119.35056689342403
119.7685260770975
120.18648526077098
120.62766439909296
121.04562358276644
121.48680272108844
121.9047619047619
122.32272108843537
122.74068027210885
123.1586394557823
123.57659863945578
123.99455782312926
124.41251700680272
124.83047619047619
125.24843537414966
125.66639455782312
126.0843537414966
126.50231292517007
126.94349206349206
127.36145124716553
127.77941043083901
128.19736961451247
128.61532879818594
129.03328798185942
129.4512471655329
129.86920634920634
130.31038548752835
130.72834467120182
131.12308390022676
131.5178231292517
131.9590022675737
132.4001814058957
132.79492063492063
133.2128798185941
133.6540589569161
134.07201814058956
134.48997732426304
134.9079365079365
135.32589569161
135.72063492063492
136.1385941043084
136.55655328798187
136.97451247165532
137.3924716553288
137.81043083900227
138.22839002267574
138.62312925170068
139.04108843537415
139.45904761904762
139.8770068027211
140.27174603174603
140.6897052154195
141.10766439909298
141.52562358276643
141.9203628117914
142.33832199546487
142.7562811791383
143.1742403628118
143.59219954648526
144.03337868480725
144.47455782312926
144.89251700680273
145.31047619047618
145.7516553287982
146.14639455782313
146.5875736961451
147.0055328798186
147.4467120181406
147.86467120181405
148.259410430839
148.67736961451246
149.09532879818593
149.5132879818594
149.93124716553288
150.34920634920636
150.7439455782313
151.16190476190476
151.5566439909297
151.97460317460317
152.41578231292516
152.83374149659863
153.2517006802721
153.66965986394558
154.08761904761906
154.5055782312925
154.92353741496598
155.34149659863945
155.75945578231293
156.1774149659864
156.59537414965988
156.9901133786848
157.40807256235829
157.80281179138322
158.19755102040816
158.63873015873017
159.07990929705215
159.49786848072563
159.9158276643991
160.33378684807255
160.75174603174602
161.146485260771
161.54122448979592
161.9824036281179
162.40036281179138
162.81832199546486
163.25950113378684
163.67746031746032
164.0954195011338
164.51337868480726
164.95455782312925
165.39573696145123
165.8136961451247
166.23165532879818
166.64961451247166
167.06757369614513
167.50875283446712
167.9267120181406
168.32145124716553
168.739410430839
169.180589569161
169.59854875283446
170.03972789115647
170.45768707482992
170.8756462585034
171.27038548752836
171.6883446712018
172.12952380952382
172.5474829931973
172.96544217687074
173.40662131519275
173.82458049886623
174.24253968253967
174.68371882086169
175.10167800453516
175.5196371882086
175.93759637188208
176.35555555555555
176.77351473922903
177.1914739229025
177.60943310657598
178.05061224489796
178.46857142857144
178.8865306122449
179.30448979591836
179.74566893424037
180.16362811791385
180.5815873015873
180.99954648526077
181.41750566893424
181.8354648526077
182.2534240362812
182.67138321995463
183.0893424036281
183.48408163265307
183.878820861678
184.27356009070294
184.66829931972788
185.08625850340135
185.50421768707483
185.89895691609976
186.29369614512473
186.68843537414966
187.0831746031746
187.47791383219953
