0.06965986394557823
0.46439909297052157
0.8823582766439909
1.230657596371882
1.6021768707482993
2.020136054421769
2.36843537414966
2.7399546485260773
3.1579138321995464
3.6919727891156464
4.133151927437642
4.574331065759637
4.992290249433107
5.410249433106576
5.851428571428571
6.2693877551020405
6.6873469387755105
7.128526077097506
7.546485260770975
7.964444444444444
8.382403628117913
8.800362811791382
9.1718820861678
9.543401360544218
9.93814058956916
10.379319727891156
10.797278911564625
11.215238095238096
11.633197278911565
12.051156462585034
12.469115646258503
12.910294784580499
13.328253968253968
13.746213151927437
14.140952380952381
14.55891156462585
14.97687074829932
15.394829931972788
15.85922902494331
16.27718820861678
16.718367346938777
17.159546485260773
17.57750566893424
17.99546485260771
18.413424036281178
18.83138321995465
19.249342403628116
19.690521541950112
20.108480725623583
20.526439909297054
20.94439909297052
21.36235827664399
21.803537414965987
22.221496598639455
22.639455782312925
23.08063492063492
23.49859410430839
23.939773242630384
24.357732426303855
24.775691609977326
25.193650793650793
25.611609977324264
26.02956916099773
26.447528344671202
26.865487528344673
27.30666666666667
27.724625850340136
28.142585034013607
28.583764172335602
29.00172335600907
29.41968253968254
29.837641723356008
30.278820861678003
30.696780045351474
31.114739229024945
31.555918367346937
31.973877551020408
32.391836734693875
32.80979591836735
33.22775510204082
33.66893424036281
34.08689342403628
34.50485260770975
34.94603174603174
35.36399092970522
35.781950113378684
36.19990929705215
36.617868480725626
37.03582766439909
37.45378684807256
37.89496598639456
38.31292517006803
38.75410430839002
39.172063492063494
39.59002267573696
40.00798185941043
40.4259410430839
40.867120181405895
41.28507936507936
41.703038548752836
42.120997732426304
42.5621768707483
42.98013605442177
43.39809523809524
43.816054421768705
44.28045351473923
44.76807256235828
45.2324716553288
45.65043083900227
46.068390022675736
46.53278911564626
46.9275283446712
47.34548752834467
47.78666666666667
48.204625850340136
48.6225850340136
49.04054421768708
49.458503401360545
49.87646258503401
50.31764172335601
50.758820861678004
51.17678004535147
51.594739229024945
52.01269841269841
52.43065759637188
52.848616780045354
53.289795918367346
53.707755102040814
54.12571428571429
54.56689342403628
54.98485260770975
55.40281179138322
55.82077097505669
56.26195011337869
56.726349206349205
57.19074829931973
57.655147392290246
58.07310657596372
58.42140589569161
58.792925170068024
59.2108843537415
59.628843537414966
60.070022675736965
60.48798185941043
60.9059410430839
61.32390022675737
61.765079365079366
62.18303854875283
62.6009977324263
63.018956916099775
63.46013605442177
63.87809523809524
64.2960544217687
64.71401360544218
65.15519274376418
65.54993197278911
65.92145124716554
66.29297052154195
66.6877097505669
67.10566893424036
67.54684807256236
67.96480725623583
68.3827664399093
68.80072562358276
69.21868480725624
69.65986394557824
70.0778231292517
70.49578231292517
70.93696145124717
71.35492063492063
71.7728798185941
72.19083900226758
72.63201814058957
73.04997732426304
73.46793650793651
73.88589569160997
74.30385487528345
74.74503401360545
75.16299319727891
75.58095238095238
76.02213151927438
76.44009070294784
76.85804988662132
77.27600907029479
77.69396825396825
78.13514739229025
78.55310657596372
78.97106575963718
79.38902494331066
79.83020408163266
80.24816326530612
80.66612244897959
81.08408163265307
81.52526077097505
82.0128798185941
82.50049886621315
82.91845804988662
83.26675736961451
83.63827664399093
84.0562358276644
84.47419501133787
84.96181405895692
85.42621315192744
85.89061224489797
86.30857142857143
86.7265306122449
87.19092970521542
87.60888888888888
88.02684807256236
88.44480725623583
88.8627664399093
89.28072562358277
89.6754648526077
90.04698412698413
90.41850340136054
90.83646258503401
91.25442176870749
91.69560090702947
92.11356009070295
92.53151927437642
92.94947845804988
93.36743764172336
93.78539682539683
94.22657596371882
94.64453514739229
95.08571428571429
95.50367346938775
95.94485260770975
96.3395918367347
96.75755102040816
97.17551020408163
97.61668934240363
98.03464852607709
98.47582766439909
98.89378684807257
99.31174603174603
99.7297052154195
100.14766439909297
100.56562358276643
100.98358276643991
101.3318820861678
101.70340136054422
102.1213605442177
102.56253968253968
102.98049886621315
103.39845804988663
103.83963718820861
104.25759637188209
104.67555555555556
105.09351473922902
105.5114739229025
105.8829931972789
106.2312925170068
106.62603174603174
107.06721088435374
107.48517006802722
107.9263492063492
108.34430839002268
108.76226757369615
109.18022675736961
109.59818594104308
110.03936507936508
110.45732426303854
110.87528344671202
111.29324263038549
111.73442176870748
112.17560090702948
112.61678004535148
113.01151927437641
113.42947845804989
113.84743764172336
114.26539682539682
114.70657596371882
115.1245351473923
115.54249433106575
115.96045351473923
116.3784126984127
116.79637188208616
117.23755102040816
117.65551020408164
118.0734693877551
118.5146485260771
118.93260770975057
119.35056689342403
119.7685260770975
120.16326530612245
120.53478458049887
120.90630385487529
121.32426303854875
121.74222222222222
122.18340136054422
122.60136054421768
123.01931972789116
123.43727891156463
123.87845804988662
124.29641723356009
124.71437641723357
125.13233560090703
125.48063492063493
125.85215419501134
126.27011337868481
126.7112925170068
127.12925170068027
127.54721088435375
127.9651700680272
128.3831292517007
128.80108843537414
129.24226757369615
129.66022675736963
130.07818594104307
130.5193650793651
130.93732426303856
131.355283446712
131.77324263038548
132.19120181405896
132.60916099773243
133.05034013605442
133.4682993197279
133.88625850340136
134.32743764172335
134.74539682539682
135.1633560090703
135.58131519274377
135.99927437641725
136.44045351473923
136.8584126984127
137.27637188208618
137.69433106575963
138.13551020408164
138.55346938775511
138.97142857142856
139.38938775510204
139.8073469387755
140.2485260770975
140.66648526077097
141.10766439909298
141.52562358276643
141.9435827664399
142.36154195011338
142.77950113378685
143.19746031746033
143.5457596371882
143.91727891156464
144.33523809523808
