1.0681179138321995
1.6021768707482993
2.1130158730158732
2.6238548752834467
3.1579138321995464
3.5526530612244898
4.1099319727891155
4.690430839002268
5.294149659863946
5.897868480725624
6.455147392290249
7.012426303854875
7.569705215419501
8.126984126984127
8.661043083900227
9.218321995464853
9.752380952380953
10.309659863945578
10.866938775510205
11.400997732426303
11.935056689342403
12.49233560090703
13.02639455782313
13.583673469387755
14.140952380952381
14.675011337868481
15.232290249433106
15.766349206349206
16.300408163265306
16.834467120181404
17.368526077097506
17.902585034013605
18.436643990929706
18.99392290249433
19.574421768707484
20.085260770975058
20.619319727891156
21.153378684807254
21.71065759637188
22.244716553287983
22.801995464852606
23.359274376417233
23.91655328798186
24.473832199546486
25.007891156462584
25.541950113378686
26.076009070294784
26.610068027210886
27.16734693877551
27.724625850340136
28.281904761904762
28.83918367346939
29.373242630385487
29.90730158730159
30.464580498866212
30.998639455782314
31.532698412698412
32.08997732426304
32.62403628117914
33.158095238095235
33.715374149659866
34.27265306122449
34.80671201814059
35.34077097505669
35.898049886621315
36.45532879818594
37.01260770975057
37.54666666666667
38.080725623582765
38.638004535147395
39.172063492063494
39.70612244897959
40.263401360544215
40.820680272108845
41.37795918367347
41.9352380952381
42.4692970521542
43.02657596371882
43.56063492063492
44.09469387755102
44.62875283446712
45.186031746031745
45.743310657596375
46.27736961451247
46.81142857142857
47.368707482993194
47.9027664399093
48.46004535147392
48.99410430839002
49.55138321995465
50.08544217687075
50.61950113378685
51.17678004535147
51.7340589569161
52.2681179138322
52.82539682539682
53.38267573696145
53.939954648526076
54.497233560090706
55.031292517006804
55.58857142857143
56.122630385487525
56.65668934240363
57.213968253968254
57.77124716553288
58.30530612244898
58.83936507936508
59.396643990929704
59.953922902494334
60.51120181405896
61.045260770975055
61.602539682539685
62.136598639455784
62.69387755102041
63.227936507936505
63.76199546485261
64.2960544217687
64.80689342403628
65.36417233560091
65.87501133786849
66.40907029478458
66.96634920634921
67.5004081632653
68.05768707482993
68.61496598639455
69.17224489795919
69.72952380952381
70.31002267573696
70.86730158730158
71.40136054421768
71.95863945578232
72.51591836734694
73.07319727891156
73.63047619047619
74.18775510204081
74.67537414965986
75.13977324263038
75.697052154195
76.25433106575964
76.81160997732427
77.36888888888889
77.90294784580499
78.39056689342404
78.87818594104309
79.41224489795918
79.87664399092971
80.36426303854876
80.92154195011338
81.478820861678
82.03609977324263
82.61659863945579
83.17387755102041
83.73115646258503
84.28843537414966
84.84571428571428
85.40299319727892
85.98349206349206
86.54077097505669
87.09804988662131
87.65532879818593
88.21260770975057
88.79310657596372
89.35038548752834
89.88444444444444
90.4649433106576
90.9990022675737
91.50984126984127
91.95102040816326
92.46185941043083
93.01913832199547
93.55319727891157
94.11047619047619
94.66775510204081
95.20181405895691
95.75909297052154
96.31637188208617
96.85043083900227
97.4077097505669
97.94176870748299
98.49904761904762
99.07954648526078
99.61360544217688
100.14766439909297
100.6120634920635
101.09968253968253
101.63374149659865
102.16780045351474
102.72507936507937
103.28235827664399
103.83963718820861
104.39691609977324
104.95419501133787
105.48825396825397
106.0455328798186
106.60281179138322
107.13687074829932
107.71736961451248
108.25142857142858
108.78548752834467
109.3427664399093
109.90004535147392
110.48054421768707
110.99138321995464
111.50222222222222
112.01306122448979
112.5471201814059
113.081179138322
113.6152380952381
114.17251700680272
114.70657596371882
115.24063492063492
115.77469387755102
116.28553287981859
116.81959183673469
117.3536507936508
117.8877097505669
118.44498866213152
119.00226757369614
119.53632653061224
120.11682539682539
120.62766439909296
121.16172335600908
121.69578231292518
122.22984126984127
122.76390022675737
123.29795918367347
123.83201814058957
124.36607709750567
124.90013605442176
125.41097505668934
125.94503401360544
126.47909297052155
127.01315192743765
127.54721088435375
128.10448979591837
128.63854875283448
129.10294784580498
129.5673469387755
130.1014058956916
130.65868480725624
131.19274376417235
131.75002267573697
132.3073015873016
132.84136054421768
133.3986394557823
133.93269841269841
134.48997732426304
135.02403628117915
135.58131519274377
136.11537414965986
136.67265306122448
137.2299319727891
137.85687074829931
138.39092970521543
138.901768707483
139.45904761904762
139.9931065759637
140.55038548752833
141.10766439909298
141.64172335600907
142.1990022675737
142.7330612244898
143.24390022675738
143.75473922902495
144.28879818594103
144.7764172335601
145.33369614512472
145.89097505668934
146.42503401360545
146.95909297052154
147.51637188208616
148.05043083900227
148.58448979591836
149.09532879818593
149.62938775510204
150.16344671201813
150.69750566893424
151.25478458049886
151.78884353741498
152.32290249433106
152.85696145124717
153.39102040816326
153.92507936507937
154.45913832199545
154.99319727891157
155.52725623582765
156.06131519274376
156.59537414965988
157.12943310657596
157.66349206349207
158.2207709750567
158.75482993197278
159.2888888888889
159.77650793650793
160.24090702947845
160.70530612244897
161.21614512471655
161.75020408163266
162.26104308390023
162.79510204081632
163.3059410430839
163.84
164.3740589569161
164.9081179138322
165.41895691609977
165.92979591836735
166.44063492063492
166.99791383219954
167.53197278911566
168.04281179138323
168.5768707482993
169.0877097505669
169.59854875283446
170.10938775510203
170.6202267573696
171.17750566893423
171.6883446712018
172.24562358276643
172.756462585034
173.26730158730157
173.77814058956915
174.28897959183672
174.82303854875283
175.35709750566895
175.86793650793652
176.3787755102041
176.88961451247167
177.40045351473924
177.9112925170068
178.4221315192744
178.93297052154196
179.46702947845804
180.00108843537416
180.51192743764173
181.0227664399093
181.5568253968254
182.06766439909296
182.57850340136054
183.0893424036281
183.60018140589568
184.11102040816326
184.62185941043083
185.1094784580499
185.62031746031747
186.15437641723355
186.6419954648526
187.1528344671202
187.66367346938776
188.17451247165533
188.66213151927437
189.17297052154194
189.68380952380951
190.1946485260771
190.70548752834466
191.21632653061224
191.75038548752835
192.26122448979592
192.795283446712
193.30612244897958
193.81696145124715
194.32780045351473
194.8386394557823
195.32625850340136
195.86031746031745
196.37115646258502
196.90521541950113
197.4160544217687
197.95011337868482
198.43773242630385
198.94857142857143
199.459410430839
199.9934693877551
200.5275283446712
201.03836734693877
201.52598639455783
202.06004535147392
202.5708843537415
203.05850340136055
203.59256235827664
204.0801814058957
204.59102040816327
205.10185941043085
205.61269841269842
206.1467573696145
206.65759637188208
207.16843537414965
207.67927437641723
208.1901133786848
208.70095238095237
209.21179138321995
209.72263038548752
210.25668934240363
210.7675283446712
211.27836734693878
211.78920634920635
212.30004535147393
212.8108843537415
213.34494331065758
213.8790022675737
214.4130612244898
214.92390022675738
215.43473922902496
215.922358276644
216.4564172335601
216.94403628117914
217.47809523809525
217.98893424036282
218.4997732426304
219.03383219954648
219.54467120181405
