6.060408163265306
6.548027210884354
7.035646258503402
7.500045351473923
7.987664399092971
8.452063492063493
8.93968253968254
9.427301587301587
9.891700680272109
10.379319727891156
10.866938775510205
11.354557823129252
11.818956916099774
12.283356009070294
12.770975056689343
13.235374149659863
13.722993197278912
14.210612244897959
14.698231292517006
15.185850340136055
15.673469387755102
16.16108843537415
16.62548752834467
17.11310657596372
17.600725623582765
18.088344671201813
18.575963718820862
19.040362811791383
19.504761904761907
19.9459410430839
20.410340136054423
20.897959183673468
21.385578231292516
21.873197278911565
22.360816326530614
22.84843537414966
23.336054421768708
23.800453514739228
24.288072562358277
24.752471655328797
25.240090702947846
25.727709750566895
26.21532879818594
26.679727891156464
27.16734693877551
27.631746031746033
28.11936507936508
28.606984126984127
29.071383219954647
29.559002267573696
30.046621315192745
30.511020408163265
30.998639455782314
31.48625850340136
31.973877551020408
32.43827664399093
32.92589569160998
33.3902947845805
33.877913832199546
34.365532879818595
34.853151927437644
35.31755102040816
35.80517006802721
36.29278911564626
36.78040816326531
37.24480725623583
37.73242630385487
38.22004535147392
38.684444444444445
39.172063492063494
39.63646258503401
40.12408163265306
40.61170068027211
41.07609977324263
41.56371882086168
42.05133786848072
42.515736961451246
43.003356009070295
43.490975056689344
43.95537414965986
44.44299319727891
44.93061224489796
45.39501133786848
45.88263038548753
46.37024943310658
46.834648526077096
47.322267573696145
47.809886621315194
48.27428571428572
48.76190476190476
49.24952380952381
49.71392290249433
50.20154195011338
50.68916099773243
51.153560090702946
51.641179138321995
52.128798185941044
52.61641723356009
53.08081632653061
53.56843537414966
54.05605442176871
54.52045351473923
55.00807256235828
55.49569160997732
55.98331065759637
56.47092970521542
56.93532879818594
57.42294784580499
57.91056689342403
58.37496598639456
58.862585034013605
59.32698412698413
59.81460317460318
60.279002267573695
60.766621315192744
61.25424036281179
61.74185941043084
62.20625850340136
62.69387755102041
63.15827664399093
63.64589569160998
64.13351473922903
64.59791383219955
65.0855328798186
65.57315192743764
66.03755102040816
66.52517006802721
67.01278911564626
67.47718820861678
67.96480725623583
68.45242630385488
68.9168253968254
69.40444444444445
69.89206349206349
70.35646258503401
70.84408163265306
71.3317006802721
71.79609977324263
72.28371882086168
72.77133786848073
73.23573696145125
73.7233560090703
74.21097505668934
74.67537414965986
75.16299319727891
75.62739229024943
76.11501133786848
76.60263038548753
77.09024943310658
77.5546485260771
78.04226757369615
78.5298866213152
79.01750566893423
79.45868480725623
79.94630385487528
80.43392290249433
80.92154195011338
81.40916099773243
81.89678004535148
82.361179138322
82.84879818594105
83.31319727891156
83.80081632653061
84.26521541950113
84.75283446712018
85.24045351473923
85.72807256235828
86.1924716553288
86.68009070294785
87.1677097505669
87.65532879818593
88.14294784580498
88.63056689342403
89.11818594104308
89.60580498866213
90.09342403628118
90.60426303854875
91.11510204081632
91.6259410430839
92.11356009070295
92.62439909297052
93.11201814058957
93.59963718820862
94.08725623582767
94.57487528344672
95.03927437641724
95.52689342403629
96.10739229024944
96.71111111111111
97.19873015873016
97.66312925170068
98.15074829931973
98.63836734693878
99.1027664399093
99.59038548752835
100.07800453514739
100.54240362811791
101.03002267573696
101.51764172335601
102.00526077097506
102.46965986394558
102.95727891156463
103.42167800453515
103.9092970521542
104.39691609977324
104.88453514739228
105.34893424036281
105.83655328798186
106.3241723356009
106.78857142857143
107.27619047619048
107.76380952380953
108.22820861678005
108.71582766439909
109.20344671201813
109.69106575963718
110.15546485260771
110.64308390022676
111.1307029478458
111.59510204081633
112.05950113378685
112.5471201814059
113.01151927437641
113.49913832199546
113.98675736961451
114.47437641723356
114.93877551020408
115.42639455782313
115.89079365079365
116.3784126984127
116.86603174603175
117.3536507936508
117.81804988662131
118.30566893424036
118.77006802721088
119.25768707482993
119.74530612244898
120.23292517006803
120.69732426303855
121.1849433106576
121.67256235827665
122.13696145124716
122.62458049886621
123.11219954648526
123.57659863945578
124.06421768707483
124.52861678004535
124.99301587301588
125.48063492063493
125.96825396825396
126.43265306122449
126.92027210884353
127.38467120181406
127.8722902494331
128.35990929705216
128.8475283446712
129.3119274376417
129.79954648526078
130.2871655328798
130.77478458049887
131.30884353741496
131.86612244897958
132.35374149659864
132.84136054421768
133.3754195011338
