0.16253968253968254
0.4876190476190476
0.8591383219954648
1.2770975056689342
1.7182766439909296
2.159455782312925
2.5774149659863945
2.972154195011338
3.4133333333333336
3.8545124716553287
4.295691609977324
4.713650793650793
5.131609977324263
5.572789115646258
5.990748299319728
6.408707482993197
6.849886621315193
7.291065759637188
7.7090249433106575
8.126984126984127
8.568163265306122
9.009342403628118
9.427301587301587
9.845260770975056
10.263219954648527
10.704399092970522
11.145578231292516
11.563537414965987
11.981496598639456
12.376235827664399
12.747755102040816
13.119274376417234
13.49079365079365
13.908752834467121
14.32671201814059
14.767891156462586
15.185850340136055
15.603809523809524
16.04498866213152
16.486167800453515
16.904126984126986
17.322086167800453
17.76326530612245
18.18122448979592
18.622403628117915
19.040362811791383
19.481541950113378
19.89950113378685
20.340680272108845
20.758639455782312
21.199818594104308
21.61777777777778
22.035736961451246
22.47691609977324
22.894875283446712
23.336054421768708
23.754013605442175
24.19519274376417
24.61315192743764
25.054331065759637
25.472290249433108
25.890249433106575
26.33142857142857
26.772607709750567
27.190566893424037
27.608526077097505
28.0497052154195
28.46766439909297
28.908843537414967
29.326802721088434
29.76798185941043
30.1859410430839
30.627120181405896
31.045079365079363
31.48625850340136
31.90421768707483
32.3221768707483
32.76335600907029
33.18131519274377
33.62249433106576
34.04045351473923
34.481632653061226
34.89959183673469
35.34077097505669
35.75873015873016
36.19990929705215
36.617868480725626
37.05904761904762
37.477006802721085
37.89496598639456
38.33614512471655
38.75410430839002
39.19528344671202
39.613242630385486
40.054421768707485
40.47238095238095
40.89034013605442
41.33151927437642
41.77269841269841
42.190657596371885
42.67827664399093
43.073015873015876
43.490975056689344
43.90893424036281
44.35011337868481
44.76807256235828
45.186031746031745
45.627210884353744
46.04517006802721
46.4863492063492
46.90430839002268
47.34548752834467
47.763446712018144
48.18140589569161
48.6225850340136
49.0637641723356
49.48172335600907
49.89968253968254
50.340861678004536
50.758820861678004
51.2
51.61795918367347
52.05913832199546
52.47709750566894
52.91827664399093
53.336235827664396
53.75419501133787
54.19537414965986
54.61333333333334
55.05451247165533
55.472471655328796
55.913650793650795
56.33160997732426
56.77278911564626
57.19074829931973
57.63192743764172
58.049886621315196
58.49106575963719
58.909024943310655
59.32698412698413
59.76816326530612
60.18612244897959
60.62730158730159
61.045260770975055
61.486439909297054
61.90439909297052
62.32235827664399
62.74031746031746
63.181496598639455
63.622675736961455
64.04063492063491
64.48181405895691
64.89977324263039
65.34095238095239
65.75891156462585
66.20009070294785
66.61804988662132
67.0592290249433
67.47718820861678
67.89514739229026
68.33632653061224
68.75428571428571
69.19546485260771
69.61342403628117
70.05460317460317
70.47256235827665
70.91374149659863
71.3317006802721
71.7728798185941
72.19083900226758
72.63201814058957
73.04997732426304
73.46793650793651
73.9091156462585
74.32707482993197
74.76825396825397
75.18621315192743
75.62739229024943
76.0453514739229
76.48653061224489
76.90448979591837
77.32244897959184
77.76362811791383
78.1815873015873
78.6227664399093
79.04072562358277
79.48190476190476
79.89986394557823
80.34104308390023
80.75900226757369
81.20018140589569
81.61814058956917
82.03609977324263
82.47727891156462
82.91845804988662
83.33641723356008
83.75437641723356
84.19555555555556
84.61351473922902
85.05469387755102
85.47265306122449
85.91383219954649
86.33179138321995
86.74975056689343
87.19092970521542
87.63210884353741
88.05006802721088
88.46802721088436
88.90920634920634
89.32716553287982
89.76834467120182
90.18630385487528
90.62748299319728
91.04544217687075
91.48662131519275
91.90458049886621
92.34575963718821
92.76371882086168
93.18167800453514
93.62285714285714
94.04081632653062
94.4819954648526
94.89995464852608
95.34113378684808
95.75909297052154
96.17705215419501
96.61823129251701
97.03619047619047
97.47736961451247
97.91854875283447
98.33650793650794
98.7544671201814
99.1956462585034
99.61360544217688
100.05478458049886
100.47274376417234
100.91392290249433
101.3318820861678
101.7730612244898
102.19102040816327
102.60897959183673
103.05015873015873
103.4681179138322
103.9092970521542
104.32725623582766
104.76843537414966
105.18639455782314
105.62757369614512
106.0455328798186
106.46349206349207
106.90467120181405
107.32263038548753
107.76380952380953
108.18176870748299
108.62294784580499
109.04090702947846
109.45886621315192
109.90004535147392
110.34122448979592
110.7591836734694
111.17714285714285
111.61832199546485
112.05950113378685
112.47746031746031
112.89541950113379
113.31337868480726
113.75455782312925
114.17251700680272
114.61369614512472
115.03165532879818
115.47283446712018
115.89079365079365
116.33197278911565
116.74993197278911
117.19111111111111
117.60907029478459
118.05024943310657
118.46820861678005
118.90938775510205
119.3273469387755
119.7685260770975
120.18648526077098
120.62766439909296
121.04562358276644
121.48680272108844
121.9047619047619
122.32272108843537
122.76390022675737
123.20507936507937
123.62303854875283
124.0409977324263
124.4821768707483
124.90013605442176
125.34131519274376
125.75927437641724
126.20045351473922
126.6184126984127
127.03637188208617
127.47755102040816
127.91873015873016
128.33668934240362
128.77786848072563
129.1958276643991
129.61378684807255
130.05496598639456
130.47292517006804
130.91410430839002
131.3320634920635
131.77324263038548
132.19120181405896
132.63238095238094
133.05034013605442
133.4682993197279
133.90947845804988
134.32743764172335
134.76861678004536
135.1865759637188
135.60453514739228
136.0457142857143
136.48689342403628
136.90485260770976
137.32281179138323
137.76399092970522
138.1819501133787
138.62312925170068
139.04108843537415
139.48226757369613
139.9002267573696
140.34140589569162
140.75936507936507
141.20054421768708
141.61850340136056
142.036462585034
142.47764172335602
142.8956009070295
143.33678004535147
143.75473922902495
144.19591836734693
144.6138775510204
145.0550566893424
145.47301587301587
145.89097505668934
146.33215419501133
146.77333333333334
147.19129251700681
147.6324716553288
148.05043083900227
148.46839002267575
148.90956916099773
149.3275283446712
149.7687074829932
150.18666666666667
150.62784580498865
151.04580498866213
151.4637641723356
151.9049433106576
152.32290249433106
152.76408163265307
153.18204081632652
153.62321995464853
154.041179138322
154.482358276644
154.90031746031747
155.34149659863945
155.75945578231293
156.1774149659864
156.6185941043084
157.03655328798186
157.47773242630385
157.91891156462586
158.33687074829933
158.75482993197278
159.1960090702948
159.61396825396827
160.0319274376417
160.47310657596373
160.9142857142857
161.33224489795919
161.77342403628117
162.19138321995464
162.60934240362812
163.0505215419501
163.46848072562358
163.9096598639456
164.32761904761904
164.76879818594105
165.18675736961453
165.6279365079365
166.04589569160999
166.48707482993197
166.90503401360544
167.34621315192743
167.7641723356009
168.18213151927438
168.62331065759636
169.04126984126984
169.48244897959182
169.9004081632653
170.3415873015873
170.75954648526078
171.20072562358277
171.61868480725624
172.05986394557823
172.4778231292517
172.89578231292518
173.31374149659865
173.75492063492064
174.1728798185941
174.6140589569161
175.03201814058957
175.47319727891156
175.89115646258503
176.33233560090702
176.7502947845805
177.1914739229025
177.60943310657598
178.02739229024942
178.46857142857144
178.90975056689342
179.3277097505669
179.76888888888888
180.18684807256236
180.62802721088434
181.04598639455781
181.4639455782313
181.90512471655327
182.3463038548753
182.76426303854876
183.1822222222222
183.62340136054422
184.0413605442177
184.48253968253968
184.90049886621316
185.34167800453514
185.75963718820861
186.1775963718821
186.61877551020407
187.0599546485261
187.47791383219953
187.895873015873
188.33705215419502
188.75501133786847
189.19619047619048
189.61414965986395
190.05532879818594
190.47328798185941
190.9144671201814
191.33242630385487
191.75038548752835
192.19156462585033
192.6095238095238
193.0507029478458
193.46866213151927
193.90984126984128
194.32780045351473
194.7457596371882
195.1869387755102
195.6281179138322
196.04607709750567
196.46403628117915
196.90521541950113
197.3231746031746
197.7643537414966
198.18231292517007
198.62349206349205
199.04145124716553
199.48263038548754
199.90058956916099
200.341768707483
200.75972789115647
201.20090702947846
201.61886621315193
202.0368253968254
202.4780045351474
202.89596371882087
203.33714285714285
203.75510204081633
204.1962811791383
204.61424036281178
205.0554195011338
205.47337868480724
205.89133786848072
206.33251700680273
206.75047619047618
207.1916553287982
207.60961451247167
208.05079365079365
208.46875283446713
208.9099319727891
209.32789115646258
209.76907029478457
210.18702947845804
210.62820861678006
211.0461678004535
211.48734693877552
211.905306122449
212.34648526077098
212.76444444444445
213.20562358276644
213.6235827664399
214.04154195011338
214.48272108843537
214.90068027210884
215.34185941043083
215.7598185941043
216.20099773242632
216.61895691609976
217.06013605442178
217.47809523809525
217.91927437641723
218.3372335600907
218.75519274376418
219.19637188208617
219.61433106575964
220.05551020408163
220.4734693877551
220.9146485260771
221.33260770975056
221.77378684807258
222.19174603174602
222.6097052154195
223.0508843537415
223.46884353741495
223.91002267573697
224.32798185941044
224.76916099773243
225.1871201814059
225.60507936507938
226.04625850340136
226.48743764172335
226.90539682539682
227.3233560090703
227.76453514739228
228.18249433106575
228.62367346938777
229.0416326530612
229.48281179138323
229.9007709750567
230.3419501133787
230.75990929705216
231.17786848072564
231.61904761904762
232.0602267573696
232.47818594104308
232.89614512471655
