13.003174603174603
13.653333333333334
14.303492063492063
14.86077097505669
15.487709750566893
16.091428571428573
16.69514739229025
17.2756462585034
17.856145124716555
18.483083900226756
19.06358276643991
19.667301587301587
20.29424036281179
20.921179138321996
21.61777777777778
22.221496598639455
22.825215419501134
23.42893424036281
24.03265306122449
24.636371882086166
25.240090702947846
25.843809523809522
26.470748299319727
27.074467120181406
27.678185941043083
28.281904761904762
28.88562358276644
29.489342403628118
30.093061224489794
30.696780045351474
31.30049886621315
31.927437641723355
32.64725623582766
33.41351473922902
34.04045351473923
34.644172335600906
35.247891156462586
35.851609977324266
36.45532879818594
37.05904761904762
37.6627664399093
38.2897052154195
38.89342403628118
39.497142857142855
40.100861678004534
40.704580498866214
41.308299319727894
41.912018140589566
42.515736961451246
43.119455782312926
43.723174603174606
44.32689342403628
44.93061224489796
45.53433106575964
46.16126984126984
46.76498866213152
47.368707482993194
47.972426303854874
48.576145124716554
49.179863945578234
49.783582766439906
50.387301587301586
51.01424036281179
51.61795918367347
52.22167800453515
52.82539682539682
53.4291156462585
54.03283446712018
54.63655328798186
55.240272108843534
55.843990929705214
56.447709750566894
57.0746485260771
57.67836734693878
58.28208616780045
58.88580498866213
59.48952380952381
60.02358276643991
60.53442176870748
61.02204081632653
61.602539682539685
62.20625850340136
62.83319727891156
63.43691609977324
64.04063492063491
64.6443537414966
65.24807256235827
65.85179138321996
66.45551020408163
67.0592290249433
67.662947845805
68.26666666666667
68.89360544217688
69.47410430839003
70.0778231292517
70.70476190476191
71.28526077097506
71.91219954648525
72.51591836734694
73.11963718820861
73.7233560090703
74.32707482993197
74.95401360544217
75.55773242630386
76.16145124716553
76.76517006802722
77.36888888888889
77.97260770975056
78.57632653061225
79.18004535147392
79.80698412698413
80.4107029478458
81.01442176870748
81.61814058956917
82.22185941043084
82.82557823129251
83.4292970521542
84.03301587301587
84.63673469387756
85.24045351473923
85.86739229024943
86.47111111111111
87.07482993197279
87.67854875283447
88.28226757369615
88.88598639455782
89.4897052154195
90.09342403628118
90.69714285714285
91.30086167800454
91.92780045351473
92.53151927437642
93.1352380952381
93.73895691609977
94.34267573696145
94.94639455782313
95.55011337868481
96.15383219954649
96.78077097505668
97.38448979591837
97.98820861678004
98.59192743764173
99.1956462585034
99.79936507936507
100.40308390022676
100.98358276643991
101.6105215419501
102.2142403628118
102.81795918367347
103.42167800453515
104.04861678004535
104.65233560090702
105.25605442176871
105.85977324263038
106.46349206349207
107.06721088435374
107.67092970521541
108.2746485260771
108.9015873015873
109.50530612244899
110.10902494331066
110.71274376417233
111.24680272108843
111.82730158730159
112.40780045351474
112.96507936507936
113.52235827664398
114.0564172335601
114.66013605442177
115.24063492063492
115.8443537414966
116.4712925170068
117.07501133786847
117.67873015873016
118.28244897959183
118.88616780045352
119.53632653061224
120.14004535147393
120.69732426303855
121.30104308390023
121.9047619047619
122.50848072562358
123.13541950113378
123.73913832199547
124.34285714285714
124.94657596371881
125.5502947845805
126.15401360544217
126.75773242630386
127.36145124716553
127.9651700680272
128.5688888888889
129.14938775510205
129.79954648526078
130.40326530612245
131.00698412698412
131.6107029478458
132.19120181405896
132.678820861678
133.14321995464852
133.72371882086168
134.32743764172335
134.95437641723356
135.53487528344672
136.1618140589569
136.7655328798186
137.36925170068028
137.97297052154195
138.57668934240363
139.1804081632653
139.78412698412697
140.38784580498867
140.99156462585034
141.61850340136056
142.22222222222223
142.8259410430839
143.42965986394557
144.03337868480725
144.63709750566895
145.24081632653062
145.8445351473923
146.4714739229025
147.05197278911564
147.6556916099773
148.28263038548752
148.86312925170068
149.4900680272109
150.09378684807257
150.69750566893424
151.3012244897959
151.9049433106576
152.5318820861678
153.13560090702947
153.73931972789114
154.34303854875284
154.94675736961452
155.5504761904762
156.15419501133786
156.75791383219953
157.38485260770975
157.98857142857142
158.56907029478458
159.1960090702948
159.79972789115646
160.40344671201814
161.0071655328798
161.61088435374148
162.21460317460318
162.81832199546486
163.44526077097507
164.04897959183674
164.6526984126984
165.2564172335601
165.86013605442176
166.46385487528346
167.06757369614513
167.6712925170068
168.27501133786848
168.87873015873015
169.50566893424036
170.10938775510203
170.7131065759637
171.3168253968254
171.92054421768708
172.52426303854875
173.12798185941043
173.7317006802721
174.3354195011338
174.93913832199547
175.56607709750566
176.16979591836736
176.77351473922903
177.3772335600907
177.98095238095237
178.56145124716554
179.18839002267575
179.79210884353742
180.3958276643991
180.99954648526077
181.62648526077098
182.23020408163265
182.83392290249432
183.43764172335602
184.0413605442177
184.64507936507937
185.24879818594104
185.8525170068027
186.4562358276644
187.0599546485261
187.66367346938776
188.29061224489797
188.89433106575964
189.49804988662132
190.101768707483
190.70548752834466
191.30920634920636
191.91292517006804
192.5166439909297
193.12036281179138
193.72408163265305
194.35102040816327
194.95473922902494
195.5584580498866
196.1621768707483
196.76589569160998
197.34639455782312
197.97333333333333
198.577052154195
199.1807709750567
199.78448979591838
200.38820861678005
201.01514739229026
201.61886621315193
202.19936507936507
202.82630385487528
203.43002267573695
204.03374149659865
204.63746031746032
205.241179138322
205.84489795918367
206.44861678004534
207.05233560090704
207.67927437641723
208.2829931972789
208.8867120181406
209.49043083900227
210.0709297052154
210.69786848072562
211.3015873015873
211.905306122449
212.50902494331066
213.13596371882088
213.73968253968255
214.34340136054422
214.9471201814059
215.55083900226757
216.15455782312924
216.75827664399094
217.3619954648526
217.98893424036282
218.5926530612245
219.19637188208617
219.80009070294784
220.4038095238095
221.00752834467121
221.6112471655329
222.21496598639456
222.84190476190477
223.44562358276644
224.04934240362812
224.6530612244898
225.25678004535146
225.86049886621316
226.4409977324263
227.02149659863946
227.67165532879818
228.27537414965985
228.87909297052155
229.50603174603174
230.1097505668934
230.7134693877551
231.31718820861678
231.92090702947846
232.52462585034013
233.1283446712018
233.7320634920635
234.33578231292518
234.9627210884354
235.56643990929706
236.17015873015873
236.7506575963719
237.37759637188208
237.98131519274375
238.58503401360545
239.18875283446712
239.7924716553288
240.39619047619047
240.99990929705214
241.60362811791384
242.23056689342403
242.83428571428573
243.4380045351474
244.04172335600907
244.64544217687074
245.24916099773242
245.85287981859412
246.43337868480725
247.08353741496597
247.68725623582768
248.29097505668935
248.87147392290248
249.4984126984127
250.10213151927437
250.70585034013607
251.30956916099774
251.9132879818594
252.51700680272108
253.12072562358276
253.72444444444446
254.35138321995464
254.9551020408163
255.55882086167802
256.1393197278912
256.7662585034014
257.36997732426306
257.97369614512473
258.5774149659864
259.2043537414966
259.8080725623583
260.41179138321996
261.01551020408164
261.6192290249433
262.222947845805
262.82666666666665
263.4303854875283
264.03410430839
264.63782312925173
265.2415419501134
