0.18575963718820862
0.603718820861678
1.0448979591836736
1.509297052154195
1.9504761904761905
2.391655328798186
2.8328344671201813
3.297233560090703
3.7616326530612243
4.20281179138322
4.667210884353741
5.131609977324263
5.572789115646258
6.060408163265306
6.501587301587302
6.965986394557823
7.4071655328798185
7.87156462585034
8.312743764172335
8.777142857142858
9.218321995464853
9.659501133786849
10.12390022675737
10.565079365079365
11.029478458049887
11.493877551020407
11.935056689342403
12.399455782312925
12.863854875283447
13.351473922902494
13.839092970521541
14.32671201814059
14.814331065759637
15.301950113378684
15.74312925170068
16.114648526077097
16.486167800453515
16.950566893424035
17.39174603174603
17.856145124716555
18.297324263038547
18.76172335600907
19.22612244897959
19.667301587301587
20.108480725623583
20.54965986394558
20.990839002267574
21.455238095238094
21.91963718820862
22.407256235827663
22.941315192743765
23.42893424036281
23.893333333333334
24.357732426303855
24.822131519274375
25.2865306122449
25.75092970521542
26.21532879818594
26.656507936507936
27.028027210884353
27.39954648526077
27.817505668934242
28.281904761904762
28.723083900226758
29.210702947845807
29.6518820861678
30.116281179138323
30.580680272108843
31.02185941043084
31.463038548752834
31.90421768707483
32.391836734693875
32.833015873015874
33.36707482993197
33.90113378684807
34.38875283446712
34.853151927437644
35.31755102040816
35.75873015873016
36.19990929705215
36.664308390022676
37.1287074829932
37.56988662131519
38.01106575963719
38.45224489795918
38.89342403628118
39.3578231292517
39.82222222222222
40.28662131519275
40.751020408163264
41.19219954648526
41.65659863945578
42.120997732426304
42.5621768707483
43.003356009070295
43.46775510204082
43.90893424036281
44.39655328798186
44.83773242630385
45.302131519274376
45.743310657596375
46.20770975056689
46.64888888888889
47.11328798185941
47.55446712018141
48.01886621315193
48.46004535147392
48.92444444444445
49.36562358276644
49.83002267573696
50.271201814058955
50.73560090702948
51.2
51.66439909297052
52.10557823129252
52.569977324263036
53.011156462585035
53.47555555555556
53.939954648526076
54.4043537414966
54.84553287981859
55.28671201814059
55.75111111111111
56.19229024943311
56.65668934240363
57.09786848072562
57.56226757369615
58.00344671201814
58.46784580498866
58.909024943310655
59.37342403628118
59.8378231292517
60.279002267573695
60.74340136054422
61.207800453514736
61.67219954648526
62.11337868480726
62.55455782312925
62.99573696145125
63.48335600907029
63.947755102040816
64.38893424036281
64.83011337868481
65.29451247165532
65.73569160997732
66.20009070294785
66.64126984126985
67.10566893424036
67.57006802721088
68.01124716553288
68.4756462585034
68.94004535147393
69.38122448979591
69.82240362811791
70.28680272108843
70.75120181405896
71.19238095238096
71.65678004535147
72.09795918367347
72.56235827664399
73.02675736961451
73.46793650793651
73.93233560090702
74.39673469387755
74.83791383219955
75.27909297052155
75.74349206349207
76.20789115646258
76.64907029478458
77.09024943310658
77.5546485260771
78.01904761904763
78.46022675736961
78.92462585034014
79.38902494331066
79.85342403628118
80.27138321995464
80.73578231292517
81.20018140589569
81.64136054421769
82.08253968253969
82.50049886621315
83.03455782312925
83.47573696145125
83.91691609977325
84.38131519274377
84.82249433106576
85.28689342403628
85.7512925170068
86.1924716553288
86.63365079365079
87.09804988662131
87.53922902494331
88.00362811791383
88.44480725623583
88.90920634920634
89.37360544217687
89.83800453514739
90.27918367346939
90.74358276643991
91.1847619047619
91.64916099773242
92.11356009070295
92.57795918367347
92.99591836734695
93.46031746031746
93.92471655328798
94.3891156462585
94.8302947845805
95.29469387755103
95.73587301587301
96.20027210884354
96.64145124716553
97.08263038548753
97.54702947845804
98.01142857142857
98.45260770975057
98.94022675736962
99.38140589569161
99.8225850340136
100.28698412698412
100.72816326530612
101.19256235827665
101.65696145124717
102.1213605442177
102.56253968253968
103.0269387755102
103.4681179138322
103.93251700680273
104.37369614512471
104.81487528344671
105.27927437641723
105.72045351473923
106.18485260770976
106.64925170068027
107.09043083900227
107.55482993197279
108.01922902494331
108.4604081632653
108.92480725623582
109.36598639455782
109.85360544217687
110.29478458049887
110.7591836734694
111.20036281179138
111.64154195011338
112.1059410430839
112.57034013605443
113.01151927437641
113.47591836734694
113.91709750566893
114.38149659863946
114.82267573696146
115.28707482993197
115.72825396825397
116.19265306122449
116.63383219954649
117.12145124716554
117.56263038548752
118.02702947845805
118.46820861678005
118.93260770975057
119.37378684807257
119.83818594104308
120.27936507936508
120.7437641723356
121.20816326530613
121.67256235827665
122.11374149659864
122.55492063492063
123.01931972789116
123.46049886621316
123.92489795918367
124.36607709750567
124.83047619047619
125.29487528344671
125.73605442176871
126.20045351473922
126.66485260770975
127.10603174603175
127.57043083900227
128.03482993197278
128.45278911564625
128.94040816326532
129.40480725623584
129.84598639455783
130.2639455782313
130.72834467120182
131.19274376417235
131.63392290249433
132.09832199546486
132.56272108843538
133.00390022675737
133.4682993197279
133.93269841269841
134.39709750566894
134.83827664399092
135.27945578231294
135.74385487528346
136.20825396825396
136.64943310657597
137.09061224489795
137.53179138321997
137.99619047619046
138.460589569161
138.9249886621315
139.36616780045352
139.83056689342405
140.27174603174603
140.73614512471656
141.20054421768708
141.6649433106576
142.1061224489796
142.54730158730158
143.0117006802721
143.47609977324262
143.94049886621315
144.38167800453516
144.82285714285715
145.28725623582767
145.7516553287982
146.21605442176872
146.6572335600907
147.07519274376418
147.5628117913832
148.00399092970522
148.46839002267575
148.90956916099773
149.3275283446712
149.81514739229024
150.27954648526077
150.7439455782313
151.18512471655328
151.6263038548753
152.06748299319727
152.5086621315193
152.99628117913832
153.46068027210885
153.92507936507937
154.3894784580499
154.83065759637188
155.2950566893424
155.7362358276644
156.2006349206349
156.64181405895692
157.10621315192745
157.57061224489797
158.03501133786847
158.45297052154194
158.91736961451247
159.381768707483
159.82294784580498
160.264126984127
160.7285260770975
161.19292517006804
161.63410430839002
162.09850340136055
162.53968253968253
163.00408163265305
163.46848072562358
163.9096598639456
164.3740589569161
164.8152380952381
165.27963718820862
165.74403628117915
166.18521541950113
166.62639455782312
167.09079365079364
167.55519274376417
168.0195918367347
168.46077097505668
168.9251700680272
169.38956916099772
169.83074829931974
170.27192743764172
170.73632653061225
171.17750566893423
171.64190476190475
172.08308390022677
172.5474829931973
172.98866213151928
173.4762811791383
173.94068027210884
174.40507936507936
174.82303854875283
175.28743764172336
175.75183673469388
176.2162358276644
176.6574149659864
177.0985941043084
177.5629931972789
178.02739229024942
178.46857142857144
178.93297052154196
179.37414965986395
179.83854875283447
180.302947845805
180.74412698412698
181.2085260770975
181.6497052154195
182.11410430839
182.57850340136054
183.01968253968255
183.46086167800453
183.92526077097506
184.38965986394558
184.8540589569161
185.31845804988663
185.75963718820861
186.22403628117914
186.66521541950112
187.12961451247165
187.57079365079366
188.01197278911565
188.45315192743763
188.91755102040815
189.38195011337868
189.8231292517007
190.28752834467122
190.7519274376417
191.19310657596372
191.65750566893425
192.09868480725623
192.5863038548753
193.02748299319728
193.51510204081632
193.97950113378684
194.42068027210885
194.86185941043084
195.30303854875282
195.76743764172335
196.23183673469387
196.6962358276644
197.16063492063492
197.5785941043084
197.99655328798187
198.4609523809524
198.92535147392292
199.3897505668934
199.85414965986394
200.29532879818595
200.73650793650793
201.20090702947846
201.66530612244898
202.10648526077097
202.5708843537415
203.0120634920635
203.476462585034
203.94086167800452
204.38204081632654
204.82321995464852
205.28761904761905
205.72879818594103
206.19319727891155
206.65759637188208
207.1219954648526
207.56317460317462
208.0043537414966
208.46875283446713
208.93315192743765
209.37433106575963
209.83873015873016
210.30312925170068
210.7675283446712
211.2087074829932
211.6498866213152
212.0910657596372
