0.5340589569160997
1.0913378684807256
1.6253968253968254
2.182675736961451
2.7399546485260773
3.274013605442177
3.8312925170068026
4.388571428571429
4.9458503401360545
5.479909297052155
6.03718820861678
6.594467120181406
7.128526077097506
7.685804988662132
8.243083900226758
8.777142857142858
9.334421768707482
9.891700680272109
10.448979591836734
10.983038548752834
11.54031746031746
12.097596371882085
12.654875283446712
13.188934240362812
13.746213151927437
14.303492063492063
14.86077097505669
15.394829931972788
15.928888888888888
16.486167800453515
17.04344671201814
17.600725623582765
18.15800453514739
18.668843537414965
19.249342403628116
19.806621315192743
20.36390022675737
20.897959183673468
21.455238095238094
22.01251700680272
22.54657596371882
23.103854875283446
23.661133786848072
24.19519274376417
24.752471655328797
25.309750566893424
25.86702947845805
26.40108843537415
26.958367346938775
27.492426303854874
28.0497052154195
28.606984126984127
29.164263038548754
29.698321995464852
30.278820861678003
30.812879818594105
31.37015873015873
31.90421768707483
32.46149659863946
33.01877551020408
33.55283446712018
34.11011337868481
34.66739229024943
35.22467120181406
35.75873015873016
36.31600907029478
36.87328798185941
37.40734693877551
37.964625850340134
38.521904761904764
39.07918367346939
39.613242630385486
40.170521541950116
40.704580498866214
41.26185941043084
41.81913832199547
42.37641723356009
42.91047619047619
43.490975056689344
44.02503401360544
44.55909297052154
45.11637188208617
45.67365079365079
46.20770975056689
46.76498866213152
47.322267573696145
47.87954648526077
48.4368253968254
48.970884353741496
49.504943310657595
50.062222222222225
50.61950113378685
51.17678004535147
51.7340589569161
52.291337868480724
52.82539682539682
53.38267573696145
53.939954648526076
54.474013605442174
55.031292517006804
55.58857142857143
56.122630385487525
56.679909297052156
57.23718820861678
57.74802721088435
58.32852607709751
58.88580498866213
59.44308390022676
59.97714285714286
60.51120181405896
61.06848072562358
61.62575963718821
62.18303854875283
62.74031746031746
63.297596371882086
63.831655328798185
64.38893424036281
64.94621315192744
65.48027210884354
66.03755102040816
66.59482993197278
67.15210884353742
67.68616780045352
68.24344671201814
68.80072562358276
69.33478458049886
69.89206349206349
70.44934240362812
70.98340136054422
71.54068027210884
72.09795918367347
72.65523809523809
73.18929705215419
73.74657596371883
74.30385487528345
74.83791383219955
75.39519274376417
75.9524716553288
76.50975056689343
77.06702947845805
77.60108843537415
78.15836734693877
78.7156462585034
79.2497052154195
79.80698412698413
80.36426303854876
80.92154195011338
81.45560090702948
82.0128798185941
82.5469387755102
83.12743764172336
83.66149659863946
84.19555555555556
84.75283446712018
85.3101133786848
85.86739229024943
86.40145124716554
86.91229024943311
87.49278911564626
88.05006802721088
88.6073469387755
89.16462585034013
89.69868480725624
90.25596371882087
90.81324263038549
91.34730158730159
91.92780045351473
92.46185941043083
93.01913832199547
93.55319727891157
94.11047619047619
94.66775510204081
95.20181405895691
95.71265306122449
96.31637188208617
96.8736507936508
97.43092970521542
97.96498866213152
98.52226757369614
99.07954648526078
99.61360544217688
100.1708843537415
100.72816326530612
101.28544217687075
101.81950113378684
102.37678004535148
102.9340589569161
103.4681179138322
104.02539682539683
104.5362358276644
105.11673469387755
105.67401360544218
106.2312925170068
106.78857142857143
107.32263038548753
107.87990929705215
108.41396825396825
108.97124716553287
109.52852607709751
110.08580498866213
110.61986394557823
111.17714285714285
111.73442176870748
112.26848072562358
112.77931972789116
113.38303854875284
113.94031746031746
114.47437641723356
115.03165532879818
115.56571428571428
116.12299319727892
116.68027210884354
117.23755102040816
117.77160997732426
118.32888888888888
118.88616780045352
119.44344671201814
120.00072562358277
120.53478458049887
121.09206349206349
121.64934240362811
122.18340136054422
122.74068027210885
123.27473922902495
123.83201814058957
124.38929705215419
124.94657596371881
125.48063492063493
126.03791383219955
126.59519274376417
127.1524716553288
127.6865306122449
128.24380952380952
128.80108843537414
129.33514739229025
129.89242630385488
130.4497052154195
131.00698412698412
131.54104308390023
132.09832199546486
132.65560090702948
133.18965986394556
133.74693877551022
134.30421768707484
134.83827664399092
135.39555555555555
135.95283446712017
136.48689342403628
137.0441723356009
137.60145124716553
138.15873015873015
138.69278911564626
139.2500680272109
139.8073469387755
140.36462585034013
140.89868480725625
141.45596371882087
142.0132426303855
142.54730158730158
143.10458049886623
143.66185941043085
144.19591836734693
144.75319727891156
145.31047619047618
145.8677551020408
146.42503401360545
146.95909297052154
147.51637188208616
148.07365079365078
148.6309297052154
149.16498866213152
149.72226757369614
150.27954648526077
150.8368253968254
151.3708843537415
151.9049433106576
152.4622222222222
153.01950113378686
153.57678004535148
154.11083900226757
154.6681179138322
155.2253968253968
155.75945578231293
156.24707482993196
156.8043537414966
157.40807256235829
157.9653514739229
158.52263038548753
159.07990929705215
159.63718820861678
160.1712471655329
160.7285260770975
161.2625850340136
161.81986394557822
162.37714285714284
162.9344217687075
163.49170068027212
164.0257596371882
164.58303854875282
165.11709750566894
165.67437641723356
166.23165532879818
166.7657142857143
167.32299319727892
167.88027210884354
168.43755102040816
168.97160997732425
169.5288888888889
170.08616780045352
170.6202267573696
171.17750566893423
171.73478458049885
172.2920634920635
172.8261224489796
173.3834013605442
173.94068027210884
174.49795918367346
175.05523809523808
175.5892970521542
176.1233560090703
176.68063492063493
177.23791383219955
177.79519274376418
178.32925170068026
178.8865306122449
179.44380952380953
179.97786848072562
180.53514739229024
181.09242630385486
181.62648526077098
182.1837641723356
182.74104308390022
183.29832199546485
183.83238095238096
184.38965986394558
184.9469387755102
185.48099773242632
186.03827664399094
186.59555555555556
187.1528344671202
187.7101133786848
188.2441723356009
188.80145124716555
189.33551020408163
189.89278911564625
190.45006802721088
191.0073469387755
191.5414058956916
192.02902494331065
192.63274376417235
193.21324263038548
193.7473015873016
194.35102040816327
194.95473922902494
195.5584580498866
196.09251700680272
196.76589569160998
197.3231746031746
197.88045351473923
198.4841723356009
199.06467120181406
