0.11609977324263039
0.603718820861678
1.0913378684807256
1.555736961451247
2.020136054421769
2.48453514739229
2.948934240362812
3.436553287981859
3.924172335600907
4.388571428571429
4.85297052154195
5.340589569160998
5.804988662131519
6.2693877551020405
6.757006802721088
7.22140589569161
7.7090249433106575
8.17342403628118
8.6378231292517
9.125442176870749
9.58984126984127
10.054240362811791
10.518639455782314
11.00625850340136
11.470657596371883
11.95827664399093
12.422675736961452
12.887074829931972
13.374693877551021
13.839092970521541
14.303492063492063
14.79111111111111
15.27873015873016
15.74312925170068
16.207528344671204
16.671927437641724
17.136326530612244
17.623945578231293
18.06512471655329
18.552743764172334
19.040362811791383
19.504761904761907
19.969160997732427
20.456780045351476
20.921179138321996
21.408798185941045
21.873197278911565
22.337596371882086
22.825215419501134
23.289614512471655
23.754013605442175
24.2184126984127
24.706031746031748
25.193650793650793
25.658049886621317
26.09922902494331
26.586848072562358
27.051247165532878
27.538866213151927
28.003265306122447
28.490884353741496
28.93206349206349
29.41968253968254
29.88408163265306
30.37170068027211
30.83609977324263
31.32371882086168
31.7881179138322
32.25251700680272
32.71691609977324
33.20453514739229
33.66893424036281
34.15655328798186
34.62095238095238
35.085351473922906
35.54975056689342
36.03736961451247
36.501768707482995
36.989387755102044
37.45378684807256
37.918185941043085
38.38258503401361
38.87020408163265
39.334603174603174
39.82222222222222
40.28662131519275
40.77424036281179
41.23863945578231
41.72625850340136
42.190657596371885
42.6550566893424
43.119455782312926
43.607074829931975
44.07147392290249
44.535873015873015
45.00027210884354
45.464671201814056
45.952290249433105
46.41668934240363
46.90430839002268
47.368707482993194
47.83310657596372
48.32072562358277
48.808344671201816
49.24952380952381
49.73714285714286
50.20154195011338
50.6659410430839
51.153560090702946
51.61795918367347
52.10557823129252
52.569977324263036
53.03437641723356
53.52199546485261
53.98639455782313
54.474013605442174
54.9384126984127
55.40281179138322
55.89043083900227
56.35482993197279
56.81922902494331
57.283628117913835
57.77124716553288
58.2356462585034
58.72326530612245
59.187664399092974
59.675283446712015
60.13968253968254
60.60408163265306
61.06848072562358
61.532879818594104
62.02049886621315
62.5081179138322
62.97251700680272
63.43691609977324
63.901315192743766
64.38893424036281
64.85333333333334
65.31773242630385
65.8053514739229
66.26975056689342
66.75736961451247
67.221768707483
67.68616780045352
68.17378684807257
68.63818594104309
69.1025850340136
69.56698412698412
70.05460317460317
70.5190022675737
70.98340136054422
71.47102040816327
71.9354195011338
72.3998185941043
72.88743764172335
73.35183673469388
73.8162358276644
74.2574149659864
74.74503401360545
75.2326530612245
75.72027210884353
76.18467120181406
76.64907029478458
77.13668934240363
77.62430839002268
78.0887074829932
78.55310657596372
79.01750566893423
79.50512471655328
79.9695238095238
80.45714285714286
80.92154195011338
81.3859410430839
81.85034013605443
82.33795918367348
82.80235827664399
83.28997732426303
83.75437641723356
84.21877551020408
84.6831746031746
85.17079365079366
85.63519274376418
86.12281179138321
86.58721088435374
87.05160997732426
87.51600907029479
88.00362811791383
88.46802721088436
88.9556462585034
89.42004535147392
89.90766439909297
90.37206349206349
90.83646258503401
91.30086167800454
91.78848072562359
92.25287981859411
92.74049886621316
93.20489795918367
93.69251700680272
94.15691609977324
94.62131519274377
95.10893424036281
95.57333333333334
96.03773242630386
96.5253514739229
96.98975056689342
97.45414965986394
97.94176870748299
98.40616780045352
98.87056689342404
99.33496598639456
99.8225850340136
100.28698412698412
100.75138321995465
101.21578231292517
101.70340136054422
102.16780045351474
102.63219954648527
103.1198185941043
103.58421768707483
104.07183673469387
104.5362358276644
105.02385487528345
105.48825396825397
105.9526530612245
106.417052154195
106.90467120181405
107.36907029478458
107.8334693877551
108.29786848072563
108.78548752834467
109.2498866213152
109.73750566893425
110.20190476190476
110.6895238095238
111.15392290249433
111.59510204081633
112.05950113378685
112.5471201814059
113.01151927437641
113.47591836734694
113.98675736961451
114.47437641723356
114.93877551020408
115.4031746031746
115.86757369614513
116.35519274376418
116.81959183673469
117.30721088435374
117.77160997732426
118.25922902494331
118.72362811791383
119.18802721088436
119.65242630385488
120.14004535147393
120.6508843537415
121.09206349206349
121.55646258503401
122.02086167800454
122.48526077097506
122.97287981859411
123.43727891156463
123.90167800453514
124.36607709750567
124.85369614512472
125.31809523809524
125.80571428571429
126.27011337868481
126.75773242630386
127.22213151927437
127.66331065759637
128.15092970521542
128.63854875283448
129.12616780045352
129.59056689342404
130.05496598639456
130.5425850340136
131.00698412698412
131.47138321995465
131.9590022675737
132.4234013605442
132.88780045351473
133.35219954648525
133.81659863945578
134.30421768707484
134.76861678004536
135.2562358276644
135.72063492063492
136.18503401360545
136.64943310657597
137.137052154195
137.60145124716553
138.0890702947846
138.55346938775511
139.0178684807256
139.50548752834467
139.9698866213152
140.43428571428572
140.92190476190476
141.38630385487528
141.87392290249434
142.33832199546487
142.80272108843536
143.2671201814059
143.75473922902495
144.21913832199547
144.7067573696145
145.17115646258503
145.6587755102041
146.1231746031746
146.5875736961451
147.07519274376418
147.5395918367347
148.00399092970522
148.49160997732426
148.95600907029478
149.44362811791385
149.90802721088434
150.37242630385487
150.8368253968254
151.32444444444445
151.78884353741498
152.2532426303855
152.74086167800453
153.20526077097506
153.66965986394558
154.1340589569161
154.62167800453514
155.08607709750567
155.5504761904762
156.0148752834467
156.50249433106575
156.96689342403627
157.45451247165533
157.91891156462586
158.4065306122449
158.89414965986396
159.35854875283448
159.82294784580498
160.2873469387755
160.77496598639456
161.2393650793651
161.7037641723356
162.19138321995464
162.65578231292517
163.1201814058957
163.60780045351473
164.07219954648525
164.5598185941043
165.02421768707484
165.48861678004536
165.9762358276644
166.44063492063492
166.90503401360544
167.39265306122448
167.857052154195
168.32145124716553
168.78585034013605
169.2734693877551
169.73786848072564
170.20226757369613
170.7131065759637
171.15428571428572
171.64190476190475
172.10630385487528
172.5707029478458
173.05832199546487
173.52272108843536
173.98712018140588
174.47473922902495
174.93913832199547
175.403537414966
175.86793650793652
176.35555555555555
176.81995464852608
177.2843537414966
177.77197278911564
178.2595918367347
178.72399092970522
179.18839002267575
179.65278911564627
180.1404081632653
180.60480725623583
181.06920634920635
181.5568253968254
182.04444444444445
182.50884353741498
182.9732426303855
183.43764172335602
183.92526077097506
184.38965986394558
184.8540589569161
185.34167800453514
185.80607709750566
186.2704761904762
186.7348752834467
187.22249433106575
187.68689342403627
188.17451247165533
188.63891156462586
189.10331065759638
189.5677097505669
190.05532879818594
190.51972789115646
191.0073469387755
191.47174603174602
191.93614512471655
192.40054421768707
192.88816326530613
193.35256235827666
193.8401814058957
194.30458049886622
194.76897959183674
195.23337868480726
195.7209977324263
196.18539682539682
196.67301587301588
197.13741496598638
197.62503401360544
198.08943310657597
198.5538321995465
199.01823129251702
199.50585034013605
199.97024943310657
200.45786848072564
200.92226757369613
201.38666666666666
201.85106575963718
202.33868480725624
202.80308390022677
203.2674829931973
203.75510204081633
