0.09287981859410431
0.5804988662131519
0.9520181405895691
1.4396371882086167
1.9272562358276644
2.414875283446712
2.9024943310657596
3.3901133786848074
3.877732426303855
4.435011337868481
4.96907029478458
5.456689342403628
5.944308390022676
6.431927437641724
6.919546485260771
7.4071655328798185
7.894784580498866
8.382403628117913
8.870022675736962
9.334421768707482
9.845260770975056
10.332879818594105
10.820498866213152
11.3081179138322
11.795736961451247
12.283356009070294
12.770975056689343
13.25859410430839
13.746213151927437
14.233832199546486
14.721451247165533
15.209070294784581
15.696689342403628
16.184308390022675
16.671927437641724
17.159546485260773
17.647165532879818
18.134784580498867
18.622403628117915
19.11002267573696
19.620861678004534
20.085260770975058
20.572879818594103
21.060498866213152
21.571337868480725
22.035736961451246
22.54657596371882
23.010975056689343
23.521814058956917
23.986213151927437
24.473832199546486
24.961451247165535
25.472290249433108
25.93668934240363
26.424308390022677
26.888707482993198
27.39954648526077
27.910385487528345
28.398004535147393
28.862403628117914
29.373242630385487
29.860861678004536
30.34848072562358
30.83609977324263
31.32371882086168
31.811337868480727
32.298956916099776
32.76335600907029
33.274195011337866
33.761814058956915
34.249433106575964
34.73705215419501
35.22467120181406
35.71229024943311
36.19990929705215
36.6875283446712
37.17514739229025
37.6627664399093
38.15038548752835
38.638004535147395
39.12562358276644
39.613242630385486
40.100861678004534
40.58848072562358
41.07609977324263
41.56371882086168
42.05133786848072
42.53895691609977
43.02657596371882
43.490975056689344
44.00181405895692
44.46621315192744
44.977052154195015
45.464671201814056
45.952290249433105
46.439909297052154
46.9275283446712
47.41514739229025
47.9027664399093
48.36716553287982
48.87800453514739
49.36562358276644
49.85324263038549
50.340861678004536
50.828480725623585
51.316099773242634
51.803718820861675
52.2681179138322
52.77895691609977
53.26657596371882
53.75419501133787
54.24181405895692
54.72943310657596
55.21705215419501
55.70467120181406
56.16907029478458
56.679909297052156
57.167528344671204
57.655147392290246
58.142766439909295
58.63038548752834
59.11800453514739
59.60562358276644
60.09324263038549
60.58086167800454
61.06848072562358
61.55609977324263
62.04371882086168
62.531337868480726
63.018956916099775
63.506575963718824
63.994195011337865
64.48181405895691
64.96943310657596
65.45705215419501
65.94467120181406
66.45551020408163
66.91990929705216
67.4075283446712
67.89514739229026
68.3827664399093
68.82394557823129
69.26512471655329
69.70630385487529
70.12426303854875
70.58866213151927
71.07628117913832
71.56390022675737
72.05151927437642
72.53913832199547
73.02675736961451
73.51437641723356
74.00199546485261
74.48961451247166
74.97723356009071
75.46485260770974
75.9524716553288
76.44009070294784
76.92770975056689
77.50820861678004
77.92616780045351
78.41378684807256
78.87818594104309
79.36580498866213
79.85342403628118
80.34104308390023
80.80544217687074
81.31628117913833
81.80390022675736
82.29151927437641
82.80235827664399
83.28997732426303
83.77759637188208
84.26521541950113
84.75283446712018
85.3101133786848
85.72807256235828
86.21569160997733
86.70331065759638
87.19092970521542
87.67854875283447
88.16616780045351
88.65378684807256
89.1414058956916
89.60580498866213
90.1166439909297
90.60426303854875
91.0918820861678
91.57950113378685
92.0671201814059
92.55473922902495
93.11201814058957
93.52997732426304
94.01759637188209
94.50521541950113
94.99283446712018
95.48045351473922
95.96807256235827
96.4324716553288
96.94331065759637
97.43092970521542
98.01142857142857
98.56870748299319
99.12598639455783
99.61360544217688
100.10122448979592
100.58884353741496
101.07646258503401
101.56408163265306
102.0517006802721
102.53931972789115
103.0269387755102
103.51455782312925
104.0021768707483
104.48979591836735
104.9774149659864
105.46503401360545
105.9526530612245
106.44027210884354
106.92789115646258
107.41551020408163
107.90312925170068
108.39074829931972
108.87836734693877
109.36598639455782
109.85360544217687
110.34122448979592
110.82884353741497
111.31646258503402
111.80408163265307
112.26848072562358
112.75609977324262
113.2669387755102
113.75455782312925
114.2421768707483
114.72979591836734
115.21741496598639
115.70503401360544
116.19265306122449
116.70349206349206
117.28399092970521
117.77160997732426
118.25922902494331
118.74684807256236
119.25768707482993
119.74530612244898
120.23292517006803
120.72054421768708
121.20816326530613
121.69578231292518
122.18340136054422
122.67102040816326
123.1586394557823
123.64625850340136
124.1338775510204
124.62149659863945
125.1091156462585
125.59673469387755
126.0843537414966
126.57197278911565
127.0595918367347
127.54721088435375
128.01160997732427
128.45278911564625
128.89396825396827
129.35836734693876
129.84598639455783
130.33360544217686
130.82122448979592
131.30884353741496
131.79646258503402
132.28408163265306
132.77170068027212
133.25931972789115
133.74693877551022
134.23455782312925
134.72217687074829
135.20979591836735
135.69741496598638
136.18503401360545
136.67265306122448
137.16027210884354
137.67111111111112
138.15873015873015
138.6463492063492
139.13396825396825
139.6215873015873
140.10920634920635
140.5968253968254
141.08444444444444
141.57206349206348
142.05968253968254
142.54730158730158
143.03492063492064
143.52253968253967
144.01015873015874
144.49777777777777
145.00861678004534
145.4962358276644
145.96063492063493
146.44825396825397
146.93587301587303
147.42349206349206
147.8878911564626
148.37551020408162
148.8863492063492
149.37396825396826
149.8615873015873
150.34920634920636
150.8368253968254
151.32444444444445
151.78884353741498
152.23002267573696
152.64798185941044
153.0659410430839
153.53034013605443
154.01795918367347
154.5055782312925
154.99319727891157
155.5504761904762
155.96843537414966
156.4560544217687
156.94367346938776
157.4312925170068
157.91891156462586
158.4065306122449
158.87092970521542
159.381768707483
159.86938775510205
160.3570068027211
160.84462585034012
161.33224489795919
161.81986394557822
162.30748299319728
162.79510204081632
163.35238095238094
163.77034013605441
164.25795918367348
164.7455782312925
165.23319727891158
165.7208163265306
166.20843537414967
166.6960544217687
167.18367346938774
167.6712925170068
168.15891156462584
168.6465306122449
169.13414965986394
169.621768707483
170.10938775510203
170.5970068027211
171.17750566893423
171.5722448979592
172.05986394557823
172.5474829931973
173.03510204081633
173.52272108843536
174.01034013605442
174.47473922902495
174.98557823129252
175.47319727891156
175.96081632653062
176.44843537414965
176.93605442176872
177.42367346938775
177.9112925170068
178.39891156462585
178.8865306122449
179.37414965986395
179.86176870748298
180.34938775510204
180.83700680272108
181.32462585034014
181.81224489795918
182.29986394557824
182.78748299319727
183.27510204081634
183.76272108843537
184.25034013605443
184.73795918367347
185.22557823129253
185.71319727891157
186.2008163265306
186.68843537414966
187.1760544217687
187.66367346938776
188.1512925170068
188.63891156462586
189.1265306122449
189.61414965986395
190.101768707483
190.58938775510205
191.0770068027211
191.56462585034015
192.07546485260772
192.56308390022676
193.0507029478458
193.51510204081632
194.00272108843538
194.4903401360544
195.001179138322
195.48879818594105
195.95319727891157
196.4408163265306
196.92843537414967
197.4160544217687
197.90367346938777
198.3912925170068
198.87891156462584
199.3897505668934
199.87736961451247
200.3649886621315
200.85260770975057
201.3170068027211
201.80462585034013
202.2922448979592
202.80308390022677
203.2907029478458
203.77832199546486
204.2659410430839
204.75356009070296
205.21795918367346
205.70557823129252
206.19319727891155
206.70403628117913
207.26131519274375
