0.13931972789115646
0.5804988662131519
0.9752380952380952
1.3931972789115645
1.787936507936508
2.2058956916099772
2.6238548752834467
3.01859410430839
3.4133333333333336
3.8080725623582765
4.20281179138322
4.620770975056689
5.038730158730159
5.433469387755102
5.828208616780046
6.246167800453515
6.664126984126984
7.058866213151927
7.430385487528345
7.87156462585034
8.289523809523809
8.684263038548753
9.079002267573696
9.496961451247165
9.891700680272109
10.309659863945578
10.681179138321996
11.099138321995465
11.517097505668934
11.911836734693878
12.30657596371882
12.72453514739229
13.119274376417234
13.537233560090703
13.931972789115646
14.349931972789115
14.744671201814059
15.162630385487528
15.580589569160997
15.975328798185942
16.34684807256236
16.788027210884355
17.159546485260773
17.57750566893424
17.99546485260771
18.390204081632653
18.784943310657596
19.202902494331067
19.59764172335601
20.01560090702948
20.410340136054423
20.805079365079365
21.223038548752836
21.640997732426303
22.035736961451246
22.453696145124717
22.84843537414966
23.26639455782313
23.661133786848072
24.055873015873015
24.473832199546486
24.86857142857143
25.2865306122449
25.68126984126984
26.076009070294784
26.493968253968255
26.911927437641722
27.30666666666667
27.70140589569161
28.11936507936508
28.514104308390024
28.93206349206349
29.326802721088434
29.744761904761905
30.139501133786847
30.53424036281179
30.95219954648526
31.346938775510203
31.764897959183674
32.182857142857145
32.57759637188209
32.995555555555555
33.3902947845805
33.78503401360544
34.202993197278914
34.59773242630386
34.9924716553288
35.43365079365079
35.828390022675734
36.22312925170068
36.617868480725626
37.01260770975057
37.430566893424036
37.8485260770975
38.243265306122446
38.66122448979592
39.05596371882086
39.47392290249433
39.86866213151927
40.28662131519275
40.68136054421769
41.09931972789116
41.517278911564624
41.912018140589566
42.30675736961451
42.74793650793651
43.119455782312926
43.53741496598639
43.95537414965986
44.32689342403628
44.74485260770975
45.16281179138322
45.58077097505669
45.97551020408163
46.37024943310658
46.76498866213152
47.18294784580499
47.57768707482993
47.972426303854874
48.39038548752834
48.808344671201816
49.22630385487528
49.5978231292517
50.01578231292517
50.41052154195011
50.828480725623585
51.22321995464853
51.641179138321995
52.03591836734694
52.453877551020405
52.848616780045354
53.289795918367346
53.68453514739229
54.102494331065756
54.497233560090706
54.89197278911565
55.28671201814059
55.68145124716553
56.076190476190476
56.49414965986394
56.888888888888886
57.30684807256236
57.72480725623583
58.11954648526077
58.51428571428571
58.93224489795919
59.32698412698413
59.72172335600907
60.13968253968254
60.55764172335601
60.95238095238095
61.3471201814059
61.74185941043084
62.18303854875283
62.577777777777776
62.99573696145125
63.39047619047619
63.785215419501135
64.2031746031746
64.62113378684808
65.01587301587301
65.41061224489796
65.82857142857142
66.22331065759637
66.64126984126985
67.03600907029478
67.47718820861678
67.87192743764173
68.24344671201814
68.66140589569162
69.05614512471655
69.4508843537415
69.86884353741496
70.26358276643991
70.68154195011338
71.09950113378684
71.4942403628118
71.91219954648525
72.3069387755102
72.70167800453515
73.11963718820861
73.51437641723356
73.93233560090702
74.3502947845805
74.74503401360545
75.16299319727891
75.55773242630386
75.9524716553288
76.34721088435374
76.76517006802722
77.15990929705215
77.57786848072563
77.97260770975056
78.39056689342404
78.78530612244899
79.20326530612245
79.5980045351474
80.01596371882086
80.4107029478458
80.82866213151928
81.22340136054422
81.64136054421769
82.03609977324263
82.43083900226758
82.84879818594105
83.24353741496599
83.66149659863946
84.0562358276644
84.45097505668934
84.89215419501134
85.28689342403628
85.68163265306123
86.09959183673469
86.49433106575964
86.88907029478457
87.30702947845805
87.701768707483
88.11972789115646
88.51446712018141
88.90920634920634
89.32716553287982
89.72190476190477
90.13986394557823
90.53460317460318
90.95256235827664
91.37052154195011
91.78848072562359
92.18321995464852
92.57795918367347
92.99591836734695
93.4138775510204
93.80861678004536
94.20335600907029
94.62131519274377
95.0160544217687
95.43401360544217
95.85197278911565
96.24671201814058
96.64145124716553
97.03619047619047
97.45414965986394
97.87210884353742
98.24362811791383
98.6615873015873
99.07954648526078
99.47428571428571
99.86902494331066
100.28698412698412
100.7049433106576
101.12290249433107
101.49442176870748
101.88916099773243
102.30712018140589
102.72507936507937
103.1198185941043
103.53777777777778
103.93251700680273
104.35047619047619
104.74521541950114
105.18639455782314
105.58113378684807
105.97587301587302
106.37061224489796
106.7653514739229
107.16009070294784
107.57804988662132
107.97278911564626
108.3675283446712
108.78548752834467
109.20344671201813
109.62140589569161
110.01614512471656
110.4108843537415
110.80562358276644
111.2235827664399
111.61832199546485
112.03628117913833
112.45424036281179
112.84897959183674
113.2669387755102
113.66167800453515
114.07963718820862
114.47437641723356
114.8691156462585
115.28707482993197
115.68181405895692
116.09977324263039
116.49451247165533
116.88925170068028
117.30721088435374
117.72517006802721
118.11990929705216
118.53786848072562
118.93260770975057
119.37378684807257
119.7685260770975
120.14004535147393
120.55800453514739
120.95274376417234
121.34748299319727
121.76544217687075
122.16018140589568
122.57814058956916
122.99609977324263
123.36761904761904
123.78557823129252
124.18031746031745
124.59827664399093
125.0162358276644
125.41097505668934
125.80571428571429
126.22367346938775
126.6184126984127
127.03637188208617
127.43111111111111
127.82585034013606
128.24380952380952
128.661768707483
129.05650793650793
129.4744671201814
129.86920634920634
130.2639455782313
130.68190476190478
131.0766439909297
131.49460317460318
131.88934240362812
132.3073015873016
132.72526077097507
133.12
133.53795918367348
133.93269841269841
134.32743764172335
134.74539682539682
135.14013605442176
135.53487528344672
135.95283446712017
136.34757369614513
136.7655328798186
137.16027210884354
137.57823129251702
137.97297052154195
138.39092970521543
138.78566893424036
139.20362811791384
139.59836734693877
140.01632653061225
140.41106575963718
140.80580498866212
141.2237641723356
141.61850340136056
142.036462585034
142.43120181405897
142.84916099773244
143.2671201814059
143.66185941043085
144.0798185941043
144.47455782312926
144.89251700680273
145.28725623582767
145.6819954648526
146.07673469387754
146.4714739229025
146.88943310657595
147.30739229024942
147.7021315192744
148.14331065759637
148.5148299319728
148.95600907029478
149.35074829931972
149.7687074829932
150.14022675736962
150.5814058956916
150.97614512471657
151.39410430839
151.76562358276644
152.1835827664399
152.57832199546485
152.99628117913832
153.39102040816326
153.80897959183673
154.20371882086167
154.62167800453514
155.01641723356008
155.43437641723355
155.85233560090703
156.24707482993196
156.64181405895692
157.0597732426304
157.45451247165533
157.84925170068027
158.2439909297052
158.68517006802722
159.07990929705215
159.4746485260771
159.86938775510205
160.264126984127
160.70530612244897
161.1000453514739
161.49478458049887
161.91274376417235
162.30748299319728
162.72544217687076
163.1201814058957
163.51492063492063
163.9328798185941
164.32761904761904
164.722358276644
165.14031746031745
165.55827664399092
165.9530158730159
166.34775510204082
166.7657142857143
167.16045351473923
167.5784126984127
167.97315192743764
168.39111111111112
168.78585034013605
169.20380952380953
169.59854875283446
169.99328798185942
170.41124716553287
170.82920634920634
171.22394557823128
171.61868480725624
172.03664399092972
172.45460317460316
172.84934240362813
173.24408163265306
173.66204081632654
174.05678004535147
174.47473922902495
174.86947845804988
175.26421768707482
175.6821768707483
176.07691609977323
176.4948752834467
176.91283446712018
177.3075736961451
177.70231292517008
178.097052154195
178.5150113378685
178.93297052154196
179.3277097505669
179.74566893424037
180.1404081632653
180.55836734693878
180.95310657596372
181.3710657596372
181.76580498866213
182.1837641723356
182.57850340136054
182.9732426303855
183.36798185941043
183.7859410430839
184.20390022675738
184.66829931972788
185.08625850340135
185.50421768707483
185.9453968253968
186.34013605442178
186.7348752834467
187.10639455782314
187.5243537414966
187.94231292517006
188.33705215419502
188.73179138321996
189.1265306122449
189.49804988662132
189.89278911564625
190.28752834467122
190.70548752834466
191.12344671201814
191.49496598639456
191.8897052154195
192.30766439909297
192.72562358276645
193.12036281179138
193.51510204081632
193.9330612244898
194.35102040816327
194.7225396825397
195.16371882086167
195.5584580498866
195.95319727891157
196.37115646258502
196.81233560090703
197.20707482993197
197.6018140589569
197.97333333333333
198.3912925170068
198.78603174603174
199.1807709750567
199.6219501133787
200.01668934240362
200.41142857142856
200.82938775510203
201.224126984127
201.64208616780044
202.0368253968254
202.43156462585034
202.84952380952382
203.24426303854875
203.66222222222223
204.05696145124716
204.4517006802721
204.86965986394557
205.26439909297054
205.68235827664398
206.07709750566895
206.4950566893424
206.88979591836735
207.30775510204083
207.70249433106576
208.0972335600907
208.51519274376417
208.93315192743765
209.32789115646258
209.74585034013606
210.140589569161
210.55854875283447
210.9532879818594
211.37124716553288
211.7659863945578
212.16072562358278
212.57868480725622
212.9734240362812
213.39138321995466
213.7861224489796
214.18086167800453
214.62204081632652
215.01678004535148
215.41151927437642
215.8294784580499
216.22421768707483
216.6421768707483
217.03691609977324
217.43165532879817
217.84961451247165
218.2443537414966
218.63909297052155
219.05705215419502
219.4750113378685
219.86975056689343
220.26448979591837
220.68244897959184
221.1004081632653
221.5183673469388
221.91310657596372
222.30784580498866
222.72580498866213
223.12054421768707
223.53850340136054
223.93324263038548
224.35120181405895
224.7459410430839
225.14068027210885
225.55863945578233
225.95337868480726
226.3481179138322
226.78929705215418
227.18403628117915
227.57877551020408
227.97351473922902
228.36825396825398
228.78621315192743
229.2041723356009
229.59891156462584
230.0168707482993
230.41160997732428
230.82956916099772
231.22430839002268
231.64226757369613
232.0370068027211
232.43174603174603
232.8497052154195
233.26766439909298
233.66240362811791
234.05714285714285
234.4518820861678
234.86984126984126
235.28780045351473
235.68253968253967
236.07727891156463
