0.11609977324263039
0.626938775510204
1.1145578231292517
1.6253968253968254
2.136235827664399
2.6238548752834467
3.111473922902494
3.622312925170068
4.133151927437642
4.620770975056689
5.108390022675737
5.61922902494331
6.130068027210885
6.617687074829932
7.1053061224489795
7.616145124716553
8.126984126984127
8.614603174603175
9.102222222222222
9.613061224489796
10.12390022675737
10.611519274376418
11.122358276643991
11.609977324263038
12.120816326530612
12.60843537414966
13.119274376417234
13.606893424036281
14.117732426303855
14.628571428571428
15.116190476190477
15.62702947845805
16.137868480725622
16.62548752834467
17.11310657596372
17.623945578231293
18.134784580498867
18.622403628117915
19.11002267573696
19.620861678004534
20.131700680272107
20.619319727891156
21.106938775510205
21.61777777777778
22.128616780045352
22.6162358276644
23.127074829931974
23.61469387755102
24.125532879818593
24.61315192743764
25.123990929705215
25.611609977324264
26.122448979591837
26.63328798185941
27.12090702947846
27.631746031746033
28.11936507936508
28.63020408163265
29.1178231292517
29.628662131519274
30.139501133786847
30.627120181405896
31.114739229024945
31.62557823129252
32.13641723356009
32.62403628117914
33.111655328798186
33.62249433106576
34.13333333333333
34.62095238095238
35.10857142857143
35.619410430839004
36.13024943310658
36.617868480725626
37.10548752834467
37.61632653061225
38.12716553287982
38.61478458049886
39.12562358276644
39.613242630385486
40.12408163265306
40.61170068027211
41.12253968253968
41.61015873015873
42.120997732426304
42.60861678004535
43.119455782312926
43.607074829931975
44.11791383219955
44.62875283446712
45.11637188208617
45.627210884353744
46.13804988662132
46.625668934240366
47.11328798185941
47.62412698412698
48.134965986394555
48.6225850340136
49.13342403628118
49.621043083900226
50.1318820861678
50.61950113378685
51.13034013605442
51.61795918367347
52.128798185941044
52.61641723356009
53.127256235827666
53.614875283446715
54.12571428571429
54.61333333333334
55.12417233560091
55.635011337868484
56.122630385487525
56.6334693877551
57.12108843537415
57.63192743764172
58.142766439909295
58.63038548752834
59.11800453514739
59.628843537414966
60.13968253968254
60.62730158730159
61.11492063492064
61.62575963718821
62.136598639455784
62.62421768707483
63.135056689342406
63.64589569160998
64.13351473922903
64.62113378684808
65.13197278911565
65.6195918367347
66.13043083900227
66.61804988662132
67.1288888888889
67.61650793650794
68.12734693877552
68.61496598639455
69.12580498866213
69.6366439909297
70.12426303854875
70.63510204081632
71.12272108843537
71.63356009070294
72.12117913832199
72.63201814058957
73.14285714285714
73.63047619047619
74.14131519274376
74.62893424036281
75.13977324263038
75.62739229024943
76.138231292517
76.62585034013605
77.13668934240363
77.62430839002268
78.13514739229025
78.6227664399093
79.13360544217687
79.62122448979592
80.1320634920635
80.61968253968254
81.13052154195012
81.61814058956917
82.12897959183674
82.61659863945579
83.12743764172336
83.61505668934241
84.12589569160998
84.63673469387756
85.1243537414966
85.63519274376418
86.12281179138321
86.63365079365079
87.12126984126984
87.60888888888888
88.11972789115646
88.63056689342403
89.11818594104308
89.62902494331065
90.13986394557823
90.62748299319728
91.11510204081632
91.6259410430839
92.13678004535147
92.62439909297052
93.1352380952381
93.62285714285714
94.13369614512472
94.62131519274377
95.13215419501134
95.61977324263039
96.10739229024944
96.59501133786848
97.08263038548753
97.54702947845804
98.08108843537416
98.61514739229025
99.14920634920635
99.6368253968254
100.12444444444445
100.63528344671202
101.12290249433107
101.63374149659865
102.1213605442177
102.63219954648527
103.1198185941043
103.63065759637188
104.14149659863945
104.6291156462585
105.11673469387755
105.62757369614512
106.1384126984127
106.62603174603174
107.11365079365079
107.62448979591836
108.13532879818594
108.62294784580499
109.11056689342404
109.62140589569161
110.13224489795918
110.61986394557823
111.1307029478458
111.61832199546485
112.12916099773243
112.61678004535148
113.12761904761905
113.6152380952381
114.12607709750567
114.61369614512472
115.1245351473923
115.61215419501134
116.12299319727892
116.63383219954649
117.12145124716554
117.63229024943311
118.11990929705216
118.63074829931973
119.11836734693877
119.62920634920636
120.14004535147393
120.62766439909296
121.11528344671201
121.62612244897959
122.13696145124716
122.62458049886621
123.11219954648526
123.62303854875283
124.1338775510204
124.62149659863945
125.13233560090703
125.61995464852608
126.13079365079365
126.6184126984127
127.12925170068027
127.64009070294784
128.1277097505669
128.63854875283448
129.12616780045352
129.61378684807255
130.12462585034012
130.6354648526077
131.12308390022676
131.6107029478458
132.12154195011337
132.63238095238094
133.12
133.63083900226758
134.14167800453515
134.6292970521542
135.11691609977325
135.62775510204082
136.1385941043084
136.62621315192743
137.137052154195
137.62467120181407
138.13551020408164
138.62312925170068
139.13396825396825
139.6215873015873
140.13242630385488
140.62004535147392
141.1308843537415
141.61850340136056
142.12934240362813
142.61696145124716
143.12780045351474
143.6154195011338
144.12625850340137
144.63709750566895
145.12471655328798
145.63555555555556
146.1231746031746
146.63401360544216
147.14485260770974
147.6324716553288
148.14331065759637
148.6309297052154
149.11854875283447
149.62938775510204
150.14022675736962
150.62784580498865
151.11546485260772
151.6263038548753
152.11392290249432
152.6247619047619
153.13560090702947
153.62321995464853
154.1340589569161
154.62167800453514
155.13251700680271
155.62013605442178
156.13097505668935
156.6185941043084
157.12943310657596
157.61705215419502
158.1278911564626
158.63873015873017
159.1263492063492
159.63718820861678
160.14802721088435
160.65886621315192
161.146485260771
161.63410430839002
162.1449433106576
162.63256235827666
163.1201814058957
163.6542403628118
164.1186394557823
164.62947845804987
165.14031746031745
165.65115646258502
166.11555555555555
166.62639455782312
167.1372335600907
167.64807256235827
168.13569160997733
168.6465306122449
169.13414965986394
169.621768707483
170.10938775510203
170.6202267573696
171.13106575963718
171.64190476190475
172.12952380952382
172.6403628117914
173.12798185941043
173.66204081632654
174.12643990929706
174.63727891156464
175.12489795918367
175.61251700680273
176.1233560090703
176.63419501133788
177.14503401360545
177.6326530612245
178.14349206349206
178.63111111111112
179.11873015873016
179.6063492063492
180.1404081632653
180.62802721088434
181.1388662131519
181.62648526077098
182.13732426303855
182.62494331065759
183.11256235827665
183.62340136054422
184.1342403628118
184.62185941043083
185.1326984126984
185.64353741496598
186.15437641723355
186.6419954648526
187.12961451247165
187.64045351473922
188.12807256235828
188.61569160997732
189.1265306122449
189.63736961451247
190.12498866213153
190.6358276643991
191.12344671201814
191.6342857142857
192.12190476190477
192.63274376417235
193.14358276643992
193.63120181405895
194.11882086167802
194.6296598639456
195.14049886621316
195.6281179138322
196.13895691609977
196.6265759637188
197.13741496598638
197.62503401360544
198.13587301587302
198.62349206349205
199.13433106575962
199.6219501133787
200.13278911564626
200.6204081632653
201.13124716553287
201.61886621315193
202.1297052154195
202.64054421768708
203.1281632653061
203.61578231292518
204.12662131519275
204.63746031746032
205.12507936507936
205.63591836734693
206.123537414966
206.63437641723357
207.1219954648526
207.63283446712018
208.14367346938775
208.6312925170068
209.11891156462585
209.62975056689342
210.140589569161
210.62820861678006
211.1158276643991
211.62666666666667
212.13750566893424
212.6251247165533
213.13596371882088
213.6235827664399
214.13442176870748
214.62204081632652
215.1328798185941
215.64371882086166
216.24743764172337
216.87437641723355
217.38521541950112
217.8960544217687
218.38367346938776
218.89451247165533
219.38213151927437
219.89297052154194
220.380589569161
220.89142857142858
221.40226757369615
221.88988662131518
222.40072562358276
