0.09287981859410431
0.46439909297052157
0.8126984126984127
1.2770975056689342
1.6486167800453515
2.159455782312925
2.670294784580499
3.1346938775510202
3.5062131519274375
4.017052154195011
4.527891156462585
4.992290249433107
5.526349206349207
6.060408163265306
6.501587301587302
6.942766439909297
7.383945578231293
7.825124716553288
8.266303854875284
8.730702947845804
9.218321995464853
9.659501133786849
10.12390022675737
10.588299319727891
11.052698412698414
11.517097505668934
11.981496598639456
12.445895691609977
12.956734693877552
13.49079365079365
13.955192743764172
14.419591836734694
14.907210884353741
15.371609977324264
15.836009070294784
16.300408163265306
16.788027210884355
17.22920634920635
17.76326530612245
18.274104308390022
18.738503401360543
19.249342403628116
19.690521541950112
20.154920634920636
20.59609977324263
21.060498866213152
21.571337868480725
22.058956916099774
22.54657596371882
23.034195011337868
23.49859410430839
23.962993197278912
24.473832199546486
24.98467120181406
25.472290249433108
25.93668934240363
26.40108843537415
26.865487528344673
27.30666666666667
27.678185941043083
28.026485260770976
28.46766439909297
28.955283446712016
29.41968253968254
29.88408163265306
30.418140589569163
30.95219954648526
31.41659863945578
31.927437641723355
32.43827664399093
32.90267573696145
33.36707482993197
33.8314739229025
34.29587301587301
34.76027210884354
35.294331065759636
35.828390022675734
36.33922902494331
36.826848072562356
37.314467120181405
37.802086167800454
38.26648526077098
38.70766439909297
39.172063492063494
39.63646258503401
40.12408163265306
40.58848072562358
41.05287981859411
41.517278911564624
41.98167800453515
42.44607709750567
42.91047619047619
43.37487528344671
43.83927437641724
44.30367346938775
44.76807256235828
45.2324716553288
45.72009070294784
46.18448979591837
46.625668934240366
47.11328798185941
47.57768707482993
48.042086167800456
48.48326530612245
48.94766439909297
49.412063492063496
49.87646258503401
50.340861678004536
50.80526077097505
51.26965986394558
51.7340589569161
52.19845804988662
52.66285714285714
53.10403628117914
53.56843537414966
54.05605442176871
54.52045351473923
54.96163265306122
55.472471655328796
55.93687074829932
56.401269841269844
56.86566893424036
57.330068027210885
57.77124716553288
58.258866213151926
58.72326530612245
59.187664399092974
59.65206349206349
60.116462585034014
60.58086167800454
61.02204081632653
61.486439909297054
61.9740589569161
62.415238095238095
62.902857142857144
63.36725623582767
63.831655328798185
64.31927437641724
64.78367346938775
65.22485260770975
65.68925170068027
66.1536507936508
66.61804988662132
67.08244897959183
67.45396825396826
67.87192743764173
68.26666666666667
68.73106575963719
69.19546485260771
69.65986394557824
70.12426303854875
70.58866213151927
71.0530612244898
71.51746031746032
71.98185941043084
72.44625850340137
72.91065759637188
73.3750566893424
73.83945578231292
74.30385487528345
74.76825396825397
75.2326530612245
75.697052154195
76.16145124716553
76.62585034013605
77.09024943310658
77.5546485260771
78.01904761904763
78.48344671201814
78.94784580498866
79.41224489795918
79.87664399092971
80.34104308390023
80.80544217687074
81.26984126984127
81.73424036281179
82.19863945578231
82.68625850340136
83.15065759637189
83.61505668934241
84.07945578231292
84.54385487528344
85.00825396825397
85.47265306122449
85.93705215419502
86.40145124716554
86.86585034013605
87.33024943310657
87.7946485260771
88.25904761904762
88.72344671201814
89.18784580498867
89.65224489795918
90.1166439909297
90.58104308390023
91.06866213151928
91.50984126984127
91.9742403628118
92.43863945578231
92.90303854875283
93.36743764172336
93.83183673469388
94.2962358276644
94.76063492063491
95.24825396825396
95.71265306122449
96.17705215419501
96.66467120181406
97.15229024943311
97.63990929705216
98.1275283446712
98.61514739229025
99.1027664399093
99.59038548752835
100.05478458049886
100.56562358276643
101.05324263038548
101.54086167800453
101.98204081632653
102.4
102.88761904761905
103.37523809523809
103.81641723356009
104.30403628117914
104.76843537414966
105.23283446712018
105.69723356009071
106.16163265306122
106.62603174603174
107.09043083900227
107.57804988662132
108.04244897959184
108.53006802721089
109.04090702947846
109.45886621315192
109.8768253968254
110.36444444444444
110.8520634920635
111.29324263038549
111.757641723356
112.22204081632653
112.68643990929705
113.15083900226757
113.6152380952381
114.10285714285715
114.56725623582767
115.00843537414966
115.44961451247165
115.91401360544218
116.3784126984127
116.84281179138323
117.30721088435374
117.79482993197279
118.25922902494331
118.72362811791383
119.18802721088436
119.65242630385488
120.11682539682539
120.58122448979591
121.04562358276644
121.51002267573696
121.97442176870749
122.43882086167801
122.90321995464852
123.36761904761904
123.83201814058957
124.29641723356009
124.76081632653062
125.22521541950114
125.68961451247165
126.15401360544217
126.6184126984127
127.08281179138322
127.54721088435375
128.01160997732427
128.4760090702948
128.94040816326532
129.40480725623584
129.86920634920634
130.33360544217686
130.79800453514738
131.2624036281179
131.72680272108843
132.19120181405896
132.65560090702948
133.14321995464852
133.60761904761904
134.07201814058956
134.5364172335601
135.0008163265306
135.46521541950113
135.92961451247166
136.39401360544218
136.8584126984127
137.32281179138323
137.78721088435375
138.25160997732425
138.71600907029477
139.1804081632653
139.64480725623582
140.10920634920635
140.5968253968254
141.0380045351474
141.50240362811792
141.96680272108844
142.43120181405897
142.918820861678
143.38321995464852
143.84761904761905
144.31201814058957
144.7764172335601
145.21759637188208
145.6819954648526
146.14639455782313
146.5875736961451
147.07519274376418
147.5395918367347
148.00399092970522
148.49160997732426
148.95600907029478
149.4204081632653
149.88480725623583
150.34920634920636
150.81360544217688
151.2780045351474
151.74240362811793
152.20680272108842
152.67120181405895
153.13560090702947
153.6
154.041179138322
154.5055782312925
154.99319727891157
155.4575963718821
155.9219954648526
156.38639455782314
156.85079365079366
157.3151927437642
157.77959183673468
158.26721088435374
158.73160997732427
159.1960090702948
159.66040816326532
160.1015873015873
160.58920634920634
161.05360544217686
161.51800453514738
161.9824036281179
162.44680272108843
162.91120181405896
163.37560090702948
163.84
164.30439909297053
164.76879818594105
165.23319727891158
165.6975963718821
166.1619954648526
166.62639455782312
167.09079365079364
167.55519274376417
168.0195918367347
168.48399092970521
168.94839002267574
169.41278911564626
169.8771882086168
170.3415873015873
170.80598639455783
171.27038548752836
171.73478458049885
172.22240362811792
172.68680272108844
173.15120181405896
173.6156009070295
174.08
174.521179138322
174.98557823129252
175.38031746031746
175.7750566893424
176.16979591836736
176.63419501133788
177.0985941043084
177.5629931972789
178.02739229024942
178.49179138321995
178.95619047619047
179.420589569161
179.88498866213152
180.3261678004535
180.81378684807257
181.2781859410431
181.74258503401362
182.20698412698414
182.67138321995463
183.13578231292516
183.60018140589568
184.0645804988662
184.52897959183673
184.99337868480725
185.45777777777778
185.9221768707483
186.38657596371883
186.85097505668935
187.31537414965987
187.8029931972789
188.26739229024943
188.73179138321996
189.19619047619048
189.660589569161
190.12498866213153
190.58938775510205
191.05378684807258
191.51818594104307
191.9825850340136
192.44698412698412
192.91138321995464
193.37578231292517
193.8401814058957
194.30458049886622
194.76897959183674
195.23337868480726
195.6977777777778
196.1621768707483
196.6265759637188
197.09097505668933
197.55537414965985
198.01977324263038
198.4841723356009
198.94857142857143
199.41297052154195
199.87736961451247
200.341768707483
200.80616780045352
201.27056689342405
201.73496598639457
202.19936507936507
202.6637641723356
203.1281632653061
203.61578231292518
