0.4179591836734694
1.0216780045351475
1.6021768707482993
2.159455782312925
2.716734693877551
3.320453514739229
3.900952380952381
4.458231292517007
5.038730158730159
5.61922902494331
6.199727891156463
6.780226757369615
7.337505668934241
7.894784580498866
8.475283446712018
9.05578231292517
9.636281179138322
10.216780045351474
10.797278911564625
11.354557823129252
11.911836734693878
12.49233560090703
13.072834467120181
13.653333333333334
14.233832199546486
14.79111111111111
15.371609977324264
15.928888888888888
16.50938775510204
17.08988662131519
17.670385487528346
18.22766439909297
18.808163265306124
19.365442176870747
19.9459410430839
20.503219954648525
21.083718820861677
21.640997732426303
22.221496598639455
22.77877551020408
23.359274376417233
23.91655328798186
24.473832199546486
25.031111111111112
25.611609977324264
26.145668934240362
26.726167800453513
27.28344671201814
27.86394557823129
28.421224489795918
28.955283446712016
29.512562358276643
30.046621315192745
30.627120181405896
31.184399092970523
31.764897959183674
32.3221768707483
32.879455782312924
33.436734693877554
34.0172335600907
34.57451247165533
35.131791383219955
35.71229024943311
36.26956916099773
36.85006802721088
37.40734693877551
37.964625850340134
38.521904761904764
39.07918367346939
39.65968253968254
40.216961451247165
40.77424036281179
41.35473922902494
41.912018140589566
42.4692970521542
43.02657596371882
43.58385487528345
44.1643537414966
44.72163265306123
45.27891156462585
45.836190476190474
46.393469387755104
46.97396825396825
47.53124716553288
48.11174603174603
48.66902494331066
49.24952380952381
49.80680272108844
50.36408163265306
50.921360544217684
51.478639455782314
52.03591836734694
52.59319727891157
53.15047619047619
53.730975056689346
54.28825396825397
54.84553287981859
55.40281179138322
55.98331065759637
56.540589569161
57.09786848072562
57.67836734693878
58.2356462585034
58.816145124716556
59.37342403628118
59.9307029478458
60.48798185941043
61.045260770975055
61.62575963718821
62.18303854875283
62.74031746031746
63.297596371882086
63.831655328798185
64.41215419501134
64.96943310657596
65.52671201814059
66.08399092970521
66.64126984126985
67.19854875283447
67.75582766439909
68.33632653061224
68.87038548752834
69.42766439909298
69.9849433106576
70.54222222222222
71.09950113378684
71.65678004535147
72.23727891156463
72.79455782312925
73.35183673469388
73.88589569160997
74.4431746031746
74.97723356009071
75.53451247165533
76.11501133786848
76.6722902494331
77.22956916099773
77.78684807256236
78.34412698412699
78.90140589569161
79.45868480725623
80.01596371882086
80.5732426303855
81.13052154195012
81.68780045351474
82.26829931972789
82.82557823129251
83.38285714285715
83.94013605442177
84.4974149659864
85.05469387755102
85.61197278911564
86.16925170068028
86.7265306122449
87.30702947845805
87.86430839002267
88.42158730158731
88.97886621315193
89.53614512471655
90.1166439909297
90.67392290249433
91.23120181405896
91.78848072562359
92.36897959183673
92.92625850340136
93.48353741496598
94.04081632653062
94.62131519274377
95.17859410430839
95.71265306122449
96.24671201814058
96.78077097505668
97.3148299319728
97.8488888888889
98.40616780045352
98.96344671201814
99.52072562358276
100.05478458049886
100.6120634920635
101.1461224489796
101.70340136054422
102.28390022675737
102.84117913832199
103.39845804988663
103.93251700680273
104.48979591836735
105.00063492063492
105.55791383219955
106.09197278911564
106.64925170068027
107.2065306122449
107.76380952380953
108.32108843537415
108.85514739229025
109.41242630385487
109.94648526077097
110.50376417233561
111.08426303854876
111.64154195011338
112.198820861678
112.75609977324262
113.31337868480726
113.87065759637188
114.42793650793651
115.00843537414966
115.56571428571428
116.12299319727892
116.68027210884354
117.21433106575964
117.77160997732426
118.32888888888888
118.90938775510205
119.46666666666667
120.04716553287982
120.62766439909296
121.1849433106576
121.76544217687075
122.32272108843537
122.88
123.43727891156463
124.01777777777778
124.5750566893424
125.15555555555555
125.71283446712017
126.27011337868481
126.82739229024943
127.40789115646258
127.9651700680272
128.52244897959184
129.07972789115647
129.6370068027211
130.21750566893425
130.77478458049887
131.3320634920635
131.88934240362812
132.44662131519274
133.00390022675737
133.561179138322
134.1184580498866
134.69895691609977
135.2562358276644
135.81351473922902
136.34757369614513
136.90485260770976
137.46213151927438
138.04263038548754
138.59990929705216
139.1804081632653
139.73768707482992
140.29496598639454
140.8522448979592
141.40952380952382
141.96680272108844
142.54730158730158
143.12780045351474
143.68507936507936
144.24235827664398
144.7996371882086
145.38013605442177
145.9374149659864
146.49469387755101
147.05197278911564
147.6324716553288
148.18975056689342
148.74702947845805
149.30430839002267
149.8615873015873
150.41886621315192
150.97614512471657
151.5334240362812
152.0907029478458
152.67120181405895
153.22848072562357
153.78575963718822
154.34303854875284
154.90031746031747
155.43437641723355
156.0148752834467
156.57215419501134
157.1526530612245
157.70993197278912
158.2439909297052
158.80126984126983
159.381768707483
159.9390476190476
160.49632653061224
161.0768253968254
161.63410430839002
162.19138321995464
162.74866213151927
163.3059410430839
163.8632199546485
164.42049886621317
165.0009977324263
165.55827664399092
166.11555555555555
166.67283446712017
167.23011337868482
167.78739229024944
168.34467120181407
168.9019501133787
169.4592290249433
170.01650793650794
170.57378684807256
171.13106575963718
171.6883446712018
172.24562358276643
172.77968253968254
173.31374149659865
173.8942403628118
174.4515192743764
175.03201814058957
175.5892970521542
176.14657596371882
176.70385487528344
177.26113378684806
177.8184126984127
178.39891156462585
178.95619047619047
179.5134693877551
180.07074829931972
180.65124716553288
181.2085260770975
181.74258503401362
182.32308390022675
182.88036281179137
183.46086167800453
184.01814058956916
184.57541950113378
185.1326984126984
185.68997732426303
186.24725623582768
186.8045351473923
187.38503401360543
187.94231292517006
188.49959183673468
189.05687074829933
189.61414965986395
190.14820861678004
190.68226757369615
191.21632653061224
191.7968253968254
192.35410430839002
192.91138321995464
193.46866213151927
194.0259410430839
194.5832199546485
195.14049886621316
195.6977777777778
196.27827664399092
196.83555555555554
197.3928344671202
197.95011337868482
198.50739229024944
199.06467120181406
199.6219501133787
200.1792290249433
200.73650793650793
201.29378684807256
201.85106575963718
202.4083446712018
202.96562358276643
203.52290249433108
204.05696145124716
204.61424036281178
205.19473922902495
205.75201814058957
206.3092970521542
206.86657596371882
207.40063492063493
207.934693877551
208.46875283446713
209.02603174603175
