0.13931972789115646
0.626938775510204
1.1145578231292517
1.6253968253968254
2.1130158730158732
2.6006349206349206
3.0882539682539685
3.575873015873016
4.017052154195011
4.458231292517007
4.876190476190477
5.317369614512471
5.804988662131519
6.292607709750567
6.780226757369615
7.267845804988662
7.75546485260771
8.243083900226758
8.753922902494331
9.241541950113378
9.729160997732427
10.216780045351474
10.704399092970522
11.215238095238096
11.702857142857143
12.19047619047619
12.678095238095239
13.165714285714285
13.653333333333334
14.164172335600908
14.651791383219955
15.139410430839002
15.62702947845805
16.114648526077097
16.62548752834467
17.11310657596372
17.600725623582765
18.088344671201813
18.575963718820862
19.06358276643991
19.574421768707484
20.06204081632653
20.54965986394558
21.037278911564627
21.524897959183672
22.01251700680272
22.523356009070294
23.010975056689343
23.49859410430839
23.986213151927437
24.473832199546486
24.98467120181406
25.472290249433108
25.959909297052153
26.447528344671202
26.93514739229025
27.445986394557824
27.93360544217687
28.421224489795918
28.908843537414967
29.396462585034012
29.88408163265306
30.394920634920634
30.882539682539683
31.37015873015873
31.857777777777777
32.345396825396826
32.8562358276644
33.34385487528345
33.8314739229025
34.319092970521545
34.80671201814059
35.294331065759636
35.80517006802721
36.29278911564626
36.78040816326531
37.268027210884355
37.755646258503404
38.26648526077098
38.75410430839002
39.24172335600907
39.72934240362812
40.216961451247165
40.72780045351474
41.21541950113379
41.703038548752836
42.190657596371885
42.67827664399093
43.1891156462585
43.67673469387755
44.1643537414966
44.651972789115646
45.139591836734695
45.627210884353744
46.11482993197279
46.625668934240366
47.11328798185941
47.600907029478456
48.088526077097505
48.576145124716554
49.08698412698413
49.574603174603176
50.062222222222225
50.54984126984127
51.037460317460315
51.54829931972789
52.03591836734694
52.523537414965986
53.011156462585035
53.498775510204084
54.00961451247166
54.497233560090706
54.98485260770975
55.472471655328796
55.960090702947845
56.447709750566894
56.95854875283447
57.446167800453516
57.933786848072565
58.42140589569161
58.909024943310655
59.396643990929704
59.90748299319728
60.395102040816326
60.882721088435375
61.3471201814059
61.85795918367347
62.368798185941046
62.85641723356009
63.344036281179136
63.831655328798185
64.31927437641724
64.83011337868481
65.31773242630385
65.8053514739229
66.29297052154195
66.780589569161
67.26820861678004
67.75582766439909
68.26666666666667
68.75428571428571
69.24190476190476
69.72952380952381
70.21714285714286
70.70476190476191
71.21560090702948
71.70321995464853
72.19083900226758
72.67845804988661
73.18929705215419
73.67691609977324
74.16453514739229
74.65215419501133
75.13977324263038
75.62739229024943
76.11501133786848
76.62585034013605
77.1134693877551
77.60108843537415
78.0887074829932
78.57632653061225
79.08716553287982
79.57478458049887
80.06240362811792
80.55002267573695
81.037641723356
81.52526077097505
82.03609977324263
82.52371882086167
83.01133786848072
83.49895691609977
83.98657596371882
84.47419501133787
84.98503401360544
85.47265306122449
85.96027210884354
86.44789115646259
86.93551020408164
87.44634920634921
87.93396825396826
88.42158730158731
88.90920634920634
89.39682539682539
89.90766439909297
90.39528344671201
90.88290249433106
91.37052154195011
91.85814058956916
92.36897959183673
92.85659863945578
93.34421768707483
93.83183673469388
94.31945578231293
94.80707482993198
95.31791383219955
95.8055328798186
96.29315192743765
96.78077097505668
97.26839002267573
97.7792290249433
98.26684807256235
98.7544671201814
99.24208616780045
99.7297052154195
100.21732426303855
100.72816326530612
101.21578231292517
101.70340136054422
102.19102040816327
102.67863945578232
103.18947845804989
103.67709750566894
104.16471655328799
104.65233560090702
105.13995464852607
105.62757369614512
106.1384126984127
106.62603174603174
107.11365079365079
107.60126984126984
108.11210884353741
108.59972789115646
109.08734693877551
109.57496598639456
110.06258503401361
110.55020408163266
111.0378231292517
111.54866213151928
112.03628117913833
112.52390022675738
113.01151927437641
113.49913832199546
114.00997732426303
114.49759637188208
114.98521541950113
115.47283446712018
115.96045351473923
116.4712925170068
116.95891156462585
117.4465306122449
117.93414965986395
118.421768707483
118.90938775510205
119.42022675736962
119.90784580498867
120.39546485260772
120.88308390022675
121.3707029478458
121.88154195011337
122.36916099773242
122.85678004535147
123.34439909297052
123.83201814058957
124.31963718820862
124.83047619047619
125.31809523809524
125.80571428571429
126.27011337868481
126.78095238095239
127.29179138321996
127.77941043083901
128.26702947845806
128.7546485260771
129.24226757369615
129.75310657596373
130.24072562358276
130.72834467120182
131.21596371882086
131.72680272108843
132.2144217687075
132.70204081632653
133.18965986394556
133.67727891156463
134.16489795918366
134.67573696145124
135.1633560090703
135.65097505668933
136.1385941043084
136.62621315192743
137.1138321995465
137.62467120181407
138.1122902494331
138.59990929705216
139.11074829931974
139.57514739229026
140.08598639455784
140.57360544217687
141.0612244897959
141.54884353741497
142.036462585034
142.54730158730158
143.03492063492064
143.52253968253967
144.01015873015874
144.49777777777777
144.98539682539683
145.47301587301587
145.96063492063493
146.4714739229025
146.95909297052154
147.4467120181406
147.95755102040818
148.4451700680272
148.93278911564627
149.4204081632653
149.90802721088434
150.41886621315192
150.88326530612244
151.39410430839
151.88172335600908
152.3693424036281
152.85696145124717
153.36780045351475
153.85541950113378
154.34303854875284
154.83065759637188
155.2950566893424
155.80589569160998
156.29351473922904
156.78113378684807
157.29197278911565
157.77959183673468
158.26721088435374
158.75482993197278
159.24244897959184
159.73006802721088
160.24090702947845
160.7285260770975
161.21614512471655
161.7037641723356
162.19138321995464
162.70222222222222
163.18984126984128
163.67746031746032
164.16507936507938
164.6526984126984
165.14031746031745
165.65115646258502
166.13877551020408
166.62639455782312
167.11401360544218
167.60163265306122
168.1124716553288
168.60009070294785
169.0877097505669
169.57532879818595
170.06294784580498
170.57378684807256
171.06140589569162
171.54902494331066
172.03664399092972
172.52426303854875
173.0118820861678
173.52272108843536
174.01034013605442
174.49795918367346
174.98557823129252
175.47319727891156
175.98403628117913
176.4716553287982
176.95927437641723
177.4468934240363
177.93451247165532
178.4221315192744
178.90975056689342
179.420589569161
179.90820861678006
180.3958276643991
180.88344671201813
181.3710657596372
181.88190476190476
182.3695238095238
182.85714285714286
183.3447619047619
183.83238095238096
184.34321995464853
184.83083900226757
185.31845804988663
185.80607709750566
