0.3250793650793651
0.9984580498866213
1.6486167800453515
2.414875283446712
3.1346938775510202
3.7384126984126986
4.388571428571429
4.992290249433107
5.61922902494331
6.246167800453515
6.780226757369615
7.430385487528345
8.080544217687075
8.684263038548753
9.311201814058958
9.868480725623582
10.565079365079365
11.168798185941043
11.795736961451247
12.376235827664399
13.02639455782313
13.583673469387755
14.210612244897959
14.814331065759637
15.51092970521542
16.253968253968253
16.92734693877551
17.46140589569161
18.15800453514739
18.901043083900227
19.481541950113378
20.131700680272107
20.758639455782312
21.385578231292516
21.989297052154196
22.6162358276644
23.219954648526077
23.84689342403628
24.473832199546486
25.077551020408162
25.704489795918366
26.33142857142857
26.93514739229025
27.562086167800455
28.16580498866213
28.81596371882086
29.41968253968254
30.023401360544216
30.65034013605442
31.2540589569161
31.880997732426305
32.48471655328798
33.111655328798186
33.715374149659866
34.34231292517007
34.969251700680275
35.57297052154195
36.17668934240363
36.78040816326531
37.40734693877551
38.034285714285716
38.638004535147395
39.2649433106576
39.8918820861678
40.49560090702948
41.12253968253968
41.72625850340136
42.32997732426304
42.956916099773245
43.58385487528345
44.18757369614512
44.81451247165533
45.44145124716553
46.068390022675736
46.672108843537416
47.29904761904762
47.9027664399093
48.529705215419504
49.13342403628118
49.76036281179138
50.36408163265306
50.991020408163266
51.594739229024945
52.22167800453515
52.82539682539682
53.45233560090703
54.07927437641723
54.68299319727891
55.309931972789116
55.93687074829932
56.540589569161
57.167528344671204
57.77124716553288
58.39818594104308
59.025124716553286
59.628843537414966
60.25578231292517
60.882721088435375
61.486439909297054
62.11337868480726
62.71709750566893
63.344036281179136
63.97097505668934
64.57469387755103
65.20163265306122
65.82857142857142
66.43229024943311
67.0592290249433
67.662947845805
68.28988662131519
68.89360544217688
69.52054421768707
70.12426303854875
70.72798185941043
71.35492063492063
71.98185941043084
72.60879818594104
73.23573696145125
73.83945578231292
74.46639455782314
75.07011337868481
75.697052154195
76.32399092970522
76.92770975056689
77.5546485260771
78.1815873015873
78.78530612244899
79.41224489795918
80.03918367346938
80.66612244897959
81.26984126984127
81.87356009070295
82.50049886621315
83.12743764172336
83.73115646258503
84.35809523809523
84.96181405895692
85.58875283446712
86.1924716553288
86.79619047619047
87.42312925170069
88.05006802721088
88.65378684807256
89.28072562358277
89.88444444444444
90.51138321995465
91.11510204081632
91.71882086167801
92.34575963718821
92.9726984126984
93.59963718820862
94.22657596371882
94.8302947845805
95.4572335600907
96.06095238095239
96.66467120181406
97.29160997732426
97.91854875283447
98.54548752834467
99.17242630385488
99.77614512471655
100.40308390022676
101.00680272108843
101.63374149659865
102.23746031746032
102.86439909297052
103.49133786848073
104.0950566893424
104.72199546485261
105.34893424036281
105.9526530612245
106.57959183673469
107.18331065759637
107.81024943310658
108.43718820861677
109.06412698412699
109.66784580498866
110.29478458049887
110.89850340136054
111.50222222222222
112.12916099773243
112.75609977324262
113.38303854875284
113.98675736961451
114.61369614512472
115.24063492063492
115.8443537414966
116.4712925170068
117.09823129251701
117.72517006802721
118.32888888888888
118.93260770975057
119.55954648526077
120.18648526077098
120.79020408163265
121.39392290249432
122.02086167800454
122.64780045351473
123.27473922902495
123.87845804988662
124.50539682539683
125.13233560090703
125.75927437641724
126.36299319727891
126.96671201814058
127.5936507936508
128.220589569161
128.8475283446712
129.4512471655329
130.07818594104307
130.68190476190478
131.30884353741496
131.91256235827663
132.53950113378684
133.16643990929705
133.79337868480727
134.39709750566894
135.02403628117915
135.62775510204082
136.25469387755103
136.8584126984127
137.46213151927438
138.0890702947846
138.7392290249433
139.31972789115648
139.94666666666666
140.55038548752833
141.17732426303854
141.80426303854875
142.43120181405897
143.03492063492064
143.66185941043085
144.26557823129252
144.89251700680273
145.4962358276644
146.14639455782313
146.7501133786848
147.377052154195
147.98077097505669
148.58448979591836
149.21142857142857
149.8615873015873
150.465306122449
151.09224489795918
151.69596371882085
152.3461224489796
152.94984126984127
153.55356009070294
154.15727891156462
154.78421768707483
155.41115646258504
156.03809523809525
156.64181405895692
157.2687528344671
157.89569160997732
158.52263038548753
159.1263492063492
159.75328798185942
160.3570068027211
160.96072562358276
161.58766439909297
162.19138321995464
162.79510204081632
163.42204081632653
164.0257596371882
164.62947845804987
165.27963718820862
165.9065759637188
166.53351473922902
167.16045351473923
167.7641723356009
168.39111111111112
168.9948299319728
169.621768707483
170.2487074829932
170.8756462585034
171.47936507936507
172.10630385487528
172.71002267573695
173.33696145124716
173.96390022675737
174.5908390022676
175.19455782312926
175.79827664399093
176.42521541950114
177.05215419501133
177.65587301587303
178.2828117913832
178.90975056689342
179.53668934240363
180.1404081632653
180.76734693877552
181.3710657596372
181.97478458049886
182.60172335600907
183.2286621315193
183.83238095238096
184.45931972789117
185.08625850340135
185.68997732426303
186.31691609977324
186.94385487528345
187.57079365079366
188.17451247165533
188.80145124716555
189.42839002267573
190.0321088435374
190.6358276643991
191.26276643990929
191.91292517006804
192.5166439909297
193.12036281179138
193.7473015873016
194.3742403628118
194.97795918367348
195.60489795918366
196.23183673469387
196.83555555555554
197.46249433106576
198.08943310657597
198.69315192743764
199.32009070294785
199.92380952380952
200.55074829931974
201.1544671201814
201.78140589569162
202.4083446712018
203.03528344671201
203.6390022675737
204.2659410430839
204.86965986394557
205.49659863945578
206.10031746031746
206.72725623582767
207.35419501133788
207.98113378684806
208.58485260770976
209.21179138321995
209.81551020408162
210.44244897959183
211.0461678004535
211.6498866213152
212.30004535147393
212.92698412698414
213.5307029478458
214.15764172335602
214.7613605442177
215.38829931972788
216.0152380952381
216.6421768707483
217.24589569160997
217.87283446712019
218.47655328798186
219.10349206349207
219.70721088435374
220.33414965986395
220.96108843537414
221.56480725623584
222.1685260770975
222.79546485260772
223.4224036281179
224.04934240362812
224.6530612244898
