0.09287981859410431
0.5108390022675737
0.9287981859410431
1.3235374149659864
1.7414965986394557
2.182675736961451
2.6238548752834467
3.0882539682539685
3.5294331065759637
3.9706122448979593
4.435011337868481
4.876190476190477
5.340589569160998
5.897868480725624
6.362267573696145
6.826666666666667
7.314285714285714
7.75546485260771
8.219863945578231
8.661043083900227
9.102222222222222
9.566621315192744
10.00780045351474
10.47219954648526
10.913378684807256
11.377777777777778
11.818956916099774
12.26013605442177
12.72453514739229
13.165714285714285
13.630113378684808
14.071292517006803
14.535691609977324
14.97687074829932
15.418049886621315
15.882448979591837
16.32362811791383
16.788027210884355
17.22920634920635
17.69360544217687
18.134784580498867
18.599183673469387
19.040362811791383
19.481541950113378
19.9459410430839
20.387120181405894
20.851519274376418
21.292698412698414
21.757097505668934
22.19827664399093
22.639455782312925
23.103854875283446
23.54503401360544
24.009433106575965
24.56671201814059
25.10077097505669
25.56517006802721
26.02956916099773
26.493968253968255
26.93514739229025
27.39954648526077
27.840725623582767
28.281904761904762
28.746303854875283
29.210702947845807
29.675102040816327
30.116281179138323
30.511020408163265
30.998639455782314
31.463038548752834
31.927437641723355
32.345396825396826
32.80979591836735
33.274195011337866
33.715374149659866
34.17977324263038
34.62095238095238
35.062131519274374
35.5265306122449
35.9677097505669
36.40888888888889
36.85006802721088
37.29124716553288
37.755646258503404
38.22004535147392
38.684444444444445
39.12562358276644
39.59002267573696
40.03120181405896
40.47238095238095
40.91356009070295
41.37795918367347
41.81913832199547
42.237097505668935
42.70149659863946
43.14267573696145
43.607074829931975
44.07147392290249
44.51265306122449
44.977052154195015
45.44145124716553
45.88263038548753
46.37024943310658
46.78820861678005
47.22938775510204
47.69378684807256
48.134965986394555
48.576145124716554
49.0637641723356
49.504943310657595
49.96934240362812
50.41052154195011
50.828480725623585
51.2928798185941
51.7340589569161
52.19845804988662
52.66285714285714
53.127256235827666
53.56843537414966
54.00961451247166
54.45079365079365
54.91519274376417
55.3795918367347
55.843990929705214
56.28517006802721
56.70312925170068
57.167528344671204
57.608707482993196
58.049886621315196
58.51428571428571
58.95546485260771
59.41986394557823
59.88426303854875
60.32544217687075
60.78984126984127
61.23102040816327
61.67219954648526
62.136598639455784
62.577777777777776
63.0421768707483
63.506575963718824
63.947755102040816
64.38893424036281
64.83011337868481
65.2712925170068
65.73569160997732
66.20009070294785
66.64126984126985
67.10566893424036
67.54684807256236
67.98802721088435
68.45242630385488
68.89360544217688
69.35800453514739
69.79918367346939
70.26358276643991
70.72798185941043
71.16916099773243
71.61034013605442
72.05151927437642
72.51591836734694
72.95709750566894
73.42149659863945
73.86267573696145
74.32707482993197
74.76825396825397
75.20943310657596
75.65061224489796
76.11501133786848
76.55619047619048
76.99736961451246
77.46176870748299
77.90294784580499
78.36734693877551
78.80852607709751
79.27292517006802
79.71410430839002
80.15528344671202
80.61968253968254
81.08408163265307
81.52526077097505
81.98965986394558
82.43083900226758
82.8952380952381
83.33641723356008
83.77759637188208
84.21877551020408
84.65995464852608
85.1243537414966
85.58875283446712
86.02993197278911
86.49433106575964
86.95873015873016
87.39990929705215
87.84108843537415
88.28226757369615
88.74666666666667
89.18784580498867
89.62902494331065
90.1166439909297
90.5578231292517
90.9990022675737
91.44018140589569
91.90458049886621
92.34575963718821
92.81015873015873
93.25133786848073
93.69251700680272
94.15691609977324
94.59809523809524
95.06249433106576
95.50367346938775
95.96807256235827
96.4324716553288
96.8736507936508
97.3148299319728
97.7792290249433
98.2204081632653
98.6615873015873
99.12598639455783
99.56716553287981
100.03156462585034
100.47274376417234
100.93714285714286
101.37832199546486
101.81950113378684
102.26068027210884
102.72507936507937
103.18947845804989
103.65387755102041
104.0950566893424
104.55945578231292
105.00063492063492
105.44181405895692
105.8829931972789
106.34739229024943
106.78857142857143
107.2065306122449
107.67092970521541
108.11210884353741
108.57650793650794
109.04090702947846
109.48208616780046
109.94648526077097
110.4108843537415
110.8520634920635
111.31646258503402
111.757641723356
112.22204081632653
112.66321995464853
113.10439909297052
113.54557823129252
114.03319727891156
114.47437641723356
114.93877551020408
115.37995464852608
115.79791383219954
116.26231292517006
116.70349206349206
117.16789115646259
117.60907029478459
118.0734693877551
118.5146485260771
118.97904761904762
119.42022675736962
119.8614058956916
120.32580498866213
120.79020408163265
121.23138321995465
121.67256235827665
122.13696145124716
122.57814058956916
123.04253968253968
123.48371882086168
123.92489795918367
124.38929705215419
124.85369614512472
125.29487528344671
125.75927437641724
126.20045351473922
126.64163265306122
127.08281179138322
127.54721088435375
127.98839002267573
128.45278911564625
128.89396825396827
129.33514739229025
129.77632653061224
130.21750566893425
130.6354648526077
131.05342403628117
131.47138321995465
131.93578231292517
132.4001814058957
132.84136054421768
133.2825396825397
133.72371882086168
134.16489795918366
134.60607709750568
135.02403628117915
135.46521541950113
135.90639455782312
136.34757369614513
136.78875283446712
137.2299319727891
137.69433106575963
138.13551020408164
138.59990929705216
139.04108843537415
139.48226757369613
139.94666666666666
140.41106575963718
140.8522448979592
141.3166439909297
141.7578231292517
142.1990022675737
142.6634013605442
143.10458049886623
143.5457596371882
144.01015873015874
144.45133786848072
144.91573696145124
145.35691609977323
145.79809523809524
146.26249433106577
146.70367346938775
147.16807256235828
147.60925170068026
148.05043083900227
148.5148299319728
148.97922902494332
149.4204081632653
149.88480725623583
150.32598639455782
150.76716553287983
151.23156462585035
151.67274376417234
152.13714285714286
152.57832199546485
153.04272108843537
153.5071201814059
153.94829931972788
154.3894784580499
154.85387755102042
155.27183673469386
155.7362358276644
156.1774149659864
156.64181405895692
157.0829931972789
157.54739229024943
157.98857142857142
158.47619047619048
158.89414965986396
159.35854875283448
159.79972789115646
160.24090702947845
160.70530612244897
161.146485260771
161.61088435374148
162.0520634920635
162.49324263038548
162.957641723356
163.39882086167802
163.8632199546485
164.30439909297053
164.76879818594105
165.20997732426304
165.67437641723356
166.11555555555555
166.55673469387756
166.99791383219954
167.46231292517007
167.9267120181406
168.39111111111112
168.8322902494331
169.2734693877551
169.7146485260771
170.17904761904762
170.64344671201815
171.08462585034013
171.52580498866214
171.99020408163264
172.43138321995465
172.89578231292518
173.33696145124716
173.77814058956915
174.24253968253967
174.68371882086169
175.12489795918367
175.5892970521542
176.05369614512472
176.4948752834467
176.95927437641723
177.40045351473924
177.84163265306123
178.30603174603175
178.70077097505668
179.09551020408162
179.5134693877551
179.90820861678006
180.34938775510204
180.79056689342403
181.23174603174604
181.67292517006803
182.11410430839
182.57850340136054
183.04290249433106
183.48408163265307
183.92526077097506
184.38965986394558
184.83083900226757
185.2952380952381
185.7364172335601
186.2008163265306
186.6419954648526
187.0831746031746
187.54757369614512
187.9887528344671
188.42993197278912
188.89433106575964
189.35873015873017
189.79990929705215
190.26430839002268
190.70548752834466
191.14666666666668
191.6110657596372
192.05224489795918
192.5166439909297
192.9578231292517
193.42222222222222
193.86340136054423
194.23492063492063
194.6528798185941
195.04761904761904
195.442358276644
195.88353741496599
196.32471655328797
196.7891156462585
197.2302947845805
197.69469387755103
198.13587301587302
198.60027210884354
199.04145124716553
199.48263038548754
199.94702947845806
200.38820861678005
200.85260770975057
201.29378684807256
201.75818594104308
202.19936507936507
202.64054421768708
203.1049433106576
203.5461224489796
204.0105215419501
204.4517006802721
204.91609977324262
205.35727891156463
205.82167800453516
206.26285714285714
206.70403628117913
207.16843537414965
207.60961451247167
208.0740136054422
208.51519274376417
208.9795918367347
209.42077097505668
209.8619501133787
210.3263492063492
210.7675283446712
211.23192743764173
211.67310657596371
212.11428571428573
212.57868480725622
213.01986394557824
213.48426303854876
213.92544217687075
214.38984126984127
214.83102040816325
215.29541950113378
215.7365986394558
216.17777777777778
216.6421768707483
217.0833560090703
217.5477551020408
217.98893424036282
218.4301133786848
218.8712925170068
219.33569160997732
219.80009070294784
220.24126984126985
