0.06965986394557823
0.6733786848072563
1.253877551020408
1.8343764172335602
2.4380952380952383
3.01859410430839
3.599092970521542
4.179591836734694
4.760090702947846
5.340589569160998
5.921088435374149
6.501587301587302
7.082086167800454
7.662585034013605
8.243083900226758
8.823582766439909
9.427301587301587
10.00780045351474
10.588299319727891
11.168798185941043
11.749297052154194
12.329795918367347
12.910294784580499
13.49079365079365
14.071292517006803
14.651791383219955
15.232290249433106
15.81278911564626
16.416507936507937
16.99700680272109
17.57750566893424
18.15800453514739
18.738503401360543
19.319002267573698
19.89950113378685
20.48
21.037278911564627
21.640997732426303
22.244716553287983
22.801995464852606
23.405714285714286
23.986213151927437
24.56671201814059
25.14721088435374
25.727709750566895
26.308208616780046
26.888707482993198
27.492426303854874
28.0497052154195
28.63020408163265
29.23392290249433
29.791201814058958
30.37170068027211
30.928979591836736
31.555918367346937
32.13641723356009
32.71691609977324
33.29741496598639
33.877913832199546
34.4584126984127
35.062131519274374
35.619410430839004
36.19990929705215
36.80362811791383
37.384126984126986
37.964625850340134
38.54512471655329
39.12562358276644
39.70612244897959
40.28662131519275
40.867120181405895
41.44761904761905
42.0281179138322
42.60861678004535
43.21233560090703
43.79283446712018
44.35011337868481
44.95383219954648
45.53433106575964
46.11482993197279
46.69532879818594
47.275827664399095
47.85632653061224
48.4368253968254
49.017324263038546
49.5978231292517
50.20154195011338
50.78204081632653
51.36253968253968
51.919818594104306
52.523537414965986
53.10403628117914
53.68453514739229
54.265034013605444
54.84553287981859
55.44925170068027
56.029750566893426
56.610249433106574
57.19074829931973
57.77124716553288
58.35174603174603
58.93224489795919
59.512743764172335
60.09324263038549
60.67374149659864
61.25424036281179
61.83473922902494
62.415238095238095
63.018956916099775
63.59945578231292
64.17995464852608
64.76045351473923
65.34095238095239
65.92145124716554
66.50195011337868
67.08244897959183
67.662947845805
68.22022675736962
68.82394557823129
69.40444444444445
70.00816326530612
70.58866213151927
71.16916099773243
71.74965986394558
72.35337868480725
72.91065759637188
73.49115646258504
74.07165532879819
74.65215419501133
75.2326530612245
75.83637188208617
76.39365079365079
76.99736961451246
77.57786848072563
78.15836734693877
78.73886621315192
79.31936507936508
79.89986394557823
80.48036281179138
81.06086167800453
81.66458049886621
82.24507936507936
82.82557823129251
83.40607709750567
83.98657596371882
84.56707482993197
85.14757369614513
85.72807256235828
86.30857142857143
86.88907029478457
87.46956916099774
88.05006802721088
88.65378684807256
89.23428571428572
89.81478458049887
90.39528344671201
90.97578231292518
91.55628117913832
92.13678004535147
92.71727891156462
93.29777777777778
93.87827664399093
94.45877551020408
95.03927437641724
95.61977324263039
96.22349206349206
96.80399092970522
97.38448979591837
97.96498866213152
98.54548752834467
99.12598639455783
99.70648526077098
100.28698412698412
100.86748299319729
101.47120181405896
102.0517006802721
102.63219954648527
103.21269841269842
103.79319727891156
104.37369614512471
104.95419501133787
105.53469387755102
106.11519274376417
106.69569160997733
107.27619047619048
107.87990929705215
108.4604081632653
109.04090702947846
109.59818594104308
110.20190476190476
110.7591836734694
111.36290249433107
111.94340136054421
112.52390022675738
113.10439909297052
113.68489795918367
114.26539682539682
114.8691156462585
115.44961451247165
116.0301133786848
116.61061224489796
117.19111111111111
117.77160997732426
118.35210884353741
118.93260770975057
119.51310657596372
120.09360544217687
120.67410430839003
121.25460317460318
121.83510204081632
122.41560090702947
122.94965986394558
123.53015873015873
124.1338775510204
124.76081632653062
125.34131519274376
125.92181405895691
126.50231292517007
127.08281179138322
127.66331065759637
128.26702947845806
128.82430839002268
129.40480725623584
130.03174603174602
130.58902494331065
131.1695238095238
131.75002267573697
132.3305215419501
132.91102040816327
133.49151927437643
134.07201814058956
134.65251700680273
135.2562358276644
135.83673469387756
136.4172335600907
136.99773242630386
137.57823129251702
138.15873015873015
138.7392290249433
139.31972789115648
139.9002267573696
140.48072562358277
141.0612244897959
141.64172335600907
142.24544217687074
142.8259410430839
143.40643990929706
143.9869387755102
144.56743764172336
145.14793650793652
145.72843537414965
146.30893424036282
146.88943310657595
147.4699319727891
148.05043083900227
148.65414965986395
149.2346485260771
149.81514739229024
150.3956462585034
150.97614512471657
151.5566439909297
152.13714285714286
152.717641723356
153.29814058956916
153.85541950113378
154.43591836734694
155.03963718820862
155.62013605442178
156.22385487528345
156.8043537414966
157.38485260770975
157.9653514739229
158.54585034013604
159.1263492063492
159.70684807256237
160.2873469387755
160.86784580498866
161.44834467120182
162.0520634920635
162.63256235827666
163.2130612244898
163.79356009070295
164.3740589569161
164.95455782312925
165.5350566893424
166.11555555555555
166.6960544217687
167.27655328798187
167.8338321995465
168.41433106575963
169.04126984126984
169.621768707483
170.20226757369613
170.7827664399093
171.36326530612246
171.9437641723356
172.52426303854875
173.10476190476192
173.68526077097505
174.2657596371882
174.86947845804988
175.44997732426305
176.03047619047618
176.61097505668934
177.1914739229025
177.77197278911564
178.3524716553288
178.93297052154196
179.5134693877551
180.09396825396826
180.67446712018142
181.25496598639455
181.8354648526077
182.4391836734694
183.01968253968255
183.60018140589568
184.18068027210884
184.761179138322
185.34167800453514
185.9221768707483
186.50267573696146
187.0831746031746
187.66367346938776
188.2441723356009
188.82467120181406
189.42839002267573
190.0088888888889
190.58938775510205
191.1698866213152
191.75038548752835
192.3308843537415
192.91138321995464
193.4918820861678
194.07238095238094
194.6528798185941
195.23337868480726
195.8138775510204
