0.11609977324263039
0.5572789115646258
0.9752380952380952
1.3931972789115645
1.787936507936508
2.2523356009070294
2.716734693877551
3.1811337868480725
3.645532879818594
4.1099319727891155
4.574331065759637
5.061950113378685
5.526349206349207
5.944308390022676
6.362267573696145
6.8034467120181406
7.244625850340136
7.685804988662132
8.150204081632653
8.6378231292517
9.102222222222222
9.566621315192744
10.031020408163265
10.518639455782314
10.983038548752834
11.493877551020407
11.981496598639456
12.538775510204081
13.02639455782313
13.444353741496599
13.839092970521541
14.233832199546486
14.651791383219955
15.139410430839002
15.603809523809524
16.068208616780044
16.532607709750568
16.99700680272109
17.46140589569161
17.949024943310658
18.413424036281178
18.877823129251702
19.342222222222222
19.806621315192743
20.271020408163267
20.758639455782312
21.223038548752836
21.687437641723356
22.175056689342405
22.6162358276644
23.103854875283446
23.56825396825397
24.03265306122449
24.49705215419501
24.961451247165535
25.44907029478458
25.913469387755104
26.377868480725624
26.842267573696144
27.30666666666667
27.794285714285714
28.258684807256238
28.723083900226758
29.18748299319728
29.6518820861678
30.139501133786847
30.603900226757368
31.068299319727892
31.532698412698412
31.997097505668933
32.46149659863946
32.949115646258505
33.41351473922902
33.877913832199546
34.34231292517007
34.80671201814059
35.294331065759636
35.75873015873016
36.22312925170068
36.6875283446712
37.17514739229025
37.63954648526077
38.12716553287982
38.59156462585034
39.05596371882086
39.52036281179139
39.9847619047619
40.44916099773243
40.89034013605442
41.33151927437642
41.749478458049886
42.16743764172335
42.58539682539683
43.02657596371882
43.490975056689344
43.95537414965986
44.44299319727891
44.90739229024943
45.37179138321996
45.836190476190474
46.32380952380952
46.78820861678005
47.25260770975056
47.71700680272109
48.18140589569161
48.64580498866213
49.13342403628118
49.5978231292517
50.062222222222225
50.52662131519274
50.991020408163266
51.45541950113379
51.919818594104306
52.38421768707483
52.87183673469388
53.336235827664396
53.823854875283445
54.28825396825397
54.75265306122449
55.21705215419501
55.70467120181406
56.16907029478458
56.6334693877551
57.09786848072562
57.56226757369615
58.026666666666664
58.49106575963719
58.95546485260771
59.44308390022676
59.90748299319728
60.3718820861678
60.836281179138325
61.32390022675737
61.78829931972789
62.252698412698415
62.71709750566893
63.20471655328798
63.669115646258504
64.13351473922903
64.59791383219955
65.0855328798186
65.54993197278911
66.01433106575963
66.47873015873016
66.94312925170068
67.4075283446712
67.87192743764173
68.33632653061224
68.80072562358276
69.28834467120181
69.75274376417234
70.21714285714286
70.70476190476191
71.16916099773243
71.63356009070294
72.09795918367347
72.56235827664399
73.02675736961451
73.49115646258504
73.97877551020409
74.4431746031746
74.90757369614512
75.37197278911565
75.83637188208617
76.3007709750567
76.78839002267574
77.25278911564625
77.71718820861678
78.1815873015873
78.64598639455782
79.11038548752835
79.5980045351474
80.06240362811792
80.52680272108843
80.99120181405895
81.45560090702948
81.92
82.40761904761905
82.87201814058957
83.33641723356008
83.80081632653061
84.26521541950113
84.75283446712018
85.2172335600907
85.68163265306123
86.14603174603175
86.61043083900226
87.07482993197279
87.51600907029479
87.98040816326531
88.39836734693877
88.83954648526077
89.25750566893424
89.6754648526077
90.13986394557823
90.60426303854875
91.06866213151928
91.5330612244898
91.99746031746032
92.46185941043083
92.94947845804988
93.39065759637188
93.87827664399093
94.34267573696145
94.80707482993198
95.2714739229025
95.73587301587301
96.22349206349206
96.68789115646258
97.15229024943311
97.61668934240363
98.10430839002268
98.56870748299319
99.03310657596371
99.49750566893424
99.96190476190476
100.44952380952381
100.91392290249433
101.37832199546486
101.81950113378684
102.30712018140589
102.77151927437642
103.25913832199547
103.72353741496599
104.21115646258504
104.67555555555556
105.13995464852607
105.6043537414966
106.06875283446712
106.53315192743764
107.02077097505669
107.48517006802722
107.94956916099773
108.41396825396825
108.87836734693877
109.3427664399093
109.80716553287982
110.27156462585035
110.7591836734694
111.2235827664399
111.68798185941043
112.15238095238095
112.64
113.10439909297052
113.56879818594105
114.03319727891156
114.49759637188208
114.9619954648526
115.44961451247165
115.91401360544218
116.40163265306123
116.84281179138323
117.33043083900226
117.79482993197279
118.28244897959183
118.74684807256236
119.21124716553288
119.6756462585034
120.14004535147393
120.62766439909296
121.09206349206349
121.55646258503401
122.02086167800454
122.48526077097506
122.94965986394558
123.39083900226757
123.83201814058957
124.27319727891157
124.71437641723357
125.15555555555555
125.57351473922903
126.01469387755103
126.47909297052155
126.94349206349206
127.40789115646258
127.8722902494331
128.33668934240362
128.82430839002268
129.2887074829932
129.75310657596373
130.21750566893425
130.68190476190478
131.14630385487527
131.63392290249433
132.09832199546486
132.56272108843538
133.0271201814059
133.49151927437643
133.95591836734692
134.42031746031745
134.9079365079365
135.37233560090704
135.83673469387756
136.30113378684808
136.78875283446712
137.25315192743764
137.71755102040817
138.2051700680272
138.66956916099772
139.13396825396825
139.59836734693877
140.0627664399093
140.52716553287982
140.99156462585034
141.45596371882087
141.9435827664399
142.40798185941043
142.87238095238095
143.33678004535147
143.8243990929705
144.28879818594103
144.75319727891156
145.21759637188208
145.63555555555556
146.07673469387754
146.51791383219955
146.93587301587303
147.377052154195
147.818231292517
148.28263038548752
148.74702947845805
149.21142857142857
149.6758276643991
150.14022675736962
150.60462585034014
151.09224489795918
151.5566439909297
152.02104308390022
152.48544217687075
152.94984126984127
153.4374603174603
153.90185941043083
154.36625850340135
154.83065759637188
155.31827664399094
155.78267573696147
156.24707482993196
156.71147392290248
157.175873015873
157.64027210884353
158.10467120181406
158.56907029478458
159.0334693877551
159.52108843537414
159.98548752834466
160.4498866213152
160.9142857142857
161.37868480725623
161.86630385487527
162.3307029478458
162.79510204081632
163.25950113378684
163.72390022675737
164.1882993197279
164.67591836734695
165.14031746031745
165.60471655328797
166.0691156462585
166.53351473922902
167.02113378684808
167.4855328798186
167.9499319727891
168.41433106575963
168.87873015873015
169.34312925170067
169.83074829931974
170.29514739229026
170.75954648526078
171.22394557823128
171.6883446712018
172.15274376417233
172.6403628117914
173.10476190476192
173.56916099773244
174.03356009070293
174.521179138322
174.98557823129252
175.44997732426305
175.91437641723357
176.4019954648526
176.86639455782313
177.33079365079365
177.79519274376418
178.2595918367347
178.72399092970522
179.18839002267575
179.65278911564627
180.1404081632653
180.5815873015873
181.06920634920635
181.53360544217688
181.9980045351474
182.46240362811793
182.95002267573696
183.41442176870748
183.878820861678
184.34321995464853
184.80761904761906
185.27201814058958
185.75963718820861
186.22403628117914
186.68843537414966
187.1528344671202
187.64045351473922
188.10485260770974
188.56925170068027
189.01043083900225
189.49804988662132
189.96244897959184
190.45006802721088
190.9144671201814
191.33242630385487
191.77360544217686
192.21478458049887
192.6095238095238
193.02748299319728
193.4918820861678
193.97950113378684
194.44390022675736
194.9082993197279
195.3726984126984
195.83709750566894
196.30149659863946
196.76589569160998
197.2302947845805
197.71791383219954
198.18231292517007
198.6467120181406
199.13433106575962
199.59873015873015
200.06312925170067
200.5275283446712
200.99192743764172
201.47954648526078
201.94394557823128
202.4083446712018
202.87274376417233
203.33714285714285
203.80154195011337
204.2659410430839
204.73034013605442
205.1482993197279
205.56625850340137
205.98421768707482
206.4021768707483
