0.09287981859410431
0.5572789115646258
0.9984580498866213
1.4628571428571429
1.9272562358276644
2.36843537414966
2.8328344671201813
3.297233560090703
3.7616326530612243
4.20281179138322
4.667210884353741
5.131609977324263
5.596009070294785
6.03718820861678
6.501587301587302
6.942766439909297
7.430385487528345
7.87156462585034
8.335963718820862
8.800362811791382
9.241541950113378
9.7059410430839
10.170340136054422
10.611519274376418
11.075918367346938
11.54031746031746
12.004716553287983
12.445895691609977
12.910294784580499
13.374693877551021
13.815873015873017
14.280272108843537
14.744671201814059
15.185850340136055
15.673469387755102
16.114648526077097
16.579047619047618
17.04344671201814
17.484625850340137
17.949024943310658
18.413424036281178
18.854603174603174
19.319002267573698
19.783401360544218
20.24780045351474
20.688979591836734
21.153378684807254
21.61777777777778
22.0821768707483
22.523356009070294
22.987755102040815
23.45215419501134
23.91655328798186
24.38095238095238
24.845351473922904
25.2865306122449
25.75092970521542
26.21532879818594
26.656507936507936
27.12090702947846
27.58530612244898
28.026485260770976
28.490884353741496
28.955283446712016
29.41968253968254
29.860861678004536
30.325260770975056
30.766439909297052
31.2540589569161
31.71845804988662
32.15963718820862
32.60081632653061
33.065215419501136
33.52961451247165
33.99401360544218
34.4584126984127
34.92281179138322
35.36399092970522
35.828390022675734
36.29278911564626
36.75718820861678
37.198367346938774
37.6627664399093
38.12716553287982
38.568344671201814
39.03274376417234
39.497142857142855
39.96154195011338
40.40272108843537
40.867120181405895
41.33151927437642
41.77269841269841
42.237097505668935
42.70149659863946
43.165895691609975
43.607074829931975
44.07147392290249
44.535873015873015
44.977052154195015
45.44145124716553
45.905850340136055
46.37024943310658
46.834648526077096
47.29904761904762
47.74022675736961
48.204625850340136
48.66902494331066
49.11020408163265
49.574603174603176
50.03900226757369
50.48018140589569
50.944580498866216
51.40897959183673
51.87337868480726
52.31455782312925
52.77895691609977
53.22013605442177
53.68453514739229
54.14893424036281
54.61333333333334
55.05451247165533
55.51891156462585
55.98331065759637
56.447709750566894
56.888888888888886
57.35328798185941
57.817687074829934
58.28208616780045
58.746485260770974
59.187664399092974
59.65206349206349
60.116462585034014
60.55764172335601
61.02204081632653
61.486439909297054
61.92761904761905
62.39201814058957
62.85641723356009
63.32081632653061
63.76199546485261
64.22639455782313
64.69079365079365
65.15519274376418
65.59637188208617
66.06077097505668
66.52517006802721
66.96634920634921
67.43074829931973
67.87192743764173
68.33632653061224
68.80072562358276
69.26512471655329
69.70630385487529
70.17070294784581
70.6118820861678
71.07628117913832
71.54068027210884
72.00507936507937
72.44625850340137
72.91065759637188
73.3750566893424
73.83945578231292
74.30385487528345
74.74503401360545
75.20943310657596
75.67383219954648
76.138231292517
76.579410430839
77.020589569161
77.48498866213151
77.94938775510204
78.41378684807256
78.87818594104309
79.34258503401361
79.7837641723356
80.24816326530612
80.71256235827664
81.17696145124717
81.61814058956917
82.08253968253969
82.5469387755102
82.9881179138322
83.45251700680272
83.91691609977325
84.38131519274377
84.84571428571428
85.28689342403628
85.7512925170068
86.21569160997733
86.65687074829933
87.12126984126984
87.58566893424036
88.05006802721088
88.49124716553288
88.9556462585034
89.42004535147392
89.86122448979592
90.32562358276644
90.79002267573696
91.23120181405896
91.71882086167801
92.16
92.62439909297052
93.06557823129252
93.52997732426304
93.99437641723355
94.45877551020408
94.89995464852608
95.3643537414966
95.82875283446712
96.29315192743765
96.73433106575963
97.19873015873016
97.66312925170068
98.10430839002268
98.56870748299319
99.03310657596371
99.49750566893424
99.93868480725624
100.40308390022676
100.86748299319729
101.30866213151927
101.7730612244898
102.23746031746032
102.70185941043084
103.16625850340137
103.63065759637188
104.0950566893424
104.5362358276644
105.00063492063492
105.44181405895692
105.90621315192743
106.37061224489796
106.83501133786848
107.27619047619048
107.740589569161
108.20498866213151
108.66938775510204
109.11056689342404
109.57496598639456
110.03936507936508
110.48054421768707
110.94494331065759
111.40934240362812
111.85052154195012
112.31492063492064
112.77931972789116
113.24371882086167
113.68489795918367
114.1492970521542
114.61369614512472
115.07809523809524
115.51927437641723
115.98367346938775
116.44807256235828
116.9124716553288
117.37687074829932
117.81804988662131
118.28244897959183
118.74684807256236
119.18802721088436
119.65242630385488
120.11682539682539
120.58122448979591
121.02240362811791
121.48680272108844
121.95120181405896
122.39238095238095
122.85678004535147
123.321179138322
123.762358276644
124.22675736961452
124.69115646258503
125.15555555555555
125.59673469387755
126.06113378684807
126.50231292517007
126.96671201814058
127.43111111111111
127.89551020408163
128.35990929705216
128.82430839002268
129.2887074829932
129.7298866213152
130.1710657596372
130.65868480725624
131.12308390022676
131.56426303854875
132.02866213151927
132.4930612244898
132.93424036281178
133.3986394557823
133.86303854875283
134.30421768707484
134.76861678004536
135.20979591836735
135.67419501133787
136.1385941043084
136.60299319727892
137.06739229024944
137.53179138321997
137.97297052154195
138.43736961451248
138.87854875283446
139.34294784580499
139.78412698412697
140.2485260770975
140.71292517006802
141.17732426303854
141.64172335600907
142.08290249433108
142.54730158730158
143.0117006802721
143.47609977324262
143.91727891156464
144.38167800453516
144.82285714285715
145.31047619047618
145.7516553287982
146.21605442176872
146.68045351473924
147.14485260770974
147.58603174603175
148.05043083900227
148.5148299319728
148.97922902494332
149.4204081632653
149.88480725623583
150.32598639455782
150.79038548752834
151.25478458049886
151.7191836734694
152.16036281179137
152.6247619047619
153.08916099773242
153.55356009070294
153.99473922902493
154.45913832199545
154.90031746031747
155.364716553288
155.85233560090703
156.29351473922904
156.75791383219953
157.22231292517006
157.66349206349207
158.1278911564626
158.59229024943312
159.05668934240362
159.52108843537414
159.96226757369615
160.42666666666668
160.8910657596372
161.33224489795919
161.7966439909297
162.26104308390023
162.70222222222222
163.14340136054423
163.60780045351473
164.07219954648525
164.53659863945578
165.0009977324263
165.46539682539682
165.92979591836735
166.39419501133787
166.8818140589569
167.36943310657597
167.857052154195
168.34467120181407
168.8322902494331
169.31990929705216
169.8075283446712
170.27192743764172
170.73632653061225
171.20072562358277
171.6651247165533
172.12952380952382
172.6635827664399
173.17442176870748
173.66204081632654
