0.11609977324263039
0.603718820861678
1.0913378684807256
1.555736961451247
2.043356009070295
2.5309750566893423
2.995374149659864
3.4829931972789114
3.9706122448979593
4.458231292517007
4.9458503401360545
5.479909297052155
5.990748299319728
6.501587301587302
7.012426303854875
7.500045351473923
7.964444444444444
8.428843537414966
8.916462585034013
9.380861678004536
9.845260770975056
10.332879818594105
10.797278911564625
11.284897959183674
11.77251700680272
12.236916099773243
12.72453514739229
13.188934240362812
13.676553287981859
14.164172335600908
14.628571428571428
15.09297052154195
15.580589569160997
16.068208616780044
16.50938775510204
16.92734693877551
17.345306122448978
17.832925170068027
18.250884353741498
18.668843537414965
19.11002267573696
19.574421768707484
20.01560090702948
20.456780045351476
20.921179138321996
21.36235827664399
21.826757369614512
22.291156462585032
22.77877551020408
23.26639455782313
23.754013605442175
24.241632653061224
24.68281179138322
25.170430839002268
25.658049886621317
26.122448979591837
26.610068027210886
27.09768707482993
27.562086167800455
28.07292517006803
28.514104308390024
28.955283446712016
29.373242630385487
29.814421768707483
30.278820861678003
30.72
31.207619047619048
31.695238095238096
32.15963718820862
32.60081632653061
33.065215419501136
33.483174603174604
33.924353741496596
34.38875283446712
34.78349206349206
35.20145124716553
35.64263038548753
36.060589569160996
36.47854875283447
36.96616780045351
37.430566893424036
37.89496598639456
38.38258503401361
38.87020408163265
39.3578231292517
39.82222222222222
40.28662131519275
40.68136054421769
41.12253968253968
41.56371882086168
42.05133786848072
42.53895691609977
43.003356009070295
43.46775510204082
43.97859410430839
44.46621315192744
44.93061224489796
45.348571428571425
45.789750566893424
46.23092970521542
46.672108843537416
47.159727891156464
47.64734693877551
48.134965986394555
48.6225850340136
49.08698412698413
49.574603174603176
50.03900226757369
50.48018140589569
50.921360544217684
51.36253968253968
51.803718820861675
52.2681179138322
52.75573696145125
53.22013605442177
53.707755102040814
54.19537414965986
54.659773242630386
55.147392290249435
55.635011337868484
56.076190476190476
56.49414965986394
56.91210884353742
57.376507936507934
57.86412698412698
58.32852607709751
58.816145124716556
59.3037641723356
59.76816326530612
60.25578231292517
60.720181405895694
61.161360544217686
61.57931972789115
62.02049886621315
62.48489795918368
62.97251700680272
63.46013605442177
63.92453514739229
64.38893424036281
64.87655328798186
65.36417233560091
65.85179138321996
66.339410430839
66.80380952380952
67.29142857142857
67.75582766439909
68.24344671201814
68.70784580498866
69.14902494331066
69.59020408163265
70.00816326530612
70.49578231292517
70.98340136054422
71.47102040816327
71.95863945578232
72.42303854875283
72.91065759637188
73.3750566893424
73.83945578231292
74.30385487528345
74.76825396825397
75.2326530612245
75.697052154195
76.16145124716553
76.62585034013605
77.06702947845805
77.53142857142858
77.99582766439909
78.48344671201814
78.97106575963718
79.45868480725623
79.92308390022676
80.38748299319728
80.87510204081633
81.33950113378685
81.80390022675736
82.29151927437641
82.77913832199546
83.24353741496599
83.73115646258503
84.21877551020408
84.70639455782313
85.19401360544218
85.6584126984127
86.12281179138321
86.58721088435374
87.07482993197279
87.56244897959184
88.02684807256236
88.51446712018141
89.00208616780046
89.4897052154195
89.95410430839003
90.44172335600906
90.92934240362811
91.39374149659864
91.88136054421769
92.36897959183673
92.83337868480726
93.29777777777778
93.78539682539683
94.27301587301588
94.76063492063491
95.24825396825396
95.73587301587301
96.15383219954649
96.64145124716553
97.12907029478458
97.61668934240363
98.10430839002268
98.59192743764173
99.05632653061224
99.56716553287981
100.03156462585034
100.49596371882086
100.98358276643991
101.44798185941043
101.91238095238096
102.37678004535148
102.86439909297052
103.32879818594104
103.81641723356009
104.28081632653061
104.76843537414966
105.25605442176871
105.72045351473923
106.20807256235828
106.67247165532879
107.11365079365079
107.55482993197279
107.97278911564626
108.43718820861677
108.92480725623582
109.38920634920635
109.8768253968254
110.36444444444444
110.82884353741497
111.31646258503402
111.78086167800454
112.198820861678
112.61678004535148
113.05795918367347
113.54557823129252
114.03319727891156
114.5208163265306
114.98521541950113
115.47283446712018
115.9372335600907
116.35519274376418
116.77315192743764
117.23755102040816
117.70195011337869
118.16634920634921
118.65396825396826
119.11836734693877
119.60598639455782
120.09360544217687
120.58122448979591
121.06884353741496
121.51002267573696
121.95120181405896
122.39238095238095
122.83356009070295
123.29795918367347
123.762358276644
124.24997732426304
124.71437641723357
125.2019954648526
125.68961451247165
126.15401360544217
126.64163265306122
127.0595918367347
127.5007709750567
127.94195011337868
128.3831292517007
128.87074829931973
129.35836734693876
129.84598639455783
130.31038548752835
130.86766439909297
131.40172335600906
131.88934240362812
132.35374149659864
132.84136054421768
133.32897959183674
133.81659863945578
134.30421768707484
134.83827664399092
135.39555555555555
135.8831746031746
136.37079365079364
136.83519274376417
137.27637188208618
137.69433106575963
138.13551020408164
138.59990929705216
139.0875283446712
139.57514739229026
140.03954648526076
140.52716553287982
140.99156462585034
141.50240362811792
141.96680272108844
142.47764172335602
142.96526077097505
143.42965986394557
143.8940589569161
144.38167800453516
144.84607709750566
145.31047619047618
145.7748752834467
146.26249433106577
146.7268934240363
147.19129251700681
147.6556916099773
148.12009070294783
148.56126984126985
149.02566893424037
149.4900680272109
149.97768707482993
150.465306122449
150.95292517006803
151.41732426303855
151.88172335600908
152.3461224489796
152.83374149659863
153.29814058956916
153.78575963718822
154.27337868480726
154.7609977324263
155.2253968253968
155.68979591836734
156.15419501133786
156.6185941043084
157.10621315192745
157.59383219954648
158.08145124716555
158.56907029478458
159.05668934240362
159.52108843537414
159.98548752834466
160.4498866213152
160.9142857142857
161.37868480725623
161.81986394557822
162.26104308390023
162.74866213151927
163.2130612244898
163.67746031746032
164.16507936507938
164.62947845804987
165.11709750566894
165.58149659863946
166.0691156462585
166.53351473922902
166.99791383219954
167.46231292517007
167.9267120181406
168.39111111111112
168.87873015873015
169.34312925170067
169.8075283446712
170.27192743764172
170.75954648526078
171.22394557823128
171.6883446712018
172.15274376417233
172.61714285714285
173.05832199546487
173.5459410430839
174.01034013605442
174.49795918367346
174.93913832199547
175.4267573696145
175.89115646258503
176.35555555555555
176.81995464852608
177.3075736961451
177.74875283446713
178.23637188208616
178.70077097505668
179.1651700680272
179.62956916099773
180.11718820861677
180.55836734693878
181.04598639455781
181.51038548752834
181.97478458049886
182.4391836734694
182.92680272108842
183.36798185941043
183.85560090702947
184.32
184.80761904761906
185.24879818594104
185.7364172335601
186.2008163265306
186.66521541950112
187.12961451247165
187.6172335600907
188.0584126984127
188.54603174603176
189.01043083900225
189.47482993197278
189.9392290249433
190.42684807256236
190.8912471655329
191.3556462585034
191.82004535147394
192.30766439909297
192.74884353741496
193.23646258503402
193.70086167800454
194.16526077097507
194.6296598639456
195.11727891156463
195.58167800453515
196.04607709750567
196.5104761904762
196.99809523809523
197.46249433106576
197.92689342403628
198.3912925170068
198.85569160997733
199.32009070294785
199.8077097505669
200.2488888888889
200.73650793650793
201.20090702947846
201.66530612244898
202.1297052154195
202.61732426303854
203.08172335600906
203.5461224489796
204.0105215419501
204.47492063492064
204.93931972789116
205.4269387755102
205.89133786848072
206.35573696145124
206.82013605442177
207.30775510204083
207.74893424036281
208.23655328798185
208.70095238095237
209.1653514739229
209.62975056689342
210.11736961451248
210.58176870748298
211.0461678004535
211.51056689342403
211.9981859410431
212.4625850340136
212.92698412698414
213.39138321995466
213.8790022675737
214.34340136054422
214.80780045351474
215.27219954648527
215.7365986394558
216.20099773242632
216.68861678004535
217.15301587301587
217.6174149659864
