0.09287981859410431
0.603718820861678
1.1145578231292517
1.6253968253968254
2.159455782312925
2.670294784580499
3.1811337868480725
3.7384126984126986
4.2260317460317465
4.713650793650793
5.224489795918367
5.735328798185941
6.246167800453515
6.757006802721088
7.291065759637188
7.801904761904762
8.312743764172335
8.823582766439909
9.334421768707482
9.845260770975056
10.356099773242631
10.866938775510205
11.377777777777778
11.911836734693878
12.422675736961452
12.933514739229025
13.444353741496599
13.955192743764172
14.466031746031746
14.97687074829932
15.487709750566893
15.998548752834466
16.50938775510204
17.020226757369613
17.531065759637187
18.04190476190476
18.575963718820862
19.086802721088436
19.59764172335601
20.108480725623583
20.619319727891156
21.13015873015873
21.640997732426303
22.151836734693877
22.66267573696145
23.173514739229024
23.684353741496597
24.2184126984127
24.729251700680273
25.240090702947846
25.75092970521542
26.23854875283447
26.772607709750567
27.28344671201814
27.794285714285714
28.305124716553287
28.81596371882086
29.326802721088434
29.837641723356008
30.34848072562358
30.882539682539683
31.393378684807256
31.90421768707483
32.41505668934241
32.92589569160998
33.436734693877554
33.94757369614513
34.4584126984127
34.969251700680275
35.48009070294785
36.014149659863946
36.52498866213152
37.03582766439909
37.54666666666667
38.05750566893424
38.568344671201814
39.07918367346939
39.59002267573696
40.100861678004534
40.61170068027211
41.12253968253968
41.65659863945578
42.16743764172335
42.67827664399093
43.1891156462585
43.699954648526074
44.210793650793654
44.72163265306123
45.2324716553288
45.743310657596375
46.25414965986395
46.76498866213152
47.275827664399095
47.78666666666667
48.29750566893424
48.808344671201816
49.342403628117914
49.85324263038549
50.36408163265306
50.874920634920635
51.38575963718821
51.89659863945578
52.407437641723355
52.91827664399093
53.4291156462585
53.9631746031746
54.474013605442174
54.98485260770975
55.49569160997732
56.006530612244894
56.517369614512475
57.02820861678005
57.53904761904762
58.049886621315196
58.56072562358277
59.07156462585034
59.582403628117916
60.09324263038549
60.60408163265306
61.13814058956916
61.648979591836735
62.15981859410431
62.67065759637188
63.181496598639455
63.69233560090703
64.2031746031746
64.71401360544218
65.22485260770975
65.75891156462585
66.26975056689342
66.75736961451247
67.29142857142857
67.80226757369614
68.31310657596372
68.82394557823129
69.33478458049886
69.84562358276644
70.35646258503401
70.86730158730158
71.37814058956916
71.88897959183673
72.3998185941043
72.9338775510204
73.44471655328798
73.95555555555555
74.46639455782314
74.97723356009071
75.48807256235828
75.99891156462586
76.50975056689343
77.020589569161
77.53142857142858
78.04226757369615
78.55310657596372
79.0639455782313
79.57478458049887
80.10884353741497
80.61968253968254
81.13052154195012
81.64136054421769
82.15219954648526
82.66303854875284
83.17387755102041
83.70793650793651
84.21877551020408
84.72961451247166
85.24045351473923
85.7512925170068
86.26213151927438
86.77297052154195
87.28380952380952
87.7946485260771
88.30548752834467
88.81632653061224
89.32716553287982
89.86122448979592
90.37206349206349
90.88290249433106
91.39374149659864
91.90458049886621
92.41541950113378
92.92625850340136
93.43709750566893
93.9479365079365
94.45877551020408
94.96961451247165
95.50367346938775
95.9912925170068
96.5253514739229
97.03619047619047
97.54702947845804
98.05786848072562
98.56870748299319
99.07954648526078
99.59038548752835
100.10122448979592
100.6120634920635
101.12290249433107
101.65696145124717
102.16780045351474
102.67863945578232
103.18947845804989
103.70031746031746
104.21115646258504
104.72199546485261
105.23283446712018
105.74367346938776
106.25451247165533
106.7653514739229
107.299410430839
107.81024943310658
108.32108843537415
108.83192743764172
109.3427664399093
109.83038548752835
110.36444444444444
110.87528344671202
111.38612244897959
111.89696145124717
112.40780045351474
112.91863945578231
113.42947845804989
113.94031746031746
114.45115646258503
114.98521541950113
115.4960544217687
116.00689342403628
116.51773242630385
117.02857142857142
117.539410430839
118.05024943310657
118.56108843537415
119.07192743764172
119.60598639455782
120.11682539682539
120.62766439909296
121.13850340136054
121.64934240362811
122.16018140589568
122.67102040816326
123.18185941043085
123.69269841269842
124.203537414966
124.71437641723357
125.22521541950114
125.73605442176871
126.24689342403629
126.75773242630386
127.29179138321996
127.80263038548753
128.3134693877551
128.82430839002268
129.33514739229025
129.84598639455783
130.3568253968254
130.86766439909297
131.40172335600906
131.91256235827663
132.4001814058957
132.93424036281178
133.44507936507935
133.95591836734692
134.4667573696145
134.9775963718821
135.48843537414967
136.02249433106576
136.53333333333333
137.0441723356009
137.55501133786848
138.06585034013605
138.57668934240363
139.0643083900227
139.59836734693877
140.10920634920635
140.62004535147392
141.1308843537415
141.64172335600907
142.15256235827664
142.6634013605442
143.19746031746033
143.7082993197279
144.21913832199547
144.72997732426305
145.24081632653062
145.7516553287982
146.26249433106577
146.77333333333334
147.2841723356009
147.818231292517
148.32907029478457
148.83990929705215
149.3275283446712
149.83836734693878
150.34920634920636
150.88326530612244
151.39410430839
151.9049433106576
152.41578231292516
152.92662131519273
153.4374603174603
153.94829931972788
154.45913832199545
154.96997732426303
155.4808163265306
155.99165532879817
156.5257142857143
157.03655328798186
157.54739229024943
158.058231292517
158.56907029478458
159.07990929705215
159.59074829931973
160.1015873015873
160.6356462585034
161.146485260771
161.65732426303856
162.16816326530613
162.65578231292517
163.16662131519274
163.67746031746032
164.21151927437643
164.722358276644
165.23319727891158
165.74403628117915
166.25487528344672
166.7657142857143
167.29977324263038
167.78739229024944
168.32145124716553
168.8322902494331
169.34312925170067
169.85396825396825
170.36480725623582
170.8756462585034
171.38648526077097
171.89732426303854
172.40816326530611
172.94222222222223
173.4530612244898
173.96390022675737
174.47473922902495
174.96235827664398
175.47319727891156
175.98403628117913
176.51809523809524
177.02893424036282
177.5397732426304
178.05061224489796
178.56145124716554
179.0722902494331
179.58312925170068
180.09396825396826
180.62802721088434
181.1388662131519
181.6497052154195
