0.16253968253968254
0.7894784580498866
1.4628571428571429
2.136235827664399
2.7631746031746034
3.3901133786848074
4.040272108843538
4.667210884353741
5.270929705215419
5.828208616780046
6.455147392290249
7.1053061224489795
7.75546485260771
8.40562358276644
9.05578231292517
9.7059410430839
10.356099773242631
10.983038548752834
11.633197278911565
12.283356009070294
12.979954648526077
13.699773242630386
14.349931972789115
15.000090702947846
15.62702947845805
16.27718820861678
16.950566893424035
17.57750566893424
18.22766439909297
18.854603174603174
19.52798185941043
20.154920634920636
20.805079365079365
21.455238095238094
22.105396825396827
22.732335600907028
23.38249433106576
24.03265306122449
24.68281179138322
25.309750566893424
25.959909297052153
26.610068027210886
27.260226757369615
27.88716553287982
28.53732426303855
29.18748299319728
29.837641723356008
30.418140589569163
31.114739229024945
31.764897959183674
32.41505668934241
33.065215419501136
33.715374149659866
34.34231292517007
35.015691609977324
35.64263038548753
36.29278911564626
36.94294784580499
37.593106575963716
38.22004535147392
38.87020408163265
39.497142857142855
40.147301587301584
40.79746031746032
41.44761904761905
42.074557823129254
42.74793650793651
43.39809523809524
44.02503401360544
44.67519274376417
45.3253514739229
45.952290249433105
46.57922902494331
47.25260770975056
47.9027664399093
48.55292517006803
49.179863945578234
49.83002267573696
50.48018140589569
51.13034013605442
51.757278911564626
52.407437641723355
53.057596371882084
53.707755102040814
54.35791383219954
54.98485260770975
55.635011337868484
56.28517006802721
56.93532879818594
57.58548752834467
58.2356462585034
58.862585034013605
59.512743764172335
60.162902494331064
60.81306122448979
61.44
62.09015873015873
62.74031746031746
63.39047619047619
64.04063492063491
64.66757369614513
65.31773242630385
65.96789115646258
66.61804988662132
67.24498866213152
67.89514739229026
68.5685260770975
69.19546485260771
69.84562358276644
70.47256235827665
71.1459410430839
71.7728798185941
72.3998185941043
73.04997732426304
73.70013605442176
74.3502947845805
74.8843537414966
75.48807256235828
76.138231292517
76.85804988662132
77.57786848072563
78.22802721088435
78.87818594104309
79.52834467120181
80.15528344671202
80.80544217687074
81.45560090702948
82.08253968253969
82.73269841269841
83.38285714285715
84.03301587301587
84.6831746031746
85.3101133786848
85.96027210884354
86.61043083900226
87.260589569161
87.91074829931972
88.53768707482993
89.18784580498867
89.83800453514739
90.48816326530613
91.11510204081632
91.78848072562359
92.41541950113378
93.06557823129252
93.69251700680272
94.34267573696145
94.99283446712018
95.64299319727891
96.26993197278911
96.92009070294785
97.57024943310658
98.2204081632653
98.87056689342404
99.52072562358276
100.1708843537415
100.7978231292517
101.44798185941043
102.09814058956916
102.74829931972789
103.39845804988663
104.02539682539683
104.67555555555556
105.32571428571428
105.97587301587302
106.60281179138322
107.27619047619048
107.90312925170068
108.55328798185941
109.18022675736961
109.83038548752835
110.48054421768707
111.1307029478458
111.78086167800454
112.43102040816326
113.05795918367347
113.7081179138322
114.33505668934241
115.00843537414966
115.63537414965987
116.28553287981859
116.93569160997733
117.58585034013605
118.23600907029478
118.86294784580498
119.51310657596372
120.16326530612245
120.81342403628118
121.44036281179139
122.09052154195011
122.74068027210885
123.36761904761904
124.01777777777778
124.64471655328798
125.31809523809524
125.96825396825396
126.6184126984127
127.24535147392291
127.89551020408163
128.54566893424035
129.1958276643991
129.8227664399093
130.47292517006804
131.12308390022676
131.75002267573697
132.4001814058957
133.05034013605442
133.70049886621314
134.3738775510204
134.9775963718821
135.62775510204082
136.27791383219954
136.92807256235827
137.57823129251702
138.22839002267574
138.87854875283446
139.50548752834467
140.13242630385488
140.66648526077097
141.33986394557823
142.08290249433108
142.7330612244898
143.38321995464852
144.03337868480725
144.683537414966
145.31047619047618
145.96063492063493
146.61079365079365
147.23773242630386
147.9111111111111
148.56126984126985
149.18820861678006
149.83836734693878
150.4885260770975
151.13868480725623
151.76562358276644
152.41578231292516
153.04272108843537
153.71609977324263
154.36625850340135
154.99319727891157
155.6433560090703
156.29351473922904
156.94367346938776
157.57061224489797
158.2207709750567
158.87092970521542
159.52108843537414
160.1712471655329
160.79818594104307
161.44834467120182
162.09850340136055
162.72544217687076
163.37560090702948
164.0257596371882
164.67591836734695
165.32607709750567
165.9530158730159
166.62639455782312
167.25333333333333
167.90349206349205
168.5536507936508
169.20380952380953
169.85396825396825
170.48090702947846
171.13106575963718
171.78122448979593
172.40816326530611
173.05832199546487
173.7084807256236
174.3586394557823
175.00879818594103
175.65895691609978
176.28589569160997
176.93605442176872
