0.09287981859410431
0.6733786848072563
1.2770975056689342
1.8343764172335602
2.391655328798186
2.948934240362812
3.5294331065759637
4.1099319727891155
4.667210884353741
5.2477097505668935
5.804988662131519
6.3854875283446715
6.942766439909297
7.523265306122449
8.103764172335602
8.684263038548753
9.264761904761905
9.822040816326531
10.402539682539683
10.95981859410431
11.54031746031746
12.097596371882085
12.678095238095239
13.235374149659863
13.815873015873017
14.396371882086168
14.97687074829932
15.534149659863946
16.091428571428573
16.671927437641724
17.22920634920635
17.809705215419502
18.390204081632653
18.94748299319728
19.52798185941043
20.108480725623583
20.66575963718821
21.24625850340136
21.826757369614512
22.38403628117914
22.96453514739229
23.521814058956917
24.102312925170068
24.659591836734695
25.240090702947846
25.820589569160997
26.377868480725624
26.958367346938775
27.515646258503402
28.096145124716553
28.65342403628118
29.23392290249433
29.814421768707483
30.394920634920634
30.95219954648526
31.532698412698412
32.113197278911564
32.670476190476194
33.25097505668934
33.80825396825397
34.38875283446712
34.969251700680275
35.5265306122449
36.10702947845805
36.664308390022676
37.24480725623583
37.802086167800454
38.38258503401361
38.963083900226756
39.52036281179139
40.100861678004534
40.658140589569165
41.23863945578231
41.795918367346935
42.37641723356009
42.956916099773245
43.53741496598639
44.09469387755102
44.67519274376417
45.2324716553288
45.81297052154195
46.37024943310658
46.95074829931973
47.53124716553288
48.088526077097505
48.66902494331066
49.24952380952381
49.80680272108844
50.387301587301586
50.944580498866216
51.525079365079364
52.10557823129252
52.66285714285714
53.2433560090703
53.80063492063492
54.381133786848075
54.96163265306122
55.54213151927438
56.099410430839
56.679909297052156
57.23718820861678
57.817687074829934
58.39818594104308
58.95546485260771
59.53596371882086
60.09324263038549
60.67374149659864
61.25424036281179
61.811519274376415
62.39201814058957
62.94929705215419
63.52979591836735
64.1102947845805
64.66757369614513
65.24807256235827
65.82857142857142
66.38585034013606
66.96634920634921
67.52362811791383
68.10412698412698
68.66140589569162
69.24190476190476
69.82240362811791
70.37968253968253
70.9601814058957
71.54068027210884
72.09795918367347
72.67845804988661
73.25895691609978
73.8162358276644
74.39673469387755
74.95401360544217
75.53451247165533
76.09179138321996
76.6722902494331
77.22956916099773
77.81006802721089
78.39056689342404
78.97106575963718
79.52834467120181
80.10884353741497
80.66612244897959
81.24662131519274
81.80390022675736
82.38439909297053
82.96489795918367
83.47573696145125
84.10267573696144
84.6831746031746
85.24045351473923
85.82095238095238
86.378231292517
86.95873015873016
87.51600907029479
88.09650793650793
88.6770068027211
89.25750566893424
89.81478458049887
90.39528344671201
90.95256235827664
91.5330612244898
92.11356009070295
92.67083900226757
93.25133786848073
93.80861678004536
94.3891156462585
94.96961451247165
95.52689342403629
96.10739229024944
96.66467120181406
97.2451700680272
97.80244897959183
98.38294784580499
98.96344671201814
99.54394557823129
100.10122448979592
100.65850340136055
101.2390022675737
101.81950113378684
102.37678004535148
102.95727891156463
103.53777777777778
104.11827664399092
104.67555555555556
105.25605442176871
105.81333333333333
106.39383219954648
106.95111111111112
107.53160997732427
108.11210884353741
108.66938775510204
109.2498866213152
109.80716553287982
110.38766439909297
110.94494331065759
111.52544217687075
112.1059410430839
112.68643990929705
113.24371882086167
113.82421768707484
114.38149659863946
114.9619954648526
115.51927437641723
116.09977324263039
116.68027210884354
117.23755102040816
117.81804988662131
118.39854875283447
118.9558276643991
119.53632653061224
120.09360544217687
120.67410430839003
121.25460317460318
121.8118820861678
122.39238095238095
122.97287981859411
123.53015873015873
124.11065759637188
124.6679365079365
125.24843537414966
125.80571428571429
126.38621315192744
126.96671201814058
127.52399092970522
128.10448979591837
128.68498866213153
129.24226757369615
129.8227664399093
130.40326530612245
130.9837641723356
131.54104308390023
132.09832199546486
132.678820861678
133.25931972789115
133.81659863945578
134.3738775510204
134.93115646258502
135.51165532879818
136.09215419501135
136.67265306122448
137.25315192743764
137.81043083900227
138.39092970521543
138.97142857142856
139.52870748299318
140.10920634920635
140.6897052154195
141.24698412698413
141.82748299319726
142.38476190476192
142.96526077097505
143.5457596371882
144.10303854875283
144.683537414966
145.24081632653062
145.82131519274375
146.37859410430838
146.95909297052154
147.5395918367347
148.09687074829932
148.67736961451246
149.25786848072562
149.81514739229024
150.3956462585034
150.97614512471657
151.5334240362812
152.11392290249432
152.67120181405895
153.2517006802721
153.80897959183673
154.3894784580499
154.96997732426303
155.52725623582765
156.0845351473923
156.66503401360544
157.2455328798186
157.80281179138322
158.38331065759638
158.96380952380952
159.54430839002268
160.1015873015873
160.68208616780046
161.2625850340136
161.84308390022676
162.40036281179138
162.957641723356
163.53814058956917
164.0954195011338
164.67591836734695
165.2564172335601
165.8136961451247
166.39419501133787
166.9514739229025
167.53197278911566
168.1124716553288
168.6697505668934
169.25024943310657
169.83074829931974
170.38802721088436
170.9685260770975
171.52580498866214
172.10630385487528
172.6635827664399
173.24408163265306
173.82458049886623
174.40507936507936
174.96235827664398
175.54285714285714
176.10013605442177
176.68063492063493
177.23791383219955
177.8184126984127
178.37569160997734
178.95619047619047
179.53668934240363
180.11718820861677
180.67446712018142
181.25496598639455
181.81224489795918
182.39274376417234
182.9732426303855
183.53052154195012
184.08780045351475
184.66829931972788
185.24879818594104
185.8292970521542
186.40979591836734
186.96707482993196
187.54757369614512
188.10485260770974
188.6853514739229
189.24263038548753
189.8231292517007
190.40362811791383
190.96090702947845
191.5414058956916
192.12190476190477
192.6791836734694
193.25968253968253
193.81696145124715
194.39746031746031
194.97795918367348
195.5352380952381
196.11573696145123
196.67301587301588
197.25351473922902
197.81079365079364
198.3912925170068
198.97179138321997
199.5290702947846
200.10956916099772
200.69006802721088
201.27056689342405
201.82784580498867
202.3851247165533
202.96562358276643
203.5461224489796
204.1034013605442
204.68390022675737
205.26439909297054
205.82167800453516
206.4021768707483
206.95945578231292
207.53995464852608
208.12045351473924
208.67773242630386
209.258231292517
209.81551020408162
210.39600907029478
210.97650793650794
211.53378684807257
212.11428571428573
212.67156462585035
213.25206349206348
213.83256235827665
214.38984126984127
214.97034013605443
215.52761904761905
216.1081179138322
216.68861678004535
217.24589569160997
217.82639455782314
218.38367346938776
218.96417233560092
219.54467120181405
220.10195011337868
220.68244897959184
221.262947845805
221.82022675736962
222.40072562358276
222.95800453514738
223.53850340136054
224.1190022675737
224.67628117913833
225.25678004535146
225.8140589569161
226.39455782312925
226.9750566893424
227.53233560090703
228.1128344671202
228.69333333333333
229.25061224489795
229.8311111111111
230.38839002267574
230.9688888888889
231.54938775510203
232.10666666666665
232.68716553287982
233.24444444444444
233.8249433106576
234.40544217687074
234.9627210884354
