0.13931972789115646
0.7894784580498866
1.4164172335600906
2.043356009070295
2.670294784580499
3.297233560090703
3.924172335600907
4.527891156462585
5.154829931972789
5.7817687074829935
6.408707482993197
7.035646258503402
7.63936507936508
8.266303854875284
8.916462585034013
9.520181405895691
10.147120181405896
10.7740589569161
11.400997732426303
12.004716553287983
12.654875283446712
13.25859410430839
13.908752834467121
14.512471655328799
15.139410430839002
15.766349206349206
16.39328798185941
17.020226757369613
17.647165532879818
18.250884353741498
18.901043083900227
19.504761904761907
20.154920634920636
20.758639455782312
21.408798185941045
22.01251700680272
22.639455782312925
23.26639455782313
23.91655328798186
24.52027210884354
25.14721088435374
25.75092970521542
26.40108843537415
27.00480725623583
27.654965986394558
28.258684807256238
28.908843537414967
29.512562358276643
30.139501133786847
30.766439909297052
31.393378684807256
32.02031746031746
32.64725623582766
33.274195011337866
33.90113378684807
34.528072562358275
35.15501133786848
35.75873015873016
36.40888888888889
37.01260770975057
37.63954648526077
38.26648526077098
38.91664399092971
39.52036281179139
40.147301587301584
40.77424036281179
41.40117913832199
42.00489795918367
42.6550566893424
43.25877551020408
43.90893424036281
44.51265306122449
45.16281179138322
45.7665306122449
46.41668934240363
47.02040816326531
47.64734693877551
48.27428571428572
48.901224489795915
49.52816326530612
50.155102040816324
50.758820861678004
51.40897959183673
52.03591836734694
52.66285714285714
53.289795918367346
53.893514739229026
54.52045351473923
55.147392290249435
55.77433106575964
56.401269841269844
57.02820861678005
57.655147392290246
58.28208616780045
58.909024943310655
59.53596371882086
60.162902494331064
60.766621315192744
61.39356009070295
62.02049886621315
62.64743764172336
63.27437641723356
63.901315192743766
64.52825396825396
65.15519274376418
65.78213151927437
66.40907029478458
67.03600907029478
67.662947845805
68.28988662131519
68.89360544217688
69.52054421768707
70.14748299319727
70.77442176870748
71.40136054421768
72.02829931972789
72.65523809523809
73.25895691609978
73.9091156462585
74.51283446712019
75.13977324263038
75.7667120181406
76.39365079365079
77.020589569161
77.6475283446712
78.27446712018141
78.90140589569161
79.50512471655328
80.15528344671202
80.75900226757369
81.40916099773243
82.0128798185941
82.63981859410431
83.26675736961451
83.89369614512472
84.52063492063492
85.14757369614513
85.77451247165533
86.40145124716554
87.00517006802721
87.65532879818593
88.25904761904762
88.90920634920634
89.51292517006803
90.16308390022675
90.76680272108844
91.41696145124716
92.02068027210885
92.64761904761905
93.25133786848073
93.90149659863945
94.52843537414967
95.15537414965986
95.75909297052154
96.40925170068027
97.01297052154194
97.63990929705216
98.26684807256235
98.91700680272109
99.52072562358276
100.14766439909297
100.75138321995465
101.40154195011338
102.00526077097506
102.65541950113379
103.25913832199547
103.9092970521542
104.51301587301587
105.13995464852607
105.76689342403628
106.417052154195
107.02077097505669
107.64770975056689
108.25142857142858
108.9015873015873
109.52852607709751
110.15546485260771
110.7591836734694
111.40934240362812
112.03628117913833
112.66321995464853
113.29015873015874
113.89387755102041
114.5208163265306
115.14775510204082
115.77469387755102
116.40163265306123
117.02857142857142
117.65551020408164
118.28244897959183
118.90938775510205
119.53632653061224
120.16326530612245
120.79020408163265
121.39392290249432
122.02086167800454
122.64780045351473
123.27473922902495
123.90167800453514
124.52861678004535
125.15555555555555
125.78249433106576
126.40943310657596
127.03637188208617
127.66331065759637
128.29024943310657
128.89396825396827
129.52090702947845
130.14784580498866
130.77478458049887
131.40172335600906
132.00544217687076
132.65560090702948
133.25931972789115
133.90947845804988
134.51319727891158
135.14013605442176
135.76707482993197
136.39401360544218
137.0209523809524
137.64789115646258
138.2748299319728
138.901768707483
139.50548752834467
140.1556462585034
140.75936507936507
141.40952380952382
142.0132426303855
142.6401814058957
143.2671201814059
143.8940589569161
144.5209977324263
145.14793650793652
145.7748752834467
146.40181405895692
147.0055328798186
147.6556916099773
148.259410430839
148.90956916099773
149.53650793650795
150.16344671201813
150.79038548752834
151.39410430839
152.02104308390022
152.64798185941044
153.27492063492065
153.90185941043083
154.52879818594104
155.15573696145125
155.78267573696147
156.40961451247165
157.01333333333332
157.64027210884353
158.26721088435374
158.89414965986396
159.52108843537414
160.14802721088435
160.77496598639456
161.40190476190477
162.02884353741496
162.63256235827666
163.28272108843538
163.88643990929705
164.53659863945578
165.14031746031745
165.7904761904762
166.41741496598638
167.02113378684808
167.64807256235827
168.27501133786848
168.9019501133787
169.5288888888889
170.06294784580498
170.6202267573696
171.15428571428572
171.7580045351474
172.36172335600907
172.98866213151928
173.6156009070295
174.24253968253967
174.86947845804988
175.4964172335601
176.1233560090703
176.72707482993198
177.33079365079365
177.98095238095237
178.63111111111112
179.2348299319728
179.86176870748298
180.4887074829932
181.1156462585034
181.74258503401362
182.3695238095238
182.996462585034
183.62340136054422
184.25034013605443
184.87727891156462
185.50421768707483
186.13115646258504
186.7348752834467
187.36181405895692
188.10485260770974
188.75501133786847
189.52126984126983
190.14820861678004
190.77514739229025
191.40208616780046
192.02902494331065
192.65596371882086
193.28290249433107
193.90984126984128
194.51356009070295
195.14049886621316
195.76743764172335
196.39437641723356
197.02131519274377
197.64825396825398
198.27519274376417
198.90213151927438
199.5290702947846
200.15600907029477
200.75972789115647
201.38666666666666
202.01360544217687
202.64054421768708
203.2674829931973
203.89442176870747
204.52136054421769
205.1482993197279
205.7752380952381
206.4021768707483
207.0291156462585
207.65605442176872
208.2597732426304
208.9099319727891
209.53687074829932
210.16380952380953
210.7675283446712
211.39446712018142
212.0214058956916
212.6483446712018
213.27528344671202
213.90222222222224
214.52916099773242
215.15609977324263
215.78303854875284
216.40997732426302
217.03691609977324
217.66385487528345
218.26757369614512
218.89451247165533
219.52145124716554
220.17160997732427
220.79854875283448
221.42548752834466
222.05242630385487
222.67936507936508
223.28308390022676
223.91002267573697
224.5601814058957
