0.09287981859410431
0.6965986394557823
1.3699773242630386
2.020136054421769
2.670294784580499
3.297233560090703
4.156371882086168
4.806530612244898
5.363809523809524
5.897868480725624
6.524807256235827
7.22140589569161
7.87156462585034
8.52172335600907
9.380861678004536
10.031020408163265
10.704399092970522
11.354557823129252
12.004716553287983
12.654875283446712
13.281814058956916
13.931972789115646
14.605351473922903
15.255510204081633
15.928888888888888
16.579047619047618
17.205986394557822
17.87936507936508
18.52952380952381
19.17968253968254
19.82984126984127
20.48
21.13015873015873
21.78031746031746
22.430476190476192
23.289614512471655
23.962993197278912
24.61315192743764
25.26331065759637
25.913469387755104
26.540408163265305
27.213786848072562
27.88716553287982
28.53732426303855
29.18748299319728
29.837641723356008
30.48780045351474
31.13795918367347
31.834557823129252
32.48471655328798
33.111655328798186
33.73859410430839
34.38875283446712
35.03891156462585
35.71229024943311
36.36244897959184
37.10548752834467
37.871746031746035
38.521904761904764
39.19528344671202
39.84544217687075
40.518820861678
41.19219954648526
41.86557823129252
42.44607709750567
43.0962358276644
43.74639455782313
44.39655328798186
45.04671201814059
45.69687074829932
46.34702947845805
47.02040816326531
47.64734693877551
48.29750566893424
48.970884353741496
49.621043083900226
50.271201814058955
50.921360544217684
51.57151927437642
52.22167800453515
52.87183673469388
53.52199546485261
54.17215419501134
54.84553287981859
55.49569160997732
56.14585034013606
56.79600907029479
57.446167800453516
58.096326530612245
58.746485260770974
59.396643990929704
60.04680272108843
60.69696145124716
61.3471201814059
61.99727891156463
62.64743764172336
63.32081632653061
63.97097505668934
64.62113378684808
65.2712925170068
65.92145124716554
66.57160997732426
67.221768707483
67.87192743764173
68.52208616780045
69.19546485260771
69.96172335600907
70.68154195011338
71.3317006802721
72.00507936507937
72.65523809523809
73.30539682539683
73.95555555555555
74.62893424036281
75.46485260770974
76.11501133786848
76.78839002267574
77.43854875283446
78.0887074829932
78.94784580498866
79.62122448979592
80.27138321995464
80.92154195011338
81.57170068027212
82.361179138322
83.0809977324263
83.73115646258503
84.4045351473923
85.05469387755102
85.91383219954649
86.56399092970521
87.14448979591836
87.67854875283447
88.30548752834467
88.9556462585034
89.62902494331065
90.27918367346939
90.92934240362811
91.60272108843537
92.22965986394559
92.87981859410431
93.52997732426304
94.18013605442177
94.8302947845805
95.48045351473922
96.13061224489796
96.80399092970522
97.45414965986394
98.10430839002268
98.7544671201814
99.40462585034014
100.05478458049886
100.7049433106576
101.35510204081632
102.00526077097506
102.65541950113379
103.30557823129251
103.95573696145125
104.60589569160997
105.27927437641723
105.92943310657597
106.57959183673469
107.22975056689343
107.87990929705215
108.53006802721089
109.18022675736961
109.83038548752835
110.48054421768707
111.1307029478458
111.78086167800454
112.43102040816326
113.10439909297052
113.75455782312925
114.40471655328798
115.0548752834467
115.70503401360544
116.35519274376418
116.93569160997733
117.51619047619047
118.09668934240362
118.74684807256236
119.3970068027211
120.04716553287982
120.69732426303855
121.34748299319727
122.02086167800454
122.67102040816326
123.321179138322
123.97133786848073
124.62149659863945
125.27165532879819
125.92181405895691
126.57197278911565
127.22213151927437
127.8722902494331
128.52244897959184
129.17260770975057
129.8227664399093
130.49614512471655
131.12308390022676
131.77324263038548
132.4234013605442
133.07356009070295
133.63083900226758
134.16489795918366
134.8150566893424
135.46521541950113
136.11537414965986
136.78875283446712
137.43891156462584
138.0890702947846
138.7392290249433
139.38938775510204
140.03954648526076
140.5968253968254
141.1308843537415
141.7578231292517
142.38476190476192
143.0813605442177
143.7315192743764
144.59065759637187
145.26403628117913
145.89097505668934
146.5875736961451
147.21451247165533
147.8878911564626
148.5380498866213
149.21142857142857
149.81514739229024
150.465306122449
151.13868480725623
151.78884353741498
152.4390022675737
153.08916099773242
153.73931972789114
154.3894784580499
155.03963718820862
155.68979591836734
156.22385487528345
156.78113378684807
157.45451247165533
158.10467120181406
158.75482993197278
159.40498866213153
160.05514739229025
160.70530612244897
161.3554648526077
162.00562358276645
162.65578231292517
163.3059410430839
163.95609977324264
164.60625850340136
165.2564172335601
165.92979591836735
166.57995464852607
167.23011337868482
167.88027210884354
168.53043083900226
169.180589569161
169.83074829931974
170.48090702947846
171.13106575963718
171.78122448979593
172.43138321995465
173.10476190476192
173.75492063492064
174.40507936507936
175.05523809523808
175.70539682539683
176.35555555555555
177.00571428571428
177.65587301587303
178.30603174603175
178.95619047619047
179.6063492063492
180.25650793650794
180.9298866213152
181.58004535147393
182.23020408163265
182.88036281179137
183.53052154195012
184.18068027210884
184.80761904761906
185.45777777777778
186.1079365079365
186.78131519274376
187.59401360544217
188.29061224489797
188.9407709750567
189.59092970521542
190.26430839002268
