0.13931972789115646
0.603718820861678
1.0681179138321995
1.5325170068027212
1.9969160997732427
2.461315192743764
2.9257142857142857
3.3668934240362813
3.8545124716553287
4.295691609977324
4.760090702947846
5.224489795918367
5.688888888888889
6.15328798185941
6.594467120181406
7.058866213151927
7.523265306122449
7.987664399092971
8.452063492063493
8.916462585034013
9.380861678004536
9.845260770975056
10.309659863945578
10.750839002267574
11.23845804988662
11.679637188208616
12.144036281179138
12.60843537414966
13.072834467120181
13.537233560090703
14.001632653061224
14.44281179138322
14.907210884353741
15.371609977324264
15.836009070294784
16.300408163265306
16.764807256235827
17.22920634920635
17.69360544217687
18.15800453514739
18.622403628117915
19.06358276643991
19.52798185941043
19.99238095238095
20.456780045351476
20.921179138321996
21.385578231292516
21.849977324263037
22.31437641723356
22.755555555555556
23.219954648526077
23.684353741496597
24.14875283446712
24.61315192743764
25.077551020408162
25.541950113378686
26.006349206349206
26.470748299319727
26.911927437641722
27.376326530612246
27.840725623582767
28.305124716553287
28.76952380952381
29.23392290249433
29.675102040816327
30.116281179138323
30.603900226757368
31.068299319727892
31.532698412698412
31.997097505668933
32.46149659863946
32.92589569160998
33.3902947845805
33.85469387755102
34.29587301587301
34.76027210884354
35.22467120181406
35.68907029478458
36.1534693877551
36.617868480725626
37.08226757369614
37.54666666666667
37.98784580498866
38.45224489795918
38.91664399092971
39.381043083900224
39.84544217687075
40.30984126984127
40.77424036281179
41.23863945578231
41.67981859410431
42.14421768707483
42.60861678004535
43.073015873015876
43.53741496598639
44.00181405895692
44.46621315192744
44.93061224489796
45.37179138321996
45.836190476190474
46.300589569161
46.76498866213152
47.22938775510204
47.69378684807256
48.15818594104309
48.6225850340136
49.08698412698413
49.52816326530612
49.99256235827664
50.45696145124717
50.921360544217684
51.38575963718821
51.82693877551021
52.291337868480724
52.75573696145125
53.22013605442177
53.68453514739229
54.14893424036281
54.61333333333334
55.077732426303854
55.54213151927438
56.006530612244894
56.447709750566894
56.91210884353742
57.376507936507934
57.84090702947846
58.30530612244898
58.7697052154195
59.23410430839002
59.69850340136055
60.13968253968254
60.60408163265306
61.06848072562358
61.532879818594104
61.99727891156463
62.461678004535145
62.92607709750567
63.39047619047619
63.831655328798185
64.2960544217687
64.76045351473923
65.22485260770975
65.68925170068027
66.1536507936508
66.61804988662132
67.08244897959183
67.52362811791383
67.98802721088435
68.45242630385488
68.9168253968254
69.38122448979591
69.84562358276644
70.31002267573696
70.77442176870748
71.21560090702948
71.68
72.14439909297052
72.60879818594104
73.07319727891156
73.53759637188209
74.00199546485261
74.46639455782314
74.93079365079365
75.37197278911565
75.83637188208617
76.3007709750567
76.76517006802722
77.22956916099773
77.69396825396825
78.15836734693877
78.6227664399093
79.0639455782313
79.52834467120181
79.99274376417233
80.45714285714286
80.89832199546485
81.36272108843538
81.8271201814059
82.29151927437641
82.77913832199546
83.24353741496599
83.70793650793651
84.17233560090703
84.61351473922902
85.05469387755102
85.54231292517007
85.98349206349206
86.44789115646259
86.91229024943311
87.37668934240362
87.84108843537415
88.30548752834467
88.7698866213152
89.23428571428572
89.6754648526077
90.13986394557823
90.60426303854875
91.06866213151928
91.5330612244898
91.99746031746032
92.46185941043083
92.92625850340136
93.39065759637188
93.83183673469388
94.22657596371882
94.62131519274377
95.10893424036281
95.52689342403629
95.9912925170068
96.45569160997732
96.92009070294785
97.38448979591837
97.8488888888889
98.29006802721088
98.7544671201814
99.21886621315193
99.75292517006802
100.28698412698412
100.75138321995465
101.21578231292517
101.6801814058957
102.14458049886622
102.60897959183673
103.07337868480725
103.53777777777778
104.0021768707483
104.46657596371882
104.90775510204081
105.37215419501133
105.83655328798186
106.30095238095238
106.7653514739229
107.22975056689343
107.69414965986394
108.15854875283446
108.59972789115646
109.06412698412699
109.52852607709751
109.99292517006803
110.45732426303854
110.92172335600907
111.38612244897959
111.82730158730159
112.29170068027211
112.75609977324262
113.22049886621315
113.68489795918367
114.1492970521542
114.61369614512472
115.07809523809524
115.54249433106575
116.00689342403628
116.44807256235828
116.9124716553288
117.37687074829932
117.84126984126983
118.30566893424036
118.77006802721088
119.21124716553288
119.6756462585034
120.14004535147393
120.60444444444444
121.06884353741496
121.53324263038549
121.99764172335601
122.46204081632654
122.92643990929706
123.39083900226757
123.83201814058957
124.29641723356009
124.76081632653062
125.22521541950114
125.68961451247165
126.15401360544217
126.6184126984127
127.08281179138322
127.52399092970522
127.98839002267573
128.45278911564625
128.91718820861678
129.3815873015873
129.84598639455783
130.31038548752835
130.77478458049887
131.21596371882086
131.68036281179138
132.1447619047619
132.60916099773243
133.07356009070295
133.53795918367348
134.002358276644
134.4667573696145
134.9079365079365
135.37233560090704
135.83673469387756
136.30113378684808
136.7655328798186
137.2299319727891
137.69433106575963
138.13551020408164
138.59990929705216
139.0643083900227
139.52870748299318
139.9931065759637
140.45750566893423
140.92190476190476
141.38630385487528
141.82748299319726
142.31510204081633
142.7562811791383
143.22068027210884
143.68507936507936
144.14947845804988
144.6138775510204
145.07827664399093
145.54267573696146
145.98385487528344
146.44825396825397
146.9126530612245
147.377052154195
147.84145124716554
148.30585034013606
148.77024943310659
149.2346485260771
149.6758276643991
150.14022675736962
150.60462585034014
151.06902494331067
151.5334240362812
151.9978231292517
152.4622222222222
152.92662131519273
153.39102040816326
153.83219954648527
154.2965986394558
154.7609977324263
155.2253968253968
155.68979591836734
156.15419501133786
156.59537414965988
157.0597732426304
157.5241723356009
157.98857142857142
158.45297052154194
158.91736961451247
159.381768707483
159.84616780045351
160.31056689342404
160.77496598639456
161.21614512471655
161.68054421768707
162.1449433106576
162.60934240362812
163.07374149659864
163.53814058956917
164.0025396825397
164.46693877551022
164.93133786848074
165.37251700680272
165.83691609977325
166.30131519274377
166.7657142857143
167.23011337868482
167.69451247165532
168.13569160997733
168.60009070294785
169.06448979591838
169.5288888888889
169.99328798185942
170.45768707482992
170.92208616780044
171.36326530612246
171.82766439909298
172.2920634920635
172.756462585034
173.22086167800452
173.68526077097505
174.14965986394557
174.6140589569161
175.05523809523808
175.5196371882086
176.00725623582767
176.44843537414965
176.91283446712018
177.3540136054422
177.84163265306123
178.30603174603175
178.77043083900227
179.21160997732426
179.67600907029478
180.1404081632653
180.60480725623583
181.06920634920635
181.53360544217688
181.9980045351474
182.4391836734694
182.9035827664399
183.36798185941043
183.83238095238096
184.29678004535148
184.761179138322
185.22557823129253
185.68997732426303
186.15437641723355
186.61877551020407
187.0599546485261
187.5243537414966
187.9887528344671
188.45315192743763
188.91755102040815
189.38195011337868
189.8463492063492
190.28752834467122
190.7519274376417
191.21632653061224
191.68072562358276
192.14512471655328
192.6095238095238
193.07392290249433
193.53832199546486
193.97950113378684
194.44390022675736
194.9082993197279
195.3726984126984
195.83709750566894
196.30149659863946
196.76589569160998
197.2302947845805
197.69469387755103
198.15909297052156
198.60027210884354
199.06467120181406
199.5290702947846
199.9934693877551
200.45786848072564
200.92226757369613
201.38666666666666
201.85106575963718
202.2922448979592
202.75664399092972
203.2210430839002
203.68544217687074
204.14984126984126
204.61424036281178
205.0786394557823
205.54303854875283
205.98421768707482
206.44861678004534
206.91301587301587
207.3774149659864
207.8185941043084
208.30621315192744
208.77061224489796
209.21179138321995
209.67619047619047
210.140589569161
210.60498866213152
211.06938775510204
211.53378684807257
211.9981859410431
212.4625850340136
212.92698412698414
213.36816326530612
213.83256235827665
214.29696145124717
214.7613605442177
215.20253968253968
215.6669387755102
216.13133786848073
216.59573696145125
217.06013605442178
