0.09287981859410431
0.5340589569160997
0.9752380952380952
1.4164172335600906
1.8343764172335602
2.2755555555555556
2.716734693877551
3.1346938775510202
3.5526530612244898
3.9706122448979593
4.4117913832199545
4.829750566893424
5.270929705215419
5.688888888888889
6.130068027210885
6.548027210884354
6.989206349206349
7.4071655328798185
7.825124716553288
8.266303854875284
8.70748299319728
9.125442176870749
9.566621315192744
9.984580498866213
10.425759637188209
10.843718820861678
11.261678004535147
11.679637188208616
12.120816326530612
12.561995464852608
13.003174603174603
13.421133786848072
13.839092970521541
14.280272108843537
14.698231292517006
15.116190476190477
15.534149659863946
15.975328798185942
16.416507936507937
16.857687074829933
17.2756462585034
17.69360544217687
18.11156462585034
18.52952380952381
18.970702947845805
19.388662131519276
19.82984126984127
20.271020408163267
20.712199546485262
21.13015873015873
21.5481179138322
21.966077097505668
22.407256235827663
22.84843537414966
23.26639455782313
23.707573696145126
24.14875283446712
24.56671201814059
25.007891156462584
25.425850340136055
25.843809523809522
26.284988662131518
26.70294784580499
27.144126984126984
27.58530612244898
28.003265306122447
28.444444444444443
28.862403628117914
29.280362811791385
29.698321995464852
30.139501133786847
30.580680272108843
31.02185941043084
31.43981859410431
31.857777777777777
32.298956916099776
32.71691609977324
33.158095238095235
33.57605442176871
33.99401360544218
34.43519274376417
34.89959183673469
35.31755102040816
35.735510204081635
36.17668934240363
36.594648526077094
37.01260770975057
37.45378684807256
37.871746031746035
38.31292517006803
38.730884353741494
39.172063492063494
39.59002267573696
40.00798185941043
40.44916099773243
40.867120181405895
41.308299319727894
41.749478458049886
42.16743764172335
42.58539682539683
43.02657596371882
43.44453514739229
43.885714285714286
44.30367346938775
44.72163265306123
45.16281179138322
45.58077097505669
46.021950113378686
46.46312925170068
46.88108843537415
47.29904761904762
47.74022675736961
48.15818594104309
48.59936507936508
49.017324263038546
49.458503401360545
49.87646258503401
50.31764172335601
50.73560090702948
51.153560090702946
51.594739229024945
52.01269841269841
52.453877551020405
52.87183673469388
53.31301587301587
53.730975056689346
54.17215419501134
54.590113378684805
55.031292517006804
55.44925170068027
55.89043083900227
56.30839002267574
56.74956916099773
57.167528344671204
57.58548752834467
58.026666666666664
58.44462585034014
58.88580498866213
59.3037641723356
59.7449433106576
60.162902494331064
60.58086167800454
61.02204081632653
61.46321995464853
61.881179138322
62.32235827664399
62.74031746031746
63.15827664399093
63.59945578231292
64.01741496598639
64.45859410430839
64.87655328798186
65.31773242630385
65.75891156462585
66.17687074829932
66.59482993197278
67.03600907029478
67.45396825396826
67.89514739229026
68.31310657596372
68.75428571428571
69.19546485260771
69.61342403628117
70.03138321995465
70.47256235827665
70.89052154195011
71.3317006802721
71.74965986394558
72.19083900226758
72.63201814058957
73.04997732426304
73.49115646258504
73.9091156462585
74.3502947845805
74.76825396825397
75.20943310657596
75.62739229024943
76.06857142857143
76.48653061224489
76.92770975056689
77.36888888888889
77.76362811791383
78.22802721088435
78.64598639455782
79.08716553287982
79.50512471655328
79.92308390022676
80.36426303854876
80.80544217687074
81.20018140589569
81.66458049886621
82.08253968253969
82.52371882086167
82.94167800453515
83.35963718820862
83.80081632653061
84.24199546485261
84.65995464852608
85.10113378684807
85.51909297052154
85.93705215419502
86.378231292517
86.79619047619047
87.23736961451247
87.65532879818593
88.09650793650793
88.51446712018141
88.9556462585034
89.37360544217687
89.79156462585034
90.23274376417234
90.67392290249433
91.11510204081632
91.5330612244898
91.95102040816326
92.39219954648526
92.81015873015873
93.25133786848073
93.66929705215419
94.11047619047619
94.55165532879819
94.96961451247165
95.38757369614513
95.82875283446712
96.24671201814058
96.68789115646258
97.12907029478458
97.54702947845804
97.96498866213152
98.38294784580499
98.82412698412699
99.26530612244898
99.68326530612245
100.12444444444445
100.56562358276643
101.00680272108843
101.42476190476191
101.84272108843537
102.28390022675737
102.70185941043084
103.1198185941043
103.58421768707483
104.0021768707483
104.42013605442177
104.86131519274376
105.27927437641723
105.72045351473923
106.16163265306122
106.57959183673469
107.02077097505669
107.43873015873015
107.85668934240363
108.29786848072563
108.73904761904762
109.15700680272109
109.59818594104308
110.01614512471656
110.45732426303854
110.87528344671202
111.29324263038549
111.757641723356
112.17560090702948
112.61678004535148
113.03473922902495
113.45269841269841
113.89387755102041
114.31183673469388
114.72979591836734
115.19419501133787
115.61215419501134
116.05333333333333
116.4712925170068
116.88925170068028
117.33043083900226
117.74839002267574
118.18956916099773
118.63074829931973
119.07192743764172
119.4898866213152
119.90784580498867
120.34902494331065
120.79020408163265
121.20816326530613
121.64934240362811
122.06730158730159
122.50848072562358
122.92643990929706
123.36761904761904
123.78557823129252
124.22675736961452
124.64471655328798
125.06267573696145
125.50385487528345
125.92181405895691
126.36299319727891
126.80417233560091
127.22213151927437
127.66331065759637
128.08126984126983
128.52244897959184
128.96362811791383
129.3815873015873
129.79954648526078
130.24072562358276
130.65868480725624
131.09986394557822
131.5178231292517
131.9590022675737
132.4001814058957
132.81814058956917
133.25931972789115
133.67727891156463
134.0952380952381
134.5364172335601
134.95437641723356
135.39555555555555
135.83673469387756
136.25469387755103
136.67265306122448
137.1138321995465
137.53179138321997
137.97297052154195
138.41414965986394
138.8321088435374
139.2500680272109
139.69124716553287
140.10920634920635
140.50394557823128
140.9451247165533
141.40952380952382
141.8507029478458
142.2918820861678
142.70984126984126
143.12780045351474
143.56897959183672
143.9869387755102
144.40489795918367
144.84607709750566
145.28725623582767
145.70521541950114
146.14639455782313
146.5643537414966
146.98231292517008
147.40027210884352
147.84145124716554
148.28263038548752
148.700589569161
149.14176870748298
149.582947845805
150.00090702947847
150.41886621315192
150.8368253968254
151.2780045351474
151.7191836734694
152.13714285714286
152.55510204081634
152.99628117913832
153.4374603174603
153.85541950113378
154.25015873015872
154.69133786848073
155.13251700680271
155.57369614512473
155.99165532879817
156.4328344671202
156.85079365079366
157.2687528344671
157.70993197278912
158.1278911564626
158.56907029478458
158.98702947845806
159.42820861678004
159.84616780045351
160.264126984127
160.70530612244897
161.12326530612245
161.54122448979592
162.00562358276645
162.42358276643992
162.84154195011337
163.28272108843538
163.70068027210885
164.14185941043084
164.5598185941043
165.0009977324263
165.41895691609977
165.86013605442176
166.27809523809523
166.71927437641725
167.1372335600907
167.55519274376417
167.99637188208618
168.41433106575963
168.85551020408164
169.29668934240362
169.7146485260771
170.15582766439908
170.57378684807256
170.99174603174603
171.43292517006802
171.8508843537415
172.2920634920635
172.71002267573695
173.12798185941043
173.56916099773244
173.98712018140588
174.4282993197279
174.86947845804988
175.28743764172336
175.70539682539683
176.1233560090703
176.5645351473923
176.98249433106577
177.42367346938775
177.86485260770976
178.2828117913832
178.72399092970522
179.1419501133787
179.55990929705214
179.97786848072562
180.41904761904763
180.83700680272108
181.2781859410431
181.69614512471657
182.11410430839
182.55528344671202
182.9732426303855
183.41442176870748
183.85560090702947
184.27356009070294
184.69151927437642
185.1326984126984
185.55065759637188
185.9918367346939
186.40979591836734
186.8277551020408
187.26893424036282
187.7101133786848
188.12807256235828
188.54603174603176
188.98721088435374
189.42839002267573
189.8463492063492
190.28752834467122
190.7287074829932
191.14666666666668
191.56462585034015
191.9825850340136
192.4237641723356
192.84172335600908
193.28290249433107
193.70086167800454
194.11882086167802
194.56
195.001179138322
195.442358276644
195.86031746031745
196.30149659863946
196.71945578231293
197.13741496598638
197.5785941043084
197.99655328798187
198.41451247165534
198.85569160997733
199.2968707482993
199.73804988662133
200.1792290249433
200.59718820861679
201.03836734693877
201.47954648526078
201.89750566893423
202.2922448979592
202.71020408163264
203.17460317460316
203.61578231292518
204.03374149659865
204.47492063492064
204.8928798185941
205.3340589569161
205.75201814058957
206.16997732426304
206.61115646258503
207.05233560090704
207.4702947845805
207.9114739229025
208.32943310657598
208.74739229024942
209.1653514739229
209.6065306122449
210.0477097505669
210.46566893424037
210.90684807256235
211.32480725623583
211.7427664399093
212.1839455782313
212.60190476190476
213.04308390022675
213.48426303854876
213.90222222222224
214.32018140589568
214.7613605442177
215.17931972789117
215.62049886621315
216.03845804988663
216.4796371882086
216.9208163265306
217.33877551020407
217.75673469387755
218.19791383219956
218.615873015873
219.03383219954648
219.45179138321996
219.89297052154194
220.33414965986395
220.75210884353743
221.17006802721087
221.6112471655329
222.02920634920636
222.47038548752835
222.91156462585033
223.3295238095238
223.74748299319728
224.18866213151927
224.60662131519274
225.04780045351475
225.4657596371882
225.9069387755102
226.3248979591837
226.76607709750567
227.18403628117915
227.62521541950113
228.0431746031746
228.46113378684808
228.90231292517007
229.32027210884354
229.76145124716552
230.179410430839
230.62058956916098
231.03854875283446
231.47972789115647
231.89768707482995
232.33886621315193
232.7568253968254
233.1980045351474
233.61596371882086
234.03392290249434
234.47510204081632
234.8930612244898
235.33424036281178
235.75219954648526
236.19337868480724
236.61133786848072
237.05251700680273
237.47047619047618
237.88843537414965
238.32961451247166
238.77079365079365
239.18875283446712
239.6299319727891
240.04789115646258
240.46585034013606
240.88380952380953
241.32498866213152
241.7661678004535
242.18412698412698
242.625306122449
243.04326530612244
243.4612244897959
243.87918367346938
244.32036281179137
244.76154195011338
245.20272108843537
245.62068027210884
246.03863945578232
246.4565986394558
246.89777777777778
247.31573696145125
247.75691609977324
248.19809523809525
248.6160544217687
249.03401360544217
249.47519274376418
249.89315192743763
250.3111111111111
250.75229024943312
251.1934693877551
251.61142857142858
252.05260770975056
252.47056689342404
252.8885260770975
253.3297052154195
253.74766439909297
254.18884353741495
254.63002267573697
255.04798185941044
255.48916099773243
255.9071201814059
256.3482993197279
256.7662585034014
257.1842176870748
257.6253968253968
258.06657596371883
258.4845351473923
258.92571428571426
259.3668934240363
259.83129251700683
260.2724716553288
260.7136507936508
261.1316099773243
261.59600907029477
262.0604081632653
262.5015873015873
262.91954648526075
263.36072562358277
263.8019047619048
264.24308390022674
264.6610430839002
265.12544217687076
265.54340136054424
265.9845804988662
266.4257596371882
