0.09287981859410431
0.5572789115646258
1.0216780045351475
1.486077097505669
1.9272562358276644
2.414875283446712
2.8792743764172335
3.3436734693877552
3.7848526077097504
4.249251700680272
4.713650793650793
5.178049886621316
5.642448979591837
6.106848072562358
6.5712471655328795
7.012426303854875
7.476825396825397
7.9412244897959186
8.40562358276644
8.870022675736962
9.334421768707482
9.798820861678005
10.24
10.704399092970522
11.168798185941043
11.633197278911565
12.097596371882085
12.561995464852608
13.02639455782313
13.49079365079365
13.955192743764172
14.396371882086168
14.86077097505669
15.32517006802721
15.789569160997733
16.253968253968253
16.718367346938777
17.182766439909297
17.647165532879818
18.11156462585034
18.552743764172334
19.017142857142858
19.481541950113378
19.9459410430839
20.410340136054423
20.874739229024943
21.339138321995463
21.803537414965987
22.244716553287983
22.709115646258503
23.173514739229024
23.637913832199548
24.102312925170068
24.56671201814059
25.031111111111112
25.495510204081633
25.93668934240363
26.40108843537415
26.865487528344673
27.329886621315193
27.794285714285714
28.258684807256238
28.723083900226758
29.18748299319728
29.6518820861678
30.093061224489794
30.55746031746032
31.02185941043084
31.48625850340136
31.950657596371883
32.41505668934241
32.879455782312924
33.32063492063492
33.78503401360544
34.249433106575964
34.71383219954649
35.178231292517005
35.64263038548753
36.10702947845805
36.57142857142857
37.03582766439909
37.50022675736962
37.964625850340134
38.40580498866213
38.87020408163265
39.334603174603174
39.7990022675737
40.263401360544215
40.72780045351474
41.19219954648526
41.65659863945578
42.09777777777778
42.5621768707483
43.02657596371882
43.490975056689344
43.95537414965986
44.419773242630384
44.860952380952384
45.3253514739229
45.789750566893424
46.25414965986395
46.718548752834465
47.18294784580499
47.64734693877551
48.11174603174603
48.576145124716554
49.04054421768708
49.504943310657595
49.946122448979594
50.41052154195011
50.874920634920635
51.33931972789116
51.803718820861675
52.2681179138322
52.73251700680272
53.173696145124715
53.63809523809524
54.102494331065756
54.56689342403628
55.031292517006804
55.49569160997732
55.960090702947845
56.42448979591837
56.86566893424036
57.330068027210885
57.79446712018141
58.258866213151926
58.72326530612245
59.187664399092974
59.65206349206349
60.09324263038549
60.55764172335601
61.02204081632653
61.486439909297054
61.95083900226757
62.415238095238095
62.85641723356009
63.344036281179136
63.80843537414966
64.24961451247165
64.71401360544218
65.1784126984127
65.64281179138322
66.10721088435375
66.57160997732426
67.01278911564626
67.47718820861678
67.9415873015873
68.40598639455783
68.87038548752834
69.33478458049886
69.79918367346939
70.26358276643991
70.70476190476191
71.16916099773243
71.63356009070294
72.09795918367347
72.56235827664399
73.02675736961451
73.49115646258504
73.95555555555555
74.41995464852607
74.8843537414966
75.3255328798186
75.78993197278912
76.25433106575964
76.71873015873015
77.18312925170068
77.6475283446712
78.11192743764173
78.55310657596372
79.01750566893423
79.48190476190476
79.94630385487528
80.4107029478458
80.87510204081633
81.33950113378685
81.80390022675736
82.26829931972789
82.70947845804989
83.17387755102041
83.63827664399093
84.10267573696144
84.56707482993197
85.03147392290249
85.49587301587302
85.96027210884354
86.40145124716554
86.86585034013605
87.33024943310657
87.7946485260771
88.25904761904762
88.72344671201814
89.18784580498867
89.6754648526077
90.13986394557823
90.5578231292517
91.02222222222223
91.48662131519275
91.95102040816326
92.41541950113378
92.87981859410431
93.34421768707483
93.78539682539683
94.24979591836734
94.71419501133786
95.17859410430839
95.64299319727891
96.10739229024944
96.57179138321996
97.03619047619047
97.500589569161
97.94176870748299
98.40616780045352
98.87056689342404
99.33496598639456
99.79936507936507
100.2637641723356
100.72816326530612
101.16934240362812
101.63374149659865
102.09814058956916
102.56253968253968
103.0269387755102
103.49133786848073
103.95573696145125
104.42013605442177
104.88453514739228
105.32571428571428
105.79011337868481
106.25451247165533
106.71891156462586
107.18331065759637
107.64770975056689
108.11210884353741
108.57650793650794
109.04090702947846
109.48208616780046
109.94648526077097
110.4108843537415
110.87528344671202
111.33968253968254
111.80408163265307
112.26848072562358
112.7328798185941
113.1740589569161
113.63845804988662
114.10285714285715
114.56725623582767
115.03165532879818
115.4960544217687
115.96045351473923
116.42485260770975
116.86603174603175
117.33043083900226
117.79482993197279
118.25922902494331
118.72362811791383
119.18802721088436
119.65242630385488
120.11682539682539
120.58122448979591
121.04562358276644
121.51002267573696
121.95120181405896
122.41560090702947
122.88
123.34439909297052
123.80879818594104
124.27319727891157
124.73759637188209
125.17877551020408
125.6431746031746
126.10757369614512
126.57197278911565
127.03637188208617
127.5007709750567
127.9651700680272
128.42956916099774
128.87074829931973
129.33514739229025
129.79954648526078
130.2639455782313
130.72834467120182
131.1695238095238
131.63392290249433
132.09832199546486
132.56272108843538
133.0271201814059
133.49151927437643
133.95591836734692
134.42031746031745
134.88471655328797
135.32589569161
135.7902947845805
136.25469387755103
136.71909297052153
137.18349206349205
137.64789115646258
138.1122902494331
138.57668934240363
139.0178684807256
139.48226757369613
139.94666666666666
140.41106575963718
140.8754648526077
141.33986394557823
141.80426303854875
142.26866213151928
142.70984126984126
143.1742403628118
143.6386394557823
144.10303854875283
144.56743764172336
145.03183673469388
145.4962358276644
145.96063492063493
146.40181405895692
146.86621315192744
147.33061224489796
147.7950113378685
148.259410430839
148.72380952380954
149.18820861678006
149.65260770975055
150.11700680272108
150.5581859410431
151.02258503401362
151.48698412698414
151.95138321995464
152.41578231292516
152.88018140589568
153.3445804988662
153.78575963718822
154.25015873015872
154.71455782312924
155.17895691609976
155.6433560090703
156.1077551020408
156.57215419501134
157.03655328798186
157.50095238095238
157.9653514739229
158.4065306122449
158.87092970521542
159.33532879818594
159.79972789115646
160.264126984127
160.7285260770975
161.1697052154195
161.63410430839002
162.09850340136055
162.56290249433107
163.0273015873016
163.49170068027212
163.95609977324264
164.42049886621317
164.88489795918366
165.34929705215418
165.7904761904762
166.25487528344672
166.71927437641725
167.18367346938774
167.64807256235827
168.1124716553288
168.5768707482993
169.04126984126984
169.48244897959182
169.94684807256235
170.41124716553287
170.8756462585034
171.34004535147392
171.80444444444444
172.26884353741497
172.7332426303855
173.17442176870748
173.638820861678
174.10321995464852
174.56761904761905
175.03201814058957
175.4964172335601
175.96081632653062
176.42521541950114
176.86639455782313
177.33079365079365
177.79519274376418
178.2595918367347
178.72399092970522
179.18839002267575
179.65278911564627
180.11718820861677
180.55836734693878
181.0227664399093
181.48716553287983
181.95156462585035
182.41596371882085
182.88036281179137
183.3447619047619
183.80916099773242
184.25034013605443
184.71473922902496
185.17913832199545
185.64353741496598
186.1079365079365
186.57233560090702
187.03673469387755
187.50113378684807
187.94231292517006
188.40671201814058
188.8711111111111
189.33551020408163
189.79990929705215
190.26430839002268
190.7287074829932
191.19310657596372
191.6342857142857
192.09868480725623
192.56308390022676
193.02748299319728
193.4918820861678
193.95628117913833
194.42068027210885
194.88507936507938
195.32625850340136
195.7906575963719
196.2550566893424
196.71945578231293
197.18385487528346
197.64825396825398
198.11265306122448
198.577052154195
199.04145124716553
199.48263038548754
199.94702947845806
200.41142857142856
200.87582766439908
201.3402267573696
201.80462585034013
202.26902494331065
202.71020408163264
203.17460317460316
203.6390022675737
204.1034013605442
204.56780045351474
205.03219954648526
205.49659863945578
205.9609977324263
206.4021768707483
206.86657596371882
