1.4164172335600906
1.8808163265306121
2.36843537414966
2.8328344671201813
3.297233560090703
3.8080725623582765
4.295691609977324
4.783310657596372
5.2477097505668935
5.712108843537415
6.199727891156463
6.6873469387755105
7.151746031746032
7.63936507936508
8.126984126984127
8.591383219954649
9.079002267573696
9.566621315192744
10.054240362811791
10.518639455782314
11.00625850340136
11.470657596371883
11.981496598639456
12.469115646258503
12.933514739229025
13.397913832199546
13.885532879818594
14.349931972789115
14.837551020408164
15.32517006802721
15.81278911564626
16.300408163265306
16.788027210884355
17.322086167800453
17.856145124716555
18.436643990929706
18.901043083900227
19.388662131519276
19.87628117913832
20.36390022675737
20.82829931972789
21.31591836734694
21.78031746031746
22.267936507936508
22.755555555555556
23.2431746031746
23.707573696145126
24.19519274376417
24.659591836734695
25.170430839002268
25.63482993197279
26.122448979591837
26.586848072562358
27.074467120181406
27.538866213151927
28.026485260770976
28.490884353741496
28.978503401360545
29.466122448979593
29.95374149659864
30.418140589569163
30.905759637188208
31.393378684807256
31.880997732426305
32.345396825396826
32.833015873015874
33.32063492063492
33.78503401360544
34.27265306122449
34.76027210884354
35.22467120181406
35.71229024943311
36.17668934240363
36.664308390022676
37.151927437641724
37.63954648526077
38.10394557823129
38.59156462585034
39.07918367346939
39.54358276643991
40.03120181405896
40.518820861678
41.00643990929705
41.470839002267574
41.95845804988662
42.44607709750567
42.91047619047619
43.39809523809524
43.885714285714286
44.35011337868481
44.83773242630385
45.302131519274376
45.789750566893424
46.27736961451247
46.76498866213152
47.22938775510204
47.71700680272109
48.204625850340136
48.692244897959185
49.1566439909297
49.64426303854875
50.108662131519274
50.59628117913832
51.08390022675737
51.57151927437642
52.03591836734694
52.523537414965986
52.98793650793651
53.47555555555556
53.9631746031746
54.427573696145124
54.91519274376417
55.40281179138322
55.86721088435374
56.35482993197279
56.842448979591836
57.330068027210885
57.79446712018141
58.28208616780045
58.7697052154195
59.23410430839002
59.72172335600907
60.20934240362812
60.67374149659864
61.161360544217686
61.648979591836735
62.136598639455784
62.6009977324263
63.08861678004535
63.5762358276644
64.04063492063491
64.52825396825396
65.01587301587301
65.48027210884354
65.94467120181406
66.40907029478458
66.91990929705216
67.4075283446712
67.89514739229026
68.35954648526076
68.82394557823129
69.31156462585034
69.79918367346939
70.26358276643991
70.75120181405896
71.23882086167801
71.70321995464853
72.19083900226758
72.67845804988661
73.14285714285714
73.63047619047619
74.11809523809524
74.58249433106576
75.07011337868481
75.55773242630386
76.0453514739229
76.60263038548753
77.15990929705215
77.71718820861678
78.20480725623582
78.66920634920635
79.1568253968254
79.64444444444445
80.1320634920635
80.59646258503402
81.08408163265307
81.54848072562358
82.03609977324263
82.52371882086167
83.01133786848072
83.47573696145125
83.9633560090703
84.56707482993197
85.14757369614513
85.63519274376418
86.09959183673469
86.58721088435374
87.07482993197279
87.56244897959184
88.02684807256236
88.51446712018141
88.97886621315193
89.46648526077098
89.95410430839003
90.44172335600906
90.90612244897959
91.39374149659864
91.85814058956916
92.34575963718821
92.83337868480726
93.3209977324263
93.78539682539683
94.27301587301588
94.73741496598639
95.22503401360544
95.71265306122449
96.20027210884354
96.66467120181406
97.15229024943311
97.61668934240363
98.10430839002268
98.59192743764173
99.07954648526078
99.54394557823129
100.03156462585034
100.51918367346939
100.98358276643991
101.47120181405896
101.958820861678
102.42321995464853
102.91083900226758
103.37523809523809
103.86285714285714
104.35047619047619
104.83809523809524
105.30249433106576
105.79011337868481
106.27773242630386
106.7653514739229
107.22975056689343
107.71736961451248
108.20498866213151
108.66938775510204
109.15700680272109
109.64462585034013
110.10902494331066
110.5966439909297
111.08426303854876
111.54866213151928
112.03628117913833
112.50068027210884
112.98829931972789
113.47591836734694
113.96353741496598
114.42793650793651
114.91555555555556
115.4031746031746
115.89079365079365
116.35519274376418
116.84281179138323
117.30721088435374
117.79482993197279
118.28244897959183
118.77006802721088
119.2344671201814
119.72208616780046
120.2097052154195
120.67410430839003
121.16172335600908
121.62612244897959
122.11374149659864
122.60136054421768
123.08897959183673
123.55337868480726
124.0409977324263
124.50539682539683
124.99301587301588
125.48063492063493
125.96825396825396
126.45587301587301
126.92027210884353
127.40789115646258
127.8722902494331
128.35990929705216
128.8475283446712
129.3119274376417
129.77632653061224
130.24072562358276
130.70512471655329
131.19274376417235
131.68036281179138
132.16798185941042
132.678820861678
133.16643990929705
133.63083900226758
134.1184580498866
134.58285714285714
135.0704761904762
135.55809523809523
136.02249433106576
136.51011337868482
136.99773242630386
137.46213151927438
137.9497505668934
138.43736961451248
138.901768707483
139.38938775510204
139.8770068027211
140.36462585034013
140.8522448979592
141.38630385487528
141.9203628117914
142.45442176870748
142.9884807256236
143.47609977324262
143.9637188208617
144.4281179138322
144.91573696145124
145.4033560090703
145.89097505668934
146.35537414965987
146.8429931972789
147.33061224489796
147.7950113378685
148.28263038548752
148.74702947845805
149.2346485260771
149.72226757369614
150.18666666666667
150.6742857142857
151.16190476190476
151.6263038548753
152.11392290249432
152.6015419501134
153.0659410430839
153.55356009070294
154.041179138322
154.64489795918368
155.2253968253968
155.71301587301588
156.2006349206349
156.68825396825397
157.1526530612245
157.64027210884353
158.1278911564626
158.59229024943312
159.07990929705215
159.5675283446712
160.05514739229025
160.51954648526078
161.0071655328798
161.47156462585033
161.9591836734694
162.44680272108843
162.9344217687075
163.46848072562358
164.0025396825397
164.53659863945578
165.0706575963719
165.55827664399092
166.04589569160999
166.5102947845805
166.99791383219954
167.4855328798186
167.97315192743764
168.46077097505668
168.9251700680272
169.38956916099772
169.8771882086168
170.3415873015873
170.82920634920634
171.3168253968254
171.80444444444444
172.2920634920635
172.756462585034
173.24408163265306
173.7317006802721
174.21931972789116
174.68371882086169
175.19455782312926
175.6821768707483
176.14657596371882
176.61097505668934
177.0985941043084
177.5629931972789
178.05061224489796
178.5150113378685
179.02585034013606
179.5134693877551
180.02430839002267
180.53514739229024
181.06920634920635
181.60326530612244
182.11410430839
182.60172335600907
183.0893424036281
183.55374149659863
184.11102040816326
184.66829931972788
185.22557823129253
185.71319727891157
186.2008163265306
186.68843537414966
187.1528344671202
187.64045351473922
188.12807256235828
188.61569160997732
189.08009070294784
189.5677097505669
190.0321088435374
190.51972789115646
191.0073469387755
191.49496598639456
191.95936507936509
192.44698412698412
192.91138321995464
193.3990022675737
193.88662131519274
194.35102040816327
194.8386394557823
195.32625850340136
195.7906575963719
196.27827664399092
196.76589569160998
197.2302947845805
197.71791383219954
