0.11609977324263039
0.5108390022675737
0.905578231292517
1.3003174603174603
1.7182766439909296
2.136235827664399
2.5774149659863945
3.01859410430839
3.4597732426303853
3.8545124716553287
4.2260317460317465
4.620770975056689
5.015510204081632
5.410249433106576
5.7817687074829935
6.176507936507937
6.594467120181406
7.012426303854875
7.430385487528345
7.87156462585034
8.289523809523809
8.730702947845804
9.218321995464853
9.682721088435374
10.077460317460318
10.495419501133787
10.913378684807256
11.3081179138322
11.679637188208616
12.07437641723356
12.469115646258503
12.863854875283447
13.25859410430839
13.606893424036281
13.978412698412699
14.373151927437641
14.744671201814059
15.185850340136055
15.603809523809524
16.021768707482995
16.439727891156462
16.880907029478458
17.29886621315193
17.716825396825396
18.11156462585034
18.506303854875284
18.901043083900227
19.319002267573698
19.667301587301587
20.01560090702948
20.410340136054423
20.805079365079365
21.176598639455783
21.59455782312925
21.989297052154196
22.430476190476192
22.871655328798187
23.289614512471655
23.754013605442175
24.171972789115646
24.589931972789117
25.007891156462584
25.425850340136055
25.843809523809522
26.261768707482993
26.679727891156464
27.09768707482993
27.492426303854874
27.88716553287982
28.258684807256238
28.65342403628118
29.094603174603176
29.466122448979593
29.837641723356008
30.209160997732425
30.65034013605442
31.068299319727892
31.463038548752834
31.880997732426305
32.275736961451244
32.74013605442177
33.18131519274377
33.599274376417235
34.0172335600907
34.43519274376417
34.853151927437644
35.247891156462586
35.66585034013605
36.08380952380952
36.501768707482995
36.91972789115646
37.33768707482993
37.755646258503404
38.17360544217687
38.59156462585034
39.00952380952381
39.42748299319728
39.84544217687075
40.263401360544215
40.704580498866214
41.12253968253968
41.54049886621315
42.00489795918367
42.399637188208615
42.840816326530614
43.25877551020408
43.67673469387755
44.11791383219955
44.535873015873015
44.95383219954648
45.41823129251701
45.836190476190474
46.25414965986395
46.69532879818594
47.11328798185941
47.53124716553288
47.94920634920635
48.39038548752834
48.83156462585034
49.27274376417233
49.69070294784581
50.1318820861678
50.54984126984127
50.96780045351474
51.40897959183673
51.82693877551021
52.244897959183675
52.66285714285714
53.127256235827666
53.54521541950113
53.98639455782313
54.4043537414966
54.82231292517007
55.263492063492066
55.68145124716553
56.099410430839
56.563809523809525
56.98176870748299
57.39972789115646
57.817687074829934
58.258866213151926
58.6768253968254
59.11800453514739
59.559183673469384
59.97714285714286
60.395102040816326
60.836281179138325
61.25424036281179
61.695419501133784
62.11337868480726
62.55455782312925
62.97251700680272
63.39047619047619
63.831655328798185
64.27283446712018
64.69079365079365
65.13197278911565
65.54993197278911
65.99111111111111
66.40907029478458
66.85024943310657
67.26820861678004
67.68616780045352
68.12734693877552
68.54530612244898
68.96326530612245
69.40444444444445
69.82240362811791
70.26358276643991
70.68154195011338
71.0530612244898
71.42458049886622
71.91219954648525
72.37659863945578
72.81777777777778
73.25895691609978
73.70013605442176
74.11809523809524
74.55927437641724
74.97723356009071
75.39519274376417
75.81315192743764
76.25433106575964
76.6722902494331
77.1134693877551
77.53142857142858
77.97260770975056
78.39056689342404
78.83174603174604
79.27292517006802
79.6908843537415
80.10884353741497
80.55002267573695
80.96798185941043
81.40916099773243
81.8271201814059
82.26829931972789
82.68625850340136
83.10421768707484
83.54539682539682
83.9633560090703
84.4045351473923
84.79927437641723
85.26367346938775
85.70485260770975
86.12281179138321
86.56399092970521
86.98195011337869
87.39990929705215
87.81786848072562
88.25904761904762
88.6770068027211
89.11818594104308
89.53614512471655
89.95410430839003
90.39528344671201
90.83646258503401
91.25442176870749
91.69560090702947
92.11356009070295
92.55473922902495
92.9726984126984
93.4138775510204
93.83183673469388
94.24979591836734
94.69097505668934
95.10893424036281
95.55011337868481
95.9912925170068
96.40925170068027
96.85043083900227
97.26839002267573
97.70956916099773
98.1275283446712
98.54548752834467
98.96344671201814
99.40462585034014
99.84580498866214
100.2637641723356
100.7049433106576
101.12290249433107
101.54086167800453
101.98204081632653
102.42321995464853
102.84117913832199
103.25913832199547
103.70031746031746
104.11827664399092
104.5362358276644
104.95419501133787
105.39537414965986
105.83655328798186
106.27773242630386
106.69569160997733
107.11365079365079
107.53160997732427
107.97278911564626
108.39074829931972
108.83192743764172
109.2498866213152
109.69106575963718
110.13224489795918
110.55020408163266
110.96816326530612
111.38612244897959
111.82730158730159
112.26848072562358
112.70965986394557
113.12761904761905
113.54557823129252
113.96353741496598
114.40471655328798
114.82267573696146
115.24063492063492
115.68181405895692
116.12299319727892
116.54095238095238
116.98213151927438
117.40009070294785
117.84126984126983
118.25922902494331
118.67718820861678
119.11836734693877
119.53632653061224
119.95428571428572
120.39546485260772
120.8366439909297
121.25460317460318
121.67256235827665
122.11374149659864
122.55492063492063
122.97287981859411
123.4140589569161
123.83201814058957
124.24997732426304
124.6679365079365
125.1091156462585
125.5502947845805
125.9914739229025
126.40943310657596
126.82739229024943
127.24535147392291
127.66331065759637
128.10448979591837
128.54566893424035
128.96362811791383
129.40480725623584
129.8227664399093
130.24072562358276
130.65868480725624
131.09986394557822
131.5178231292517
131.93578231292517
132.35374149659864
132.79492063492063
133.23609977324264
133.6540589569161
134.1184580498866
134.5364172335601
134.9775963718821
135.39555555555555
135.81351473922902
136.2314739229025
136.67265306122448
137.1138321995465
137.55501133786848
137.99619047619046
138.41414965986394
138.8321088435374
139.2732879818594
139.7144671201814
140.13242630385488
140.52716553287982
140.9683446712018
141.40952380952382
141.82748299319726
142.24544217687074
142.68662131519275
143.10458049886623
143.52253968253967
143.9637188208617
144.40489795918367
144.84607709750566
145.26403628117913
145.6819954648526
146.1231746031746
146.54113378684806
146.95909297052154
147.40027210884352
147.818231292517
148.259410430839
148.67736961451246
149.11854875283447
149.55972789115646
149.97768707482993
150.3956462585034
150.8368253968254
151.25478458049886
151.67274376417234
152.11392290249432
152.55510204081634
152.97306122448978
153.39102040816326
153.83219954648527
154.27337868480726
154.69133786848073
155.1092970521542
155.5504761904762
155.96843537414966
156.40961451247165
156.82757369614512
157.2455328798186
157.68671201814058
158.1278911564626
158.54585034013604
158.96380952380952
159.40498866213153
159.84616780045351
160.264126984127
160.68208616780046
161.1000453514739
161.51800453514738
161.9591836734694
162.37714285714284
162.81832199546486
163.23628117913833
163.67746031746032
164.1186394557823
164.53659863945578
164.9777777777778
165.39573696145123
165.8136961451247
166.25487528344672
166.67283446712017
167.11401360544218
167.53197278911566
167.9499319727891
168.36789115646258
168.8090702947846
169.25024943310657
169.69142857142856
170.10938775510203
170.504126984127
170.89886621315193
171.4097052154195
171.8508843537415
172.2920634920635
172.71002267573695
173.12798185941043
173.5459410430839
173.96390022675737
174.40507936507936
174.84625850340137
175.28743764172336
175.72861678004534
176.19301587301587
176.6574149659864
177.14503401360545
