0.5804988662131519
1.1377777777777778
1.7182766439909296
2.2755555555555556
2.8560544217687074
3.4133333333333336
3.9938321995464854
4.574331065759637
5.131609977324263
5.735328798185941
6.315827664399093
6.873106575963718
7.4071655328798185
8.010884353741497
8.591383219954649
9.148662131519274
9.7059410430839
10.286439909297052
10.866938775510205
11.447437641723356
12.004716553287983
12.469115646258503
13.049614512471654
13.699773242630386
14.280272108843537
14.86077097505669
15.441269841269841
16.021768707482995
16.579047619047618
17.136326530612244
17.716825396825396
18.297324263038547
18.854603174603174
19.435102040816325
20.01560090702948
20.59609977324263
21.153378684807254
21.73387755102041
22.291156462585032
22.84843537414966
23.405714285714286
23.986213151927437
24.56671201814059
25.14721088435374
25.704489795918366
26.284988662131518
26.842267573696144
27.422766439909296
27.980045351473922
28.560544217687074
29.141043083900225
29.72154195011338
30.278820861678003
30.859319727891158
31.41659863945578
31.973877551020408
32.55437641723356
33.13487528344671
33.715374149659866
34.27265306122449
34.82993197278912
35.43365079365079
35.99092970521542
36.57142857142857
37.1287074829932
37.70920634920635
38.2897052154195
38.846984126984125
39.42748299319728
40.00798185941043
40.56526077097506
41.12253968253968
41.703038548752836
42.283537414965984
42.86403628117914
43.44453514739229
44.00181405895692
44.582312925170065
45.139591836734695
45.72009070294784
46.300589569161
46.85786848072562
47.41514739229025
47.9956462585034
48.576145124716554
49.13342403628118
49.71392290249433
50.29442176870748
50.874920634920635
51.43219954648526
52.01269841269841
52.569977324263036
53.15047619047619
53.707755102040814
54.28825396825397
54.84553287981859
55.42603174603175
56.006530612244894
56.563809523809525
57.14430839002267
57.72480725623583
58.28208616780045
58.83936507936508
59.41986394557823
60.00036281179138
60.58086167800454
61.13814058956916
61.718639455782316
62.299138321995464
62.85641723356009
63.43691609977324
64.01741496598639
64.57469387755103
65.15519274376418
65.73569160997732
66.29297052154195
66.85024943310657
67.43074829931973
68.01124716553288
68.5685260770975
69.14902494331066
69.72952380952381
70.28680272108843
70.84408163265306
71.42458049886622
71.98185941043084
72.56235827664399
73.14285714285714
73.70013605442176
74.28063492063492
74.86113378684807
75.4184126984127
75.99891156462586
76.55619047619048
77.13668934240363
77.71718820861678
78.29768707482994
78.85496598639456
79.43546485260771
79.99274376417233
80.5732426303855
81.13052154195012
81.71102040816326
82.29151927437641
82.87201814058957
83.45251700680272
84.00979591836735
84.56707482993197
85.14757369614513
85.70485260770975
86.2853514739229
86.86585034013605
87.42312925170069
88.00362811791383
88.56090702947846
89.1414058956916
89.72190476190477
90.27918367346939
90.85968253968254
91.41696145124716
91.99746031746032
92.57795918367347
93.1352380952381
93.71573696145124
94.27301587301588
94.85351473922903
95.43401360544217
96.01451247165532
96.57179138321996
97.12907029478458
97.70956916099773
98.29006802721088
98.84734693877552
99.42784580498866
100.00834467120181
100.56562358276643
101.1461224489796
101.72662131519274
102.28390022675737
102.84117913832199
103.42167800453515
104.0021768707483
104.58267573696145
105.13995464852607
105.72045351473923
106.27773242630386
106.858231292517
107.43873015873015
107.99600907029479
108.55328798185941
109.15700680272109
109.71428571428571
110.29478458049887
110.8520634920635
111.43256235827664
111.98984126984126
112.57034013605443
113.15083900226757
113.7081179138322
114.28861678004534
114.8691156462585
115.44961451247165
116.00689342403628
116.5641723356009
117.14467120181406
117.70195011337869
118.28244897959183
118.86294784580498
119.42022675736962
120.00072562358277
120.58122448979591
121.13850340136054
121.7190022675737
122.27628117913832
122.85678004535147
123.43727891156463
124.01777777777778
124.5750566893424
125.15555555555555
125.71283446712017
126.29333333333334
126.85061224489796
127.43111111111111
127.98839002267573
128.5688888888889
129.12616780045352
129.70666666666668
130.2871655328798
130.84444444444443
131.4249433106576
132.00544217687076
132.56272108843538
133.14321995464852
133.72371882086168
134.2809977324263
134.86149659863946
135.4419954648526
135.99927437641725
136.57977324263038
137.137052154195
137.71755102040817
138.29804988662133
138.85532879818595
139.43582766439908
139.9931065759637
140.57360544217687
141.15410430839003
141.73460317460317
142.2918820861678
142.87238095238095
143.42965986394557
143.9869387755102
144.56743764172336
145.12471655328798
145.70521541950114
146.28571428571428
146.86621315192744
147.42349206349206
148.00399092970522
148.56126984126985
149.14176870748298
149.69904761904763
150.27954648526077
150.86004535147393
151.44054421768706
151.9978231292517
152.57832199546485
153.13560090702947
153.71609977324263
154.2965986394558
154.85387755102042
155.43437641723355
156.0148752834467
156.57215419501134
157.12943310657596
157.70993197278912
158.29043083900225
158.87092970521542
159.42820861678004
160.0087074829932
160.56598639455783
161.146485260771
161.7037641723356
162.28426303854874
162.8647619047619
163.42204081632653
164.0025396825397
164.58303854875282
165.14031746031745
165.7208163265306
166.27809523809523
166.8585941043084
167.41587301587302
167.99637188208618
168.5768707482993
169.15736961451248
169.73786848072564
170.3415873015873
170.89886621315193
171.45614512471656
172.01342403628118
172.59392290249434
173.12798185941043
173.7084807256236
174.28897959183672
174.89269841269842
175.44997732426305
176.03047619047618
176.58775510204083
177.16825396825396
177.7255328798186
178.30603174603175
178.8865306122449
179.44380952380953
180.00108843537416
180.55836734693878
181.16208616780045
181.69614512471657
182.2766439909297
182.85714285714286
183.43764172335602
184.01814058956916
184.57541950113378
185.1326984126984
185.71319727891157
186.2704761904762
186.85097505668935
187.43147392290248
188.01197278911565
188.5924716553288
189.14975056689343
189.70702947845805
190.28752834467122
190.84480725623584
191.42530612244897
192.00580498866213
192.56308390022676
193.14358276643992
193.72408163265305
194.28136054421768
194.86185941043084
195.41913832199546
195.99963718820862
196.58013605442176
197.16063492063492
197.71791383219954
198.2984126984127
198.85569160997733
199.4361904761905
199.9934693877551
200.57396825396825
201.1544671201814
201.71174603174603
202.2922448979592
202.84952380952382
203.43002267573695
203.98730158730157
204.56780045351474
205.1482993197279
205.70557823129252
206.28607709750568
206.86657596371882
207.42385487528344
208.0043537414966
208.58485260770976
209.1421315192744
209.72263038548752
210.30312925170068
210.8604081632653
211.44090702947847
212.0214058956916
212.57868480725622
213.15918367346939
213.716462585034
214.27374149659863
214.8542403628118
215.43473922902496
216.0152380952381
216.5725170068027
217.15301587301587
217.7102947845805
218.29079365079366
218.84807256235828
219.42857142857142
220.00907029478458
220.5663492063492
221.14684807256236
221.704126984127
222.28462585034015
222.84190476190477
223.4224036281179
