0.44117913832199546
1.0216780045351475
1.6021768707482993
2.182675736961451
2.7631746031746034
3.320453514739229
3.900952380952381
4.481451247165533
5.061950113378685
5.642448979591837
6.222947845804988
6.8034467120181406
7.360725623582766
7.9412244897959186
8.52172335600907
9.05578231292517
9.659501133786849
10.24
10.843718820861678
11.42421768707483
11.981496598639456
12.561995464852608
13.119274376417234
13.676553287981859
14.257052154195012
14.79111111111111
15.441269841269841
16.021768707482995
16.648707482993196
17.252426303854875
17.786485260770974
18.413424036281178
18.99392290249433
19.574421768707484
20.131700680272107
20.64253968253968
21.223038548752836
21.803537414965987
22.38403628117914
23.010975056689343
23.521814058956917
24.102312925170068
24.68281179138322
25.309750566893424
25.86702947845805
26.424308390022677
26.9815873015873
27.515646258503402
28.11936507936508
28.723083900226758
29.280362811791385
29.860861678004536
30.464580498866212
31.114739229024945
31.672018140589568
32.229297052154195
32.78657596371882
33.36707482993197
33.924353741496596
34.528072562358275
35.085351473922906
35.64263038548753
36.19990929705215
36.80362811791383
37.40734693877551
38.01106575963719
38.54512471655329
39.10240362811791
39.68290249433107
40.24018140589569
40.77424036281179
41.37795918367347
42.00489795918367
42.60861678004535
43.14267573696145
43.699954648526074
44.28045351473923
44.90739229024943
45.44145124716553
45.99873015873016
46.57922902494331
47.159727891156464
47.74022675736961
48.32072562358277
48.901224489795915
49.458503401360545
50.03900226757369
50.61950113378685
51.22321995464853
51.85015873015873
52.47709750566894
53.10403628117914
53.75419501133787
54.4043537414966
54.96163265306122
55.61179138321995
56.23873015873016
56.93532879818594
57.53904761904762
58.142766439909295
58.792925170068024
59.3037641723356
59.90748299319728
60.48798185941043
61.045260770975055
61.602539682539685
62.09015873015873
62.69387755102041
63.32081632653061
63.87809523809524
64.41215419501134
64.96943310657596
65.57315192743764
66.20009070294785
66.80380952380952
67.43074829931973
67.9415873015873
68.54530612244898
69.12580498866213
69.68308390022676
70.21714285714286
70.79764172335601
71.40136054421768
71.98185941043084
72.56235827664399
73.14285714285714
73.67691609977324
74.21097505668934
74.83791383219955
75.44163265306122
76.02213151927438
76.579410430839
77.15990929705215
77.76362811791383
78.27446712018141
78.87818594104309
79.45868480725623
80.03918367346938
80.61968253968254
81.17696145124717
81.75746031746031
82.33795918367348
82.91845804988662
83.45251700680272
84.0562358276644
84.65995464852608
85.24045351473923
85.79773242630385
86.378231292517
86.95873015873016
87.53922902494331
88.11972789115646
88.70022675736962
89.30394557823129
89.86122448979592
90.41850340136054
90.9990022675737
91.60272108843537
92.16
92.74049886621316
93.29777777777778
93.87827664399093
94.45877551020408
95.03927437641724
95.61977324263039
96.22349206349206
96.78077097505668
97.38448979591837
97.91854875283447
98.52226757369614
99.12598639455783
99.68326530612245
100.24054421768707
100.82104308390022
101.40154195011338
102.00526077097506
102.53931972789115
103.14303854875284
103.70031746031746
104.25759637188209
104.83809523809524
105.41859410430838
106.02231292517007
106.60281179138322
107.16009070294784
107.740589569161
108.3675283446712
109.01768707482994
109.66784580498866
110.3180045351474
110.89850340136054
111.45578231292517
112.05950113378685
112.61678004535148
113.19727891156462
113.80099773242631
114.38149659863946
114.93877551020408
115.51927437641723
116.09977324263039
116.65705215419501
117.23755102040816
117.81804988662131
118.421768707483
119.00226757369614
119.53632653061224
120.14004535147393
120.7437641723356
121.30104308390023
121.85832199546485
122.43882086167801
123.01931972789116
123.5998185941043
124.15709750566893
124.73759637188209
125.34131519274376
125.92181405895691
126.47909297052155
127.0595918367347
127.61687074829932
128.24380952380952
128.77786848072563
129.35836734693876
129.93886621315193
130.5193650793651
131.0766439909297
131.65714285714284
132.26086167800455
132.84136054421768
133.3986394557823
133.97913832199546
134.55963718820863
135.0936961451247
135.69741496598638
136.27791383219954
136.88163265306122
137.46213151927438
138.019410430839
138.59990929705216
139.1804081632653
139.76090702947846
140.31818594104308
140.89868480725625
141.43274376417233
142.08290249433108
142.6401814058957
143.22068027210884
143.801179138322
144.35845804988662
144.93895691609978
145.51945578231292
146.09995464852608
146.68045351473924
147.23773242630386
147.84145124716554
148.39873015873016
149.00244897959183
149.55972789115646
150.14022675736962
150.72072562358278
151.3012244897959
151.85850340136054
152.4390022675737
153.01950113378686
153.6
154.15727891156462
154.69133786848073
155.27183673469386
155.82911564625851
156.47927437641724
157.0829931972789
157.66349206349207
158.2439909297052
158.82448979591837
159.45142857142858
160.1015873015873
160.75174603174602
161.37868480725623
161.9824036281179
162.60934240362812
163.14340136054423
163.70068027210885
164.281179138322
164.8384580498866
165.41895691609977
165.99945578231294
166.6031746031746
167.18367346938774
167.7641723356009
168.36789115646258
168.9019501133787
169.48244897959182
170.10938775510203
170.6898866213152
171.20072562358277
171.73478458049885
172.36172335600907
172.94222222222223
173.52272108843536
174.08
174.66049886621315
175.2409977324263
175.84471655328798
176.4716553287982
177.05215419501133
177.70231292517008
178.37569160997734
178.979410430839
179.55990929705214
180.1404081632653
180.72090702947847
181.3014058956916
181.85868480725622
182.4391836734694
183.04290249433106
183.60018140589568
184.1574603174603
184.761179138322
185.34167800453514
185.9221768707483
186.47945578231293
187.0599546485261
187.66367346938776
188.2441723356009
188.778231292517
189.35873015873017
189.96244897959184
190.51972789115646
191.0770068027211
191.65750566893425
192.26122448979592
192.8649433106576
193.3990022675737
193.97950113378684
194.56
195.14049886621316
195.6977777777778
196.27827664399092
196.85877551020408
197.46249433106576
197.99655328798187
198.577052154195
199.1807709750567
199.76126984126984
200.31854875283446
200.89904761904762
201.47954648526078
202.08326530612246
202.61732426303854
203.1978231292517
203.77832199546486
204.38204081632654
204.91609977324262
205.45015873015873
205.9609977324263
206.42539682539683
207.00589569160996
207.56317460317462
208.12045351473924
208.70095238095237
209.28145124716553
209.8619501133787
210.44244897959183
211.022947845805
211.60344671201815
212.1839455782313
212.76444444444445
213.32172335600907
213.90222222222224
214.48272108843537
