0.13931972789115646
0.626938775510204
1.0913378684807256
1.555736961451247
2.020136054421769
2.48453514739229
2.948934240362812
3.4133333333333336
3.877732426303855
4.365351473922902
4.829750566893424
5.294149659863946
5.758548752834467
6.222947845804988
6.6873469387755105
7.151746031746032
7.63936507936508
8.126984126984127
8.591383219954649
9.05578231292517
9.520181405895691
9.984580498866213
10.448979591836734
10.913378684807256
11.377777777777778
11.842176870748299
12.236916099773243
12.631655328798185
13.02639455782313
13.49079365079365
13.955192743764172
14.44281179138322
14.930430839002268
15.394829931972788
15.85922902494331
16.300408163265306
16.764807256235827
17.22920634920635
17.69360544217687
18.18122448979592
18.64562358276644
19.11002267573696
19.574421768707484
20.038820861678005
20.503219954648525
20.990839002267574
21.455238095238094
21.91963718820862
22.38403628117914
22.871655328798187
23.336054421768708
23.800453514739228
24.264852607709752
24.729251700680273
25.193650793650793
25.68126984126984
26.145668934240362
26.610068027210886
27.074467120181406
27.538866213151927
28.003265306122447
28.490884353741496
28.955283446712016
29.41968253968254
29.88408163265306
30.37170068027211
30.83609977324263
31.30049886621315
31.764897959183674
32.229297052154195
32.69369614512472
33.158095238095235
33.645714285714284
34.11011337868481
34.57451247165533
35.03891156462585
35.50331065759637
35.99092970521542
36.45532879818594
36.91972789115646
37.384126984126986
37.8485260770975
38.31292517006803
38.800544217687076
39.2649433106576
39.72934240362812
40.19374149659864
40.68136054421769
41.145759637188206
41.61015873015873
42.074557823129254
42.53895691609977
43.003356009070295
43.46775510204082
43.95537414965986
44.419773242630384
44.88417233560091
45.348571428571425
45.81297052154195
46.300589569161
46.76498866213152
47.22938775510204
47.69378684807256
48.18140589569161
48.64580498866213
49.11020408163265
49.574603174603176
50.03900226757369
50.50340136054422
50.96780045351474
51.45541950113379
51.919818594104306
52.38421768707483
52.848616780045354
53.31301587301587
53.80063492063492
54.265034013605444
54.72943310657596
55.193832199546485
55.65823129251701
56.14585034013606
56.610249433106574
57.0746485260771
57.53904761904762
58.026666666666664
58.49106575963719
58.95546485260771
59.41986394557823
59.88426303854875
60.348662131519276
60.81306122448979
61.30068027210884
61.765079365079366
62.252698412698415
62.71709750566893
63.181496598639455
63.64589569160998
64.1102947845805
64.57469387755103
65.06231292517006
65.52671201814059
65.99111111111111
66.45551020408163
66.94312925170068
67.4075283446712
67.87192743764173
68.33632653061224
68.80072562358276
69.26512471655329
69.75274376417234
70.21714285714286
70.68154195011338
71.1459410430839
71.61034013605442
72.09795918367347
72.56235827664399
73.02675736961451
73.51437641723356
73.95555555555555
74.4431746031746
74.90757369614512
75.37197278911565
75.83637188208617
76.3007709750567
76.76517006802722
77.22956916099773
77.69396825396825
78.1815873015873
78.64598639455782
79.11038548752835
79.57478458049887
80.03918367346938
80.5035827664399
80.99120181405895
81.45560090702948
81.92
82.38439909297053
82.87201814058957
83.33641723356008
83.80081632653061
84.26521541950113
84.72961451247166
85.2172335600907
85.68163265306123
86.14603174603175
86.61043083900226
87.07482993197279
87.56244897959184
88.02684807256236
88.49124716553288
88.9556462585034
89.42004535147392
89.90766439909297
90.37206349206349
90.83646258503401
91.30086167800454
91.76526077097506
92.22965986394559
92.6940589569161
93.18167800453514
93.64607709750567
94.11047619047619
94.57487528344672
95.03927437641724
95.50367346938775
95.9912925170068
96.45569160997732
96.92009070294785
97.4077097505669
97.87210884353742
98.33650793650794
98.80090702947845
99.26530612244898
99.7297052154195
100.19410430839002
100.68172335600907
101.1461224489796
101.6105215419501
102.07492063492063
102.53931972789115
103.00371882086168
103.49133786848073
103.95573696145125
104.42013605442177
104.90775510204081
105.37215419501133
105.83655328798186
106.30095238095238
106.7653514739229
107.22975056689343
107.69414965986394
108.18176870748299
108.64616780045351
109.11056689342404
109.57496598639456
110.03936507936508
110.50376417233561
110.96816326530612
111.45578231292517
111.92018140589569
112.38458049886621
112.84897959183674
113.31337868480726
113.77777777777777
114.26539682539682
114.72979591836734
115.19419501133787
115.65859410430839
116.14621315192744
116.61061224489796
117.07501133786847
117.539410430839
118.02702947845805
118.49142857142857
118.9558276643991
119.42022675736962
119.88462585034014
120.34902494331065
120.81342403628118
121.30104308390023
121.76544217687075
122.2530612244898
122.71746031746032
123.18185941043085
123.64625850340136
124.11065759637188
124.59827664399093
125.06267573696145
125.52707482993198
125.9914739229025
126.45587301587301
126.94349206349206
127.40789115646258
127.8722902494331
128.33668934240362
128.80108843537414
129.26548752834466
129.75310657596373
130.21750566893425
130.68190476190478
131.14630385487527
131.6107029478458
132.09832199546486
132.56272108843538
133.0271201814059
133.49151927437643
133.95591836734692
134.443537414966
134.9079365079365
135.37233560090704
135.83673469387756
136.30113378684808
136.7655328798186
137.2299319727891
137.69433106575963
138.1819501133787
138.6463492063492
139.11074829931974
139.57514739229026
140.03954648526076
140.50394557823128
140.99156462585034
141.45596371882087
141.9203628117914
142.40798185941043
142.87238095238095
143.33678004535147
143.801179138322
144.26557823129252
144.72997732426305
145.19437641723357
145.6819954648526
146.14639455782313
146.61079365079365
147.07519274376418
147.5395918367347
148.00399092970522
148.49160997732426
148.95600907029478
149.4204081632653
149.90802721088434
150.37242630385487
150.8368253968254
151.3012244897959
151.76562358276644
152.23002267573696
152.717641723356
153.18204081632652
153.64643990929704
154.11083900226757
154.5752380952381
155.03963718820862
155.50403628117914
155.99165532879817
156.4560544217687
156.92045351473922
157.38485260770975
157.8724716553288
158.33687074829933
158.80126984126983
159.26566893424035
159.73006802721088
160.1944671201814
160.68208616780046
161.146485260771
161.61088435374148
162.075283446712
162.53968253968253
163.0273015873016
163.49170068027212
163.95609977324264
164.42049886621317
164.88489795918366
165.37251700680272
165.83691609977325
166.30131519274377
166.7657142857143
167.23011337868482
167.69451247165532
168.18213151927438
168.6465306122449
169.11092970521543
169.57532879818595
170.06294784580498
170.5273469387755
170.99174603174603
171.45614512471656
171.92054421768708
172.3849433106576
172.87256235827664
173.33696145124716
173.8013605442177
174.2657596371882
174.73015873015873
175.19455782312926
175.6821768707483
176.14657596371882
176.61097505668934
177.07537414965986
177.5397732426304
178.02739229024942
178.49179138321995
178.95619047619047
179.420589569161
179.88498866213152
180.37260770975055
180.83700680272108
181.32462585034014
181.78902494331066
182.2534240362812
182.7178231292517
183.1822222222222
183.64662131519273
184.11102040816326
184.59863945578232
185.06303854875284
185.52743764172337
185.9918367346939
186.4562358276644
186.94385487528345
187.40825396825397
187.8726530612245
188.33705215419502
188.80145124716555
189.26585034013604
189.7534693877551
190.21786848072563
190.68226757369615
191.14666666666668
191.6110657596372
192.09868480725623
192.56308390022676
193.02748299319728
193.4918820861678
193.95628117913833
194.44390022675736
194.95473922902494
195.41913832199546
195.83709750566894
196.30149659863946
196.76589569160998
197.2302947845805
197.69469387755103
198.18231292517007
198.6467120181406
199.11111111111111
199.57551020408164
200.03990929705216
200.5043083900227
200.99192743764172
201.45632653061224
201.92072562358277
202.3851247165533
202.87274376417233
203.33714285714285
203.80154195011337
204.2659410430839
204.73034013605442
205.19473922902495
205.68235827664398
206.1467573696145
206.61115646258503
207.07555555555555
207.56317460317462
208.0275736961451
208.49197278911564
208.95637188208616
209.42077097505668
209.90839002267575
210.37278911564627
210.83718820861677
211.3015873015873
211.7659863945578
212.23038548752834
212.69478458049886
213.18240362811792
213.64680272108845
214.11120181405894
214.57560090702947
215.04
215.50439909297052
215.99201814058958
216.4564172335601
216.9208163265306
217.40843537414966
217.87283446712019
218.3372335600907
218.80163265306123
219.26603174603176
219.73043083900228
220.19482993197278
220.68244897959184
221.14684807256236
221.6112471655329
222.0756462585034
222.54004535147394
223.00444444444443
223.4920634920635
223.95646258503402
224.42086167800454
224.90848072562358
225.3728798185941
225.83727891156462
226.30167800453515
226.76607709750567
227.2304761904762
227.69487528344672
228.18249433106575
228.64689342403628
229.1112925170068
229.57569160997733
230.04009070294785
230.50448979591837
230.9921088435374
231.45650793650793
231.92090702947846
232.38530612244898
232.87292517006802
233.33732426303854
233.80172335600906
234.2661224489796
234.7305215419501
235.19492063492063
235.68253968253967
236.1469387755102
236.61133786848072
237.07573696145124
237.54013605442177
238.0045351473923
238.49215419501132
238.95655328798185
239.42095238095237
239.90857142857143
240.37297052154196
