0.18575963718820862
0.7894784580498866
1.3931972789115645
1.9736961451247166
2.5541950113378684
3.111473922902494
3.7151927437641725
4.295691609977324
4.876190476190477
5.456689342403628
6.03718820861678
6.617687074829932
7.198185941043084
7.778684807256236
8.359183673469389
8.962902494331066
9.520181405895691
10.12390022675737
10.704399092970522
11.284897959183674
11.865396825396825
12.445895691609977
13.02639455782313
13.606893424036281
14.187392290249432
14.767891156462586
15.371609977324264
15.952108843537415
16.50938775510204
17.11310657596372
17.69360544217687
18.274104308390022
18.854603174603174
19.435102040816325
20.01560090702948
20.59609977324263
21.199818594104308
21.757097505668934
22.360816326530614
22.941315192743765
23.521814058956917
24.079092970521543
24.68281179138322
25.26331065759637
25.843809523809522
26.424308390022677
27.028027210884353
27.58530612244898
28.189024943310656
28.76952380952381
29.350022675736962
29.930521541950114
30.511020408163265
31.091519274376417
31.672018140589568
32.25251700680272
32.833015873015874
33.436734693877554
34.0172335600907
34.57451247165533
35.15501133786848
35.735510204081635
36.33922902494331
36.91972789115646
37.50022675736962
38.080725623582765
38.66122448979592
39.24172335600907
39.82222222222222
40.40272108843537
40.983219954648526
41.56371882086168
42.14421768707483
42.74793650793651
43.32843537414966
43.885714285714286
44.489433106575966
45.069931972789114
45.65043083900227
46.23092970521542
46.81142857142857
47.391927437641726
47.972426303854874
48.55292517006803
49.13342403628118
49.73714285714286
50.31764172335601
50.874920634920635
51.478639455782314
52.05913832199546
52.63963718820862
53.22013605442177
53.80063492063492
54.35791383219954
54.9384126984127
55.51891156462585
56.122630385487525
56.726349206349205
57.30684807256236
57.88734693877551
58.46784580498866
59.04834467120181
59.628843537414966
60.20934240362812
60.78984126984127
61.37034013605442
61.95083900226757
62.531337868480726
63.111836734693874
63.715555555555554
64.2960544217687
64.87655328798186
65.45705215419501
66.03755102040816
66.61804988662132
67.19854875283447
67.77904761904762
68.35954648526076
68.96326530612245
69.5437641723356
70.12426303854875
70.70476190476191
71.26204081632653
71.8657596371882
72.44625850340137
73.02675736961451
73.60725623582766
74.18775510204081
74.76825396825397
75.34875283446712
75.92925170068027
76.50975056689343
77.09024943310658
77.69396825396825
78.27446712018141
78.83174603174604
79.43546485260771
80.01596371882086
80.59646258503402
81.17696145124717
81.75746031746031
82.361179138322
82.94167800453515
83.5221768707483
84.10267573696144
84.6831746031746
85.26367346938775
85.8441723356009
86.40145124716554
86.98195011337869
87.56244897959184
88.14294784580498
88.72344671201814
89.32716553287982
89.93088435374149
90.48816326530613
91.0918820861678
91.67238095238095
92.25287981859411
92.83337868480726
93.4138775510204
93.99437641723355
94.57487528344672
95.15537414965986
95.68943310657596
96.31637188208617
96.92009070294785
97.500589569161
98.08108843537416
98.63836734693878
99.24208616780045
99.8225850340136
100.40308390022676
100.98358276643991
101.56408163265306
102.14458049886622
102.72507936507937
103.32879818594104
103.9092970521542
104.48979591836735
105.0702947845805
105.65079365079364
106.2312925170068
106.81179138321995
107.3922902494331
107.97278911564626
108.57650793650794
109.15700680272109
109.73750566893425
110.3180045351474
110.89850340136054
111.47900226757369
112.05950113378685
112.64
113.22049886621315
113.80099773242631
114.38149659863946
114.9619954648526
115.56571428571428
116.14621315192744
116.70349206349206
117.30721088435374
117.8877097505669
118.46820861678005
119.0487074829932
119.62920634920636
120.2097052154195
120.79020408163265
121.3707029478458
121.95120181405896
122.55492063492063
123.11219954648526
123.71591836734694
124.29641723356009
124.87691609977324
125.45741496598639
126.03791383219955
126.6184126984127
127.19891156462585
127.77941043083901
128.35990929705216
128.94040816326532
129.52090702947845
130.1014058956916
130.68190476190478
131.2624036281179
131.86612244897958
132.44662131519274
133.0271201814059
133.60761904761904
134.1881179138322
134.76861678004536
135.3491156462585
135.92961451247166
136.51011337868482
137.09061224489795
137.67111111111112
138.25160997732425
138.8321088435374
139.41260770975057
139.9002267573696
140.38784580498867
140.8754648526077
141.47918367346938
142.05968253968254
142.6401814058957
143.22068027210884
143.8243990929705
144.38167800453516
144.9621768707483
145.56589569160997
146.14639455782313
146.70367346938775
147.30739229024942
147.8878911564626
148.46839002267575
149.04888888888888
149.65260770975055
150.23310657596372
150.79038548752834
151.3708843537415
151.95138321995464
152.5086621315193
152.99628117913832
153.5071201814059
154.01795918367347
154.5752380952381
155.15573696145125
155.7362358276644
156.31673469387755
156.8972335600907
157.47773242630385
158.08145124716555
158.66195011337868
159.24244897959184
159.82294784580498
160.40344671201814
161.0071655328798
161.56444444444443
162.16816326530613
162.74866213151927
163.32916099773243
163.9096598639456
164.49015873015873
165.0706575963719
165.65115646258502
166.23165532879818
166.81215419501135
167.39265306122448
167.99637188208618
168.5536507936508
169.15736961451248
169.73786848072564
170.31836734693877
170.89886621315193
171.47936507936507
172.05986394557823
172.61714285714285
173.22086167800452
173.8013605442177
174.38185941043085
174.96235827664398
175.54285714285714
176.1233560090703
176.72707482993198
177.3075736961451
177.86485260770976
178.46857142857144
179.04907029478457
179.62956916099773
180.2100680272109
180.79056689342403
181.3710657596372
181.95156462585035
182.5320634920635
183.13578231292516
183.71628117913832
184.29678004535148
184.87727891156462
185.45777777777778
186.03827664399094
186.61877551020407
187.19927437641724
187.7797732426304
188.36027210884353
188.9407709750567
189.52126984126983
190.101768707483
190.68226757369615
191.26276643990929
191.84326530612245
192.4237641723356
193.02748299319728
193.60798185941044
194.18848072562358
194.7457596371882
