0.13931972789115646
0.603718820861678
1.0913378684807256
1.555736961451247
2.043356009070295
2.507755102040816
2.995374149659864
3.5062131519274375
3.9938321995464854
4.458231292517007
4.9458503401360545
5.433469387755102
5.897868480725624
6.339047619047619
6.849886621315193
7.314285714285714
7.801904761904762
8.266303854875284
8.753922902494331
9.241541950113378
9.7059410430839
10.193560090702947
10.681179138321996
11.145578231292516
11.633197278911565
12.120816326530612
12.585215419501134
13.072834467120181
13.56045351473923
14.02485260770975
14.512471655328799
15.000090702947846
15.464489795918368
15.952108843537415
16.439727891156462
16.904126984126986
17.39174603174603
17.87936507936508
18.3437641723356
18.83138321995465
19.319002267573698
19.783401360544218
20.271020408163267
20.758639455782312
21.223038548752836
21.71065759637188
22.19827664399093
22.66267573696145
23.1502947845805
23.637913832199548
24.102312925170068
24.589931972789117
25.077551020408162
25.541950113378686
26.02956916099773
26.51718820861678
26.9815873015873
27.46920634920635
27.956825396825398
28.421224489795918
28.908843537414967
29.396462585034012
29.88408163265306
30.34848072562358
30.83609977324263
31.32371882086168
31.7881179138322
32.275736961451244
32.76335600907029
33.22775510204082
33.715374149659866
34.202993197278914
34.66739229024943
35.15501133786848
35.64263038548753
36.10702947845805
36.594648526077094
37.08226757369614
37.54666666666667
38.034285714285716
38.521904761904764
38.98630385487528
39.47392290249433
39.938321995464854
40.4259410430839
40.91356009070295
41.40117913832199
41.86557823129252
42.353197278911566
42.840816326530614
43.30521541950113
43.79283446712018
44.28045351473923
44.76807256235828
45.255691609977326
45.72009070294784
46.20770975056689
46.672108843537416
47.159727891156464
47.62412698412698
48.11174603174603
48.59936507936508
49.0637641723356
49.55138321995465
50.03900226757369
50.52662131519274
50.991020408163266
51.478639455782314
51.94303854875283
52.43065759637188
52.91827664399093
53.38267573696145
53.8702947845805
54.35791383219954
54.82231292517007
55.309931972789116
55.797551020408164
56.26195011337869
56.74956916099773
57.23718820861678
57.7015873015873
58.18920634920635
58.6768253968254
59.16444444444444
59.628843537414966
60.116462585034014
60.58086167800454
61.06848072562358
61.55609977324263
62.04371882086168
62.5081179138322
62.99573696145125
63.48335600907029
63.947755102040816
64.43537414965986
64.92299319727891
65.38739229024944
65.87501133786849
66.36263038548753
66.82702947845804
67.3146485260771
67.80226757369614
68.26666666666667
68.75428571428571
69.24190476190476
69.70630385487529
70.19392290249434
70.68154195011338
71.1459410430839
71.63356009070294
72.12117913832199
72.58557823129252
73.07319727891156
73.56081632653061
74.02521541950114
74.51283446712019
75.00045351473923
75.46485260770974
75.9524716553288
76.44009070294784
76.90448979591837
77.39210884353741
77.87972789115646
78.34412698412699
78.83174603174604
79.31936507936508
79.7837641723356
80.27138321995464
80.75900226757369
81.22340136054422
81.71102040816326
82.19863945578231
82.66303854875284
83.15065759637189
83.63827664399093
84.10267573696144
84.5902947845805
85.07791383219954
85.54231292517007
86.02993197278911
86.51755102040816
86.98195011337869
87.46956916099774
87.95718820861678
88.42158730158731
88.90920634920634
89.39682539682539
89.86122448979592
90.34884353741496
90.83646258503401
91.32408163265306
91.78848072562359
92.27609977324263
92.76371882086168
93.2281179138322
93.71573696145124
94.20335600907029
94.66775510204081
95.15537414965986
95.64299319727891
96.10739229024944
96.59501133786848
97.08263038548753
97.54702947845804
98.03464852607709
98.52226757369614
98.98666666666666
99.47428571428571
99.96190476190476
100.42630385487529
100.91392290249433
101.40154195011338
101.8659410430839
102.35356009070294
102.84117913832199
103.30557823129251
103.79319727891156
104.28081632653061
104.74521541950114
105.23283446712018
105.72045351473923
106.18485260770976
106.67247165532879
107.16009070294784
107.62448979591836
108.11210884353741
108.59972789115646
109.06412698412699
109.55174603174603
110.03936507936508
110.50376417233561
110.99138321995464
111.47900226757369
111.94340136054421
112.43102040816326
112.91863945578231
113.38303854875284
113.87065759637188
114.35827664399093
114.82267573696146
115.31029478458049
115.79791383219954
116.35519274376418
116.9124716553288
117.46975056689342
117.95736961451247
118.44498866213152
118.90938775510205
119.3970068027211
119.88462585034014
120.34902494331065
120.8366439909297
121.32426303854875
121.78866213151927
122.27628117913832
122.76390022675737
123.2282993197279
123.71591836734694
124.203537414966
124.69115646258503
125.15555555555555
125.6431746031746
126.10757369614512
126.59519274376417
127.08281179138322
127.57043083900227
128.03482993197278
128.52244897959184
128.98684807256237
129.4744671201814
129.96208616780046
130.426485260771
130.91410430839002
131.40172335600906
131.88934240362812
132.35374149659864
132.84136054421768
133.32897959183674
133.79337868480727
134.2809977324263
134.76861678004536
135.2330158730159
135.72063492063492
136.20825396825396
136.67265306122448
137.16027210884354
137.64789115646258
138.1122902494331
138.59990929705216
139.0875283446712
139.55192743764172
140.03954648526076
140.52716553287982
141.01478458049885
141.47918367346938
141.96680272108844
142.43120181405897
142.918820861678
143.38321995464852
143.8708390022676
144.35845804988662
144.84607709750566
145.31047619047618
145.79809523809524
146.40181405895692
146.98231292517008
147.4699319727891
147.95755102040818
148.42195011337867
148.90956916099773
149.39718820861677
149.8615873015873
150.32598639455782
150.8368253968254
151.3012244897959
151.78884353741498
152.276462585034
152.74086167800453
153.22848072562357
153.71609977324263
154.18049886621316
154.6681179138322
155.15573696145125
155.62013605442178
156.1077551020408
156.59537414965988
157.0597732426304
157.54739229024943
158.01179138321996
158.499410430839
158.98702947845806
159.4746485260771
159.9390476190476
160.42666666666668
160.9142857142857
161.49478458049887
162.09850340136055
162.58612244897958
163.07374149659864
163.56136054421768
164.0257596371882
164.51337868480726
165.0009977324263
165.46539682539682
165.9530158730159
166.44063492063492
166.90503401360544
167.39265306122448
167.88027210884354
168.34467120181407
168.8322902494331
169.31990929705216
169.7843083900227
170.27192743764172
170.75954648526078
171.22394557823128
171.71156462585034
172.19918367346938
172.6635827664399
173.15120181405896
173.638820861678
174.10321995464852
174.5908390022676
175.07845804988662
175.56607709750566
176.03047619047618
176.51809523809524
177.00571428571428
177.4701133786848
177.95773242630386
178.4453514739229
178.93297052154196
179.39736961451248
179.88498866213152
180.34938775510204
180.83700680272108
181.32462585034014
181.78902494331066
182.2766439909297
182.76426303854876
183.2518820861678
183.71628117913832
184.20390022675738
184.66829931972788
185.15591836734694
185.64353741496598
186.1079365079365
186.59555555555556
187.0831746031746
187.54757369614512
188.03519274376418
188.52281179138322
189.01043083900225
189.47482993197278
189.96244897959184
190.42684807256236
190.96090702947845
191.49496598639456
192.05224489795918
192.5863038548753
193.07392290249433
193.56154195011337
194.0259410430839
194.51356009070295
195.001179138322
195.48879818594105
195.95319727891157
196.4408163265306
196.92843537414967
197.3928344671202
197.88045351473923
198.34485260770975
198.8324716553288
199.32009070294785
199.8077097505669
200.2721088435374
200.75972789115647
201.2473469387755
201.71174603174603
202.19936507936507
202.6637641723356
203.15138321995465
203.6390022675737
204.12662131519275
204.59102040816327
205.0786394557823
205.54303854875283
206.0306575963719
206.51827664399093
207.00589569160996
207.4702947845805
207.95791383219955
208.4455328798186
208.9099319727891
209.37433106575963
209.8619501133787
210.34956916099773
210.81396825396826
211.3015873015873
