0.37151927437641724
0.8359183673469388
1.3003174603174603
1.7414965986394557
2.182675736961451
2.647074829931973
3.111473922902494
3.5526530612244898
3.9938321995464854
4.458231292517007
4.922630385487528
5.363809523809524
5.804988662131519
6.2693877551020405
6.710566893424036
7.151746031746032
7.616145124716553
8.057324263038549
8.52172335600907
8.962902494331066
9.404081632653062
9.868480725623582
10.309659863945578
10.7740589569161
11.215238095238096
11.679637188208616
12.144036281179138
12.585215419501134
13.02639455782313
13.49079365079365
13.931972789115646
14.373151927437641
14.837551020408164
15.301950113378684
15.74312925170068
16.184308390022675
16.648707482993196
17.08988662131519
17.554285714285715
17.99546485260771
18.45986394557823
18.901043083900227
19.365442176870747
19.806621315192743
20.271020408163267
20.712199546485262
21.176598639455783
21.640997732426303
22.0821768707483
22.523356009070294
22.96453514739229
23.42893424036281
23.893333333333334
24.357732426303855
24.79891156462585
25.240090702947846
25.704489795918366
26.16888888888889
26.610068027210886
27.051247165532878
27.515646258503402
27.956825396825398
28.421224489795918
28.862403628117914
29.326802721088434
29.76798185941043
30.209160997732425
30.67356009070295
31.114739229024945
31.579138321995465
32.02031746031746
32.48471655328798
32.949115646258505
33.3902947845805
33.8314739229025
34.27265306122449
34.73705215419501
35.178231292517005
35.64263038548753
36.10702947845805
36.548208616780045
36.989387755102044
37.45378684807256
37.89496598639456
38.35936507936508
38.800544217687076
39.2649433106576
39.70612244897959
40.170521541950116
40.61170068027211
41.07609977324263
41.517278911564624
41.95845804988662
42.42285714285714
42.887256235827664
43.32843537414966
43.769614512471655
44.23401360544218
44.698412698412696
45.139591836734695
45.60399092970521
46.04517006802721
46.509569160997735
46.95074829931973
47.391927437641726
47.83310657596372
48.251065759637186
48.738684807256234
49.20308390022676
49.66748299319728
50.1318820861678
50.5730612244898
51.01424036281179
51.478639455782314
51.919818594104306
52.360997732426306
52.8021768707483
53.289795918367346
53.730975056689346
54.17215419501134
54.63655328798186
55.10095238095238
55.54213151927438
56.006530612244894
56.447709750566894
56.888888888888886
57.330068027210885
57.79446712018141
58.2356462585034
58.700045351473925
59.14122448979592
59.60562358276644
60.04680272108843
60.51120181405896
60.97560090702948
61.41678004535147
61.85795918367347
62.32235827664399
62.76353741496599
63.227936507936505
63.69233560090703
64.13351473922903
64.57469387755103
65.03909297052154
65.48027210884354
65.92145124716554
66.339410430839
66.82702947845804
67.26820861678004
67.73260770975057
68.19700680272109
68.63818594104309
69.07936507936508
69.5437641723356
70.00816326530612
70.44934240362812
70.91374149659863
71.35492063492063
71.79609977324263
72.26049886621315
72.70167800453515
73.16607709750566
73.63047619047619
74.07165532879819
74.51283446712019
74.97723356009071
75.4184126984127
75.88281179138322
76.34721088435374
76.78839002267574
77.25278911564625
77.67074829931973
78.13514739229025
78.57632653061225
79.0639455782313
79.50512471655328
79.9695238095238
80.4107029478458
80.87510204081633
81.31628117913833
81.75746031746031
82.22185941043084
82.66303854875284
83.10421768707484
83.56861678004535
84.03301587301587
84.4974149659864
84.91537414965987
85.37977324263039
85.82095238095238
86.26213151927438
86.7265306122449
87.19092970521542
87.63210884353741
88.09650793650793
88.53768707482993
89.00208616780046
89.44326530612246
89.90766439909297
90.34884353741496
90.79002267573696
91.25442176870749
91.69560090702947
92.13678004535147
92.601179138322
93.042358276644
93.50675736961452
93.97115646258503
94.41233560090703
94.85351473922903
95.31791383219955
95.75909297052154
96.22349206349206
96.68789115646258
97.12907029478458
97.57024943310658
98.01142857142857
98.47582766439909
98.94022675736962
99.38140589569161
99.84580498866214
100.31020408163265
100.75138321995465
101.19256235827665
101.63374149659865
102.09814058956916
102.56253968253968
103.00371882086168
103.44489795918368
103.9092970521542
104.35047619047619
104.81487528344671
105.25605442176871
105.72045351473923
106.16163265306122
106.60281179138322
107.06721088435374
107.53160997732427
107.97278911564626
108.41396825396825
108.87836734693877
109.3427664399093
109.7839455782313
110.24834467120182
110.6895238095238
111.15392290249433
111.59510204081633
112.03628117913833
112.50068027210884
112.94185941043084
113.38303854875284
113.84743764172336
114.28861678004534
114.75301587301587
115.19419501133787
115.65859410430839
116.09977324263039
116.5641723356009
117.0053514739229
117.46975056689342
117.93414965986395
118.37532879818595
118.81650793650793
119.28090702947846
119.72208616780046
120.18648526077098
120.62766439909296
121.09206349206349
121.53324263038549
121.99764172335601
122.43882086167801
122.88
123.34439909297052
123.80879818594104
124.24997732426304
124.71437641723357
125.15555555555555
125.59673469387755
126.06113378684807
126.50231292517007
126.96671201814058
127.43111111111111
127.8722902494331
128.33668934240362
128.77786848072563
129.21904761904761
129.66022675736963
130.12462585034012
130.56580498866214
131.03020408163266
131.47138321995465
131.93578231292517
132.4001814058957
132.84136054421768
133.2825396825397
133.70049886621314
134.14167800453515
134.60607709750568
135.0704761904762
135.51165532879818
135.9760544217687
136.44045351473923
136.88163265306122
137.32281179138323
137.78721088435375
138.25160997732425
138.69278911564626
139.1571882086168
139.6215873015873
140.0627664399093
140.50394557823128
140.9451247165533
141.38630385487528
141.87392290249434
142.31510204081633
142.7562811791383
143.22068027210884
143.68507936507936
144.14947845804988
144.59065759637187
145.0550566893424
145.4962358276644
145.9374149659864
146.40181405895692
146.86621315192744
147.33061224489796
147.77179138321995
148.21297052154196
148.67736961451246
149.14176870748298
149.582947845805
150.02412698412698
150.465306122449
150.9297052154195
151.3708843537415
151.8120634920635
152.2532426303855
152.717641723356
153.158820861678
153.64643990929704
154.11083900226757
154.52879818594104
154.94675736961452
155.364716553288
155.78267573696147
156.2006349206349
156.6185941043084
157.03655328798186
157.45451247165533
157.89569160997732
158.36009070294784
158.77804988662132
159.1960090702948
159.61396825396827
160.0087074829932
160.40344671201814
160.84462585034012
161.30902494331065
161.75020408163266
162.21460317460318
162.65578231292517
163.1201814058957
163.58458049886622
164.04897959183674
164.49015873015873
164.93133786848074
165.37251700680272
165.83691609977325
166.27809523809523
166.71927437641725
167.20689342403628
167.64807256235827
168.1124716553288
168.5536507936508
169.01804988662133
169.4592290249433
169.9004081632653
170.3415873015873
170.80598639455783
171.24716553287982
171.71156462585034
172.17596371882087
172.61714285714285
173.08154195011338
173.52272108843536
173.96390022675737
174.4282993197279
174.86947845804988
175.3338775510204
175.7750566893424
176.23945578231292
176.68063492063493
177.14503401360545
177.58621315192744
178.05061224489796
178.49179138321995
178.95619047619047
179.39736961451248
179.86176870748298
180.3261678004535
180.76734693877552
181.2085260770975
181.6497052154195
182.11410430839
182.57850340136054
183.01968253968255
183.46086167800453
183.92526077097506
184.36643990929704
184.80761904761906
185.27201814058958
185.7364172335601
186.1775963718821
186.6419954648526
187.0831746031746
187.54757369614512
187.9887528344671
188.42993197278912
188.89433106575964
189.33551020408163
189.7766893424036
190.24108843537414
190.70548752834466
191.1698866213152
191.58784580498866
192.02902494331065
192.49342403628117
192.93460317460318
193.3990022675737
193.86340136054423
194.30458049886622
194.76897959183674
195.21015873015872
195.65133786848074
196.11573696145123
196.55691609977325
197.02131519274377
197.46249433106576
197.92689342403628
198.3912925170068
198.80925170068028
199.2736507936508
199.73804988662133
200.1792290249433
200.64362811791383
201.08480725623582
201.54920634920634
202.01360544217687
202.45478458049885
202.89596371882087
203.3603628117914
203.80154195011337
204.2659410430839
204.70712018140588
205.1715192743764
205.61269841269842
206.0538775510204
206.4950566893424
206.95945578231292
