0.11609977324263039
0.5804988662131519
1.0448979591836736
1.5325170068027212
1.9969160997732427
2.461315192743764
2.9257142857142857
3.3901133786848074
3.877732426303855
4.342131519274377
4.806530612244898
5.270929705215419
5.758548752834467
6.222947845804988
6.6873469387755105
7.151746031746032
7.616145124716553
8.080544217687075
8.568163265306122
9.032562358276644
9.496961451247165
9.961360544217687
10.425759637188209
10.913378684807256
11.377777777777778
11.842176870748299
12.329795918367347
12.794195011337868
13.25859410430839
13.722993197278912
14.187392290249432
14.651791383219955
15.116190476190477
15.603809523809524
16.068208616780044
16.532607709750568
17.020226757369613
17.484625850340137
17.925804988662133
18.413424036281178
18.877823129251702
19.342222222222222
19.82984126984127
20.29424036281179
20.758639455782312
21.223038548752836
21.687437641723356
22.175056689342405
22.639455782312925
23.103854875283446
23.56825396825397
24.03265306122449
24.49705215419501
24.98467120181406
25.44907029478458
25.913469387755104
26.354648526077096
26.842267573696144
27.329886621315193
27.794285714285714
28.258684807256238
28.723083900226758
29.18748299319728
29.6518820861678
30.139501133786847
30.603900226757368
31.068299319727892
31.532698412698412
31.997097505668933
32.48471655328798
32.949115646258505
33.41351473922902
33.877913832199546
34.34231292517007
34.80671201814059
35.27111111111111
35.75873015873016
36.22312925170068
36.6875283446712
37.151927437641724
37.61632653061225
38.10394557823129
38.59156462585034
39.07918367346939
39.52036281179139
39.9847619047619
40.44916099773243
40.91356009070295
41.37795918367347
41.84235827664399
42.32997732426304
42.79437641723356
43.25877551020408
43.723174603174606
44.18757369614512
44.67519274376417
45.11637188208617
45.58077097505669
46.068390022675736
46.53278911564626
46.99718820861678
47.4615873015873
47.925986394557825
48.41360544217687
48.87800453514739
49.342403628117914
49.80680272108844
50.29442176870748
50.758820861678004
51.22321995464853
51.687619047619044
52.15201814058957
52.61641723356009
53.08081632653061
53.54521541950113
54.00961451247166
54.497233560090706
54.96163265306122
55.42603174603175
55.89043083900227
56.37804988662131
56.842448979591836
57.30684807256236
57.74802721088435
58.2356462585034
58.700045351473925
59.187664399092974
59.65206349206349
60.116462585034014
60.58086167800454
61.045260770975055
61.50965986394558
61.99727891156463
62.461678004535145
62.92607709750567
63.39047619047619
63.87809523809524
64.34249433106577
64.80689342403628
65.24807256235827
65.73569160997732
66.20009070294785
66.6877097505669
67.15210884353742
67.61650793650794
68.08090702947845
68.54530612244898
69.0097052154195
69.49732426303855
69.96172335600907
70.4261224489796
70.89052154195011
71.37814058956916
71.84253968253968
72.3069387755102
72.77133786848073
73.23573696145125
73.70013605442176
74.18775510204081
74.65215419501133
75.11655328798186
75.58095238095238
76.06857142857143
76.50975056689343
76.99736961451246
77.46176870748299
77.92616780045351
78.39056689342404
78.87818594104309
79.34258503401361
79.80698412698413
80.27138321995464
80.73578231292517
81.22340136054422
81.68780045351474
82.15219954648526
82.61659863945579
83.0809977324263
83.56861678004535
84.00979591836735
84.4974149659864
84.96181405895692
85.42621315192744
85.89061224489797
86.378231292517
86.84263038548752
87.30702947845805
87.77142857142857
88.2358276643991
88.70022675736962
89.18784580498867
89.65224489795918
90.1166439909297
90.58104308390023
91.06866213151928
91.5330612244898
91.99746031746032
92.46185941043083
92.92625850340136
93.39065759637188
93.87827664399093
94.34267573696145
94.80707482993198
95.2714739229025
95.75909297052154
96.22349206349206
96.68789115646258
97.17551020408163
97.61668934240363
98.08108843537416
98.54548752834467
99.00988662131519
99.49750566893424
99.96190476190476
100.42630385487529
100.89070294784581
101.35510204081632
101.84272108843537
102.30712018140589
102.77151927437642
103.23591836734694
103.70031746031746
104.18793650793651
104.65233560090702
105.11673469387755
105.58113378684807
106.06875283446712
106.53315192743764
106.99755102040817
107.46195011337869
107.9263492063492
108.39074829931972
108.85514739229025
109.3427664399093
109.80716553287982
110.27156462585035
110.73596371882086
111.20036281179138
111.68798185941043
112.15238095238095
112.61678004535148
113.081179138322
113.56879818594105
114.03319727891156
114.49759637188208
114.9619954648526
115.42639455782313
115.91401360544218
116.35519274376418
116.84281179138323
117.30721088435374
117.77160997732426
118.23600907029478
118.72362811791383
119.18802721088436
119.65242630385488
120.11682539682539
120.60444444444444
121.06884353741496
121.53324263038549
122.02086167800454
122.46204081632654
122.90321995464852
123.39083900226757
123.87845804988662
124.34285714285714
124.83047619047619
125.29487528344671
125.75927437641724
126.22367346938775
126.68807256235827
127.17569160997732
127.64009070294784
128.10448979591837
128.5688888888889
129.03328798185942
129.52090702947845
129.98530612244897
130.4497052154195
130.91410430839002
131.37850340136055
131.84290249433107
132.3305215419501
132.79492063492063
133.25931972789115
133.72371882086168
134.1881179138322
134.65251700680273
135.14013605442176
135.60453514739228
136.0689342403628
136.53333333333333
136.99773242630386
137.46213151927438
137.9265306122449
138.41414965986394
138.87854875283446
139.34294784580499
139.8073469387755
140.27174603174603
140.75936507936507
141.2237641723356
141.68816326530612
142.15256235827664
142.61696145124716
143.10458049886623
143.56897959183672
144.03337868480725
144.49777777777777
144.9621768707483
145.44979591836736
145.91419501133788
146.37859410430838
146.8429931972789
147.30739229024942
147.77179138321995
148.259410430839
148.74702947845805
149.21142857142857
149.6758276643991
150.11700680272108
150.60462585034014
151.06902494331067
151.5334240362812
151.9978231292517
152.4622222222222
152.92662131519273
153.4142403628118
153.87863945578232
154.34303854875284
154.80743764172337
155.2950566893424
155.75945578231293
156.22385487528345
156.68825396825397
157.1526530612245
157.61705215419502
158.08145124716555
158.56907029478458
159.0334693877551
159.49786848072563
159.96226757369615
160.42666666666668
160.8910657596372
161.37868480725623
161.84308390022676
162.30748299319728
162.7718820861678
163.23628117913833
163.70068027210885
164.1882993197279
164.6526984126984
165.11709750566894
165.58149659863946
166.04589569160999
166.5102947845805
166.99791383219954
167.46231292517007
167.9267120181406
168.39111111111112
168.87873015873015
169.31990929705216
169.8075283446712
170.27192743764172
170.73632653061225
171.20072562358277
171.6883446712018
172.15274376417233
172.61714285714285
173.08154195011338
173.56916099773244
174.03356009070293
174.49795918367346
174.96235827664398
175.4267573696145
175.89115646258503
176.3787755102041
176.84317460317462
177.3075736961451
177.77197278911564
178.23637188208616
178.70077097505668
179.18839002267575
179.65278911564627
180.11718820861677
180.5815873015873
181.04598639455781
181.51038548752834
181.9980045351474
182.46240362811793
182.92680272108842
183.39120181405895
183.85560090702947
184.34321995464853
184.80761904761906
185.27201814058958
185.7364172335601
186.22403628117914
186.68843537414966
187.1760544217687
187.6172335600907
188.08163265306123
188.56925170068027
189.0336507936508
189.49804988662132
189.96244897959184
190.42684807256236
190.8912471655329
191.37886621315192
191.84326530612245
192.30766439909297
192.74884353741496
193.23646258503402
193.70086167800454
194.18848072562358
194.6528798185941
195.11727891156463
195.58167800453515
196.04607709750567
196.5104761904762
196.99809523809523
197.46249433106576
197.92689342403628
198.41451247165534
198.85569160997733
199.34331065759636
199.8077097505669
200.2488888888889
200.73650793650793
201.224126984127
201.6885260770975
202.15292517006802
202.64054421768708
203.1049433106576
203.56934240362813
204.03374149659865
204.52136054421769
204.9857596371882
205.4269387755102
205.8681179138322
206.3092970521542
206.75047619047618
207.2148752834467
207.70249433106576
208.1901133786848
208.67773242630386
209.1653514739229
209.65297052154196
210.140589569161
210.60498866213152
211.06938775510204
211.53378684807257
212.0214058956916
212.48580498866212
212.95020408163265
213.41460317460317
213.8790022675737
214.34340136054422
214.80780045351474
215.27219954648527
215.7365986394558
216.20099773242632
216.6653968253968
217.15301587301587
217.6174149659864
218.08181405895692
218.56943310657596
219.03383219954648
219.498231292517
219.96263038548753
220.380589569161
220.77532879818594
221.17006802721087
221.6112471655329
222.0756462585034
222.56326530612245
223.02766439909297
223.4920634920635
223.95646258503402
224.42086167800454
224.90848072562358
225.3728798185941
225.83727891156462
226.30167800453515
226.76607709750567
227.2536961451247
227.71809523809523
228.18249433106575
228.64689342403628
229.1112925170068
229.57569160997733
230.04009070294785
230.52770975056688
230.9921088435374
231.45650793650793
231.92090702947846
232.38530612244898
232.87292517006802
233.33732426303854
233.80172335600906
234.2661224489796
234.7305215419501
235.19492063492063
235.68253968253967
236.1469387755102
236.61133786848072
237.07573696145124
237.54013605442177
238.02775510204083
238.49215419501132
238.95655328798185
239.42095238095237
239.8853514739229
240.37297052154196
240.83736961451248
241.301768707483
241.7661678004535
242.23056689342403
242.7181859410431
243.1825850340136
243.64698412698414
244.11138321995466
244.57578231292516
245.04018140589568
245.52780045351474
245.99219954648527
246.4565986394558
246.92099773242631
247.38539682539684
247.84979591836733
248.31419501133786
248.80181405895692
249.28943310657596
