0.09287981859410431
0.4876190476190476
0.8591383219954648
1.230657596371882
1.6253968253968254
1.9969160997732427
2.36843537414966
2.716734693877551
3.111473922902494
3.4829931972789114
3.8545124716553287
4.249251700680272
4.620770975056689
4.992290249433107
5.363809523809524
5.735328798185941
6.106848072562358
6.478367346938776
6.849886621315193
7.244625850340136
7.616145124716553
7.987664399092971
8.359183673469389
8.730702947845804
9.102222222222222
9.47374149659864
9.845260770975056
10.216780045351474
10.611519274376418
10.983038548752834
11.354557823129252
11.749297052154194
12.120816326530612
12.49233560090703
12.863854875283447
13.235374149659863
13.606893424036281
13.978412698412699
14.349931972789115
14.744671201814059
15.116190476190477
15.487709750566893
15.85922902494331
16.23074829931973
16.602267573696146
16.99700680272109
17.368526077097506
17.740045351473924
18.11156462585034
18.483083900226756
18.854603174603174
19.249342403628116
19.620861678004534
19.99238095238095
20.36390022675737
20.735419501133787
21.106938775510205
21.478458049886623
21.849977324263037
22.244716553287983
22.593015873015872
22.987755102040815
23.359274376417233
23.73079365079365
24.102312925170068
24.473832199546486
24.845351473922904
25.240090702947846
25.611609977324264
25.98312925170068
26.354648526077096
26.749387755102042
27.12090702947846
27.46920634920635
27.86394557823129
28.23546485260771
28.606984126984127
28.978503401360545
29.350022675736962
29.744761904761905
30.116281179138323
30.48780045351474
30.859319727891158
31.230839002267572
31.60235827664399
31.973877551020408
32.36861678004535
32.74013605442177
33.111655328798186
33.483174603174604
33.85469387755102
34.22621315192744
34.59773242630386
34.9924716553288
35.36399092970522
35.735510204081635
36.10702947845805
36.47854875283447
36.85006802721088
37.24480725623583
37.61632653061225
37.98784580498866
38.35936507936508
38.730884353741494
39.10240362811791
39.47392290249433
39.84544217687075
40.24018140589569
40.61170068027211
40.983219954648526
41.35473922902494
41.72625850340136
42.120997732426304
42.49251700680272
42.86403628117914
43.23555555555556
43.607074829931975
43.97859410430839
44.35011337868481
44.74485260770975
45.11637188208617
45.48789115646259
45.859410430839006
46.23092970521542
46.602448979591834
46.97396825396825
47.368707482993194
47.74022675736961
48.11174603174603
48.48326530612245
48.854784580498865
49.24952380952381
49.5978231292517
49.99256235827664
50.36408163265306
50.73560090702948
51.1071201814059
51.478639455782314
51.85015873015873
52.22167800453515
52.61641723356009
52.98793650793651
53.35945578231293
53.75419501133787
54.102494331065756
54.474013605442174
54.868752834467124
55.240272108843534
55.61179138321995
55.98331065759637
56.35482993197279
56.726349206349205
57.12108843537415
57.492607709750565
57.86412698412698
58.2356462585034
58.60716553287982
58.978684807256236
59.350204081632654
59.72172335600907
60.116462585034014
60.48798185941043
60.85950113378685
61.23102040816327
61.602539682539685
61.9740589569161
62.368798185941046
62.74031746031746
63.111836734693874
63.48335600907029
63.85487528344671
64.24961451247165
64.62113378684808
64.99265306122449
65.36417233560091
65.73569160997732
66.10721088435375
66.47873015873016
66.85024943310657
67.221768707483
67.61650793650794
67.98802721088435
68.35954648526076
68.73106575963719
69.1025850340136
69.47410430839003
69.86884353741496
70.24036281179139
70.6118820861678
70.98340136054422
71.35492063492063
71.72643990929706
72.09795918367347
72.46947845804989
72.86421768707483
73.23573696145125
73.60725623582766
73.97877551020409
74.3502947845805
74.74503401360545
75.11655328798186
75.48807256235828
75.8595918367347
76.2311111111111
76.60263038548753
76.97414965986394
77.34566893424036
77.7404081632653
78.11192743764173
78.48344671201814
78.85496598639456
79.22648526077097
79.62122448979592
79.99274376417233
80.36426303854876
80.73578231292517
81.10730158730159
81.478820861678
81.85034013605443
82.24507936507936
82.61659863945579
82.9881179138322
83.35963718820862
83.73115646258503
84.10267573696144
84.47419501133787
84.86893424036282
85.24045351473923
85.61197278911564
85.98349206349206
86.35501133786848
86.7265306122449
87.09804988662131
87.46956916099774
87.86430839002267
88.2358276643991
88.6073469387755
88.97886621315193
89.35038548752834
89.74512471655329
90.1166439909297
90.48816326530613
90.85968253968254
91.23120181405896
91.60272108843537
91.9742403628118
92.34575963718821
92.74049886621316
93.11201814058957
93.48353741496598
93.8550566893424
94.24979591836734
94.59809523809524
94.96961451247165
95.34113378684808
95.73587301587301
96.10739229024944
96.47891156462585
96.85043083900227
97.2451700680272
97.61668934240363
97.98820861678004
98.35972789115647
98.73124716553288
99.1027664399093
99.47428571428571
99.84580498866214
100.24054421768707
100.6120634920635
100.98358276643991
101.35510204081632
101.72662131519274
102.09814058956916
102.4928798185941
102.86439909297052
103.23591836734694
103.60743764172335
103.97895691609978
104.35047619047619
104.74521541950114
105.11673469387755
105.48825396825397
105.85977324263038
106.25451247165533
106.60281179138322
106.97433106575964
107.36907029478458
107.71736961451248
108.11210884353741
108.48362811791384
108.85514739229025
109.2498866213152
109.62140589569161
109.99292517006803
110.36444444444444
110.73596371882086
111.10748299319728
111.47900226757369
111.85052154195012
112.24526077097505
112.61678004535148
112.98829931972789
113.35981859410431
113.73133786848072
114.10285714285715
114.49759637188208
114.8691156462585
115.24063492063492
115.61215419501134
115.98367346938775
116.35519274376418
116.72671201814059
117.12145124716554
117.49297052154195
117.86448979591837
118.23600907029478
118.6075283446712
118.97904761904762
119.35056689342403
119.74530612244898
120.11682539682539
120.48834467120182
120.85986394557823
121.23138321995465
121.60290249433106
121.97442176870749
122.3459410430839
122.71746031746032
123.11219954648526
123.48371882086168
123.8552380952381
124.24997732426304
124.62149659863945
124.99301587301588
125.36453514739229
125.73605442176871
126.10757369614512
126.47909297052155
126.85061224489796
127.24535147392291
127.61687074829932
127.98839002267573
128.35990929705216
128.73142857142858
129.10294784580498
129.4744671201814
129.84598639455783
130.21750566893425
130.6122448979592
130.9837641723356
131.355283446712
131.75002267573697
132.12154195011337
132.4930612244898
132.86458049886622
133.23609977324264
133.60761904761904
133.97913832199546
134.3506575963719
134.72217687074829
135.11691609977325
135.48843537414967
135.85995464852607
136.2314739229025
136.60299319727892
136.99773242630386
137.36925170068028
137.74077097505668
138.1122902494331
138.48380952380953
138.85532879818595
139.2500680272109
139.6215873015873
139.9931065759637
140.36462585034013
140.73614512471656
141.10766439909298
141.47918367346938
141.8507029478458
142.22222222222223
142.59374149659865
142.96526077097505
143.36
143.7315192743764
144.10303854875283
144.49777777777777
144.8692970521542
145.24081632653062
145.61233560090702
145.98385487528344
146.35537414965987
146.7268934240363
147.0984126984127
147.4699319727891
147.86467120181405
148.23619047619047
148.6077097505669
148.97922902494332
149.37396825396826
149.74548752834468
150.11700680272108
150.4885260770975
150.86004535147393
151.23156462585035
151.60308390022675
151.97460317460317
152.3693424036281
152.74086167800453
153.11238095238096
153.48390022675736
153.85541950113378
154.2269387755102
154.59845804988663
154.99319727891157
155.364716553288
155.7362358276644
156.1077551020408
156.47927437641724
156.85079365079366
157.2455328798186
157.61705215419502
157.98857142857142
158.36009070294784
158.73160997732427
159.1031292517007
159.49786848072563
159.86938775510205
160.24090702947845
160.61242630385487
160.9839455782313
161.3554648526077
161.72698412698412
162.12172335600906
162.49324263038548
162.8647619047619
163.23628117913833
163.60780045351473
163.97931972789115
164.35083900226758
164.7455782312925
165.11709750566894
165.48861678004536
165.86013605442176
166.23165532879818
166.6031746031746
166.99791383219954
167.36943310657597
167.7409523809524
168.1124716553288
168.48399092970521
168.85551020408164
169.22702947845804
169.621768707483
169.99328798185942
170.36480725623582
170.73632653061225
171.10784580498867
171.47936507936507
171.8508843537415
172.22240362811792
172.61714285714285
172.98866213151928
173.3601814058957
173.7317006802721
174.10321995464852
174.47473922902495
174.86947845804988
175.2409977324263
175.61251700680273
175.98403628117913
176.35555555555555
176.72707482993198
177.0985941043084
177.49333333333334
177.86485260770976
178.23637188208616
178.60789115646259
178.979410430839
179.3509297052154
179.72244897959183
180.11718820861677
180.4887074829932
180.86022675736962
181.23174603174604
181.60326530612244
181.97478458049886
182.3463038548753
182.74104308390022
183.11256235827665
183.48408163265307
183.85560090702947
184.2271201814059
184.59863945578232
184.97015873015874
185.36489795918368
185.7364172335601
186.1079365079365
186.47945578231293
186.85097505668935
187.24571428571429
187.6172335600907
187.9887528344671
188.36027210884353
188.73179138321996
189.10331065759638
189.47482993197278
189.86956916099774
190.24108843537414
190.61260770975056
190.984126984127
191.3556462585034
191.7271655328798
192.12190476190477
192.49342403628117
192.8649433106576
193.23646258503402
193.60798185941044
193.97950113378684
194.35102040816327
194.7457596371882
195.11727891156463
195.48879818594105
195.86031746031745
196.23183673469387
196.6033560090703
196.97487528344672
197.34639455782312
197.74113378684808
198.11265306122448
198.4841723356009
198.85569160997733
199.25043083900226
199.6219501133787
199.9934693877551
200.3649886621315
200.73650793650793
201.10802721088436
201.47954648526078
201.85106575963718
202.24580498866214
202.61732426303854
202.98884353741497
203.3603628117914
203.7318820861678
204.1034013605442
204.47492063492064
204.84643990929706
205.21795918367346
205.61269841269842
205.98421768707482
206.35573696145124
206.72725623582767
207.0987755102041
207.49351473922903
207.86503401360545
208.23655328798185
208.60807256235827
208.9795918367347
209.35111111111112
209.74585034013606
210.11736961451248
210.48888888888888
210.8604081632653
211.23192743764173
211.60344671201815
211.97496598639455
212.34648526077098
212.7412244897959
213.11274376417234
213.48426303854876
213.85578231292516
214.25052154195012
214.62204081632652
214.99356009070294
215.36507936507937
215.7365986394558
216.1081179138322
216.4796371882086
216.85115646258504
217.22267573696146
217.6174149659864
217.98893424036282
218.36045351473922
218.73197278911564
219.10349206349207
219.4750113378685
219.86975056689343
220.24126984126985
220.61278911564625
220.98430839002268
221.3558276643991
221.7273469387755
222.09886621315192
222.49360544217686
222.86512471655328
223.2366439909297
223.60816326530613
223.97968253968253
224.35120181405895
224.7459410430839
225.1174603174603
225.48897959183674
225.86049886621316
226.23201814058956
226.62675736961452
226.99827664399092
227.36979591836734
227.74131519274377
228.1128344671202
228.4843537414966
228.85587301587302
229.22739229024944
229.59891156462584
229.9936507936508
230.3651700680272
230.73668934240362
231.10820861678005
231.45650793650793
231.85124716553287
232.24598639455783
232.61750566893423
232.98902494331065
233.36054421768708
233.7320634920635
234.1035827664399
234.47510204081632
234.86984126984126
235.24136054421768
235.6128798185941
235.98439909297053
236.35591836734693
236.7506575963719
237.1221768707483
237.49369614512472
237.86521541950114
238.23673469387754
238.60825396825396
238.9797732426304
239.3512925170068
239.74603174603175
240.11755102040817
240.48907029478457
240.860589569161
241.23210884353742
241.60362811791384
241.99836734693878
242.3698866213152
242.7414058956916
243.11292517006802
243.48444444444445
243.85596371882087
244.22748299319727
244.5990022675737
244.99374149659863
245.36526077097506
245.73678004535148
246.1082993197279
246.4798185941043
246.85133786848073
247.24607709750566
247.6175963718821
247.9891156462585
248.3606349206349
248.73215419501133
249.10367346938776
249.47519274376418
249.86993197278912
250.24145124716554
250.61297052154194
250.98448979591836
