0.06965986394557823
0.5572789115646258
1.0216780045351475
1.509297052154195
1.9969160997732427
2.461315192743764
2.948934240362812
3.4133333333333336
3.900952380952381
4.365351473922902
4.829750566893424
5.317369614512471
5.804988662131519
6.292607709750567
6.757006802721088
7.244625850340136
7.7090249433106575
8.17342403628118
8.661043083900227
9.125442176870749
9.613061224489796
10.077460317460318
10.565079365079365
11.029478458049887
11.517097505668934
11.981496598639456
12.469115646258503
12.933514739229025
13.421133786848072
13.885532879818594
14.373151927437641
14.837551020408164
15.32517006802721
15.789569160997733
16.27718820861678
16.741587301587302
17.22920634920635
17.69360544217687
18.18122448979592
18.64562358276644
19.13324263038549
19.59764172335601
20.06204081632653
20.54965986394558
21.037278911564627
21.501678004535147
21.989297052154196
22.453696145124717
22.941315192743765
23.405714285714286
23.893333333333334
24.38095238095238
24.845351473922904
25.33297052154195
25.797369614512473
26.261768707482993
26.749387755102042
27.237006802721087
27.70140589569161
28.189024943310656
28.65342403628118
29.141043083900225
29.60544217687075
30.093061224489794
30.55746031746032
31.02185941043084
31.509478458049887
31.997097505668933
32.46149659863946
32.949115646258505
33.41351473922902
33.90113378684807
34.365532879818595
34.853151927437644
35.31755102040816
35.80517006802721
36.26956916099773
36.75718820861678
37.2215873015873
37.70920634920635
38.196825396825396
38.70766439909297
39.21850340136054
39.75256235827664
40.30984126984127
40.820680272108845
41.28507936507936
41.77269841269841
42.237097505668935
42.72471655328798
43.1891156462585
43.67673469387755
44.14113378684807
44.62875283446712
45.09315192743764
45.58077097505669
46.04517006802721
46.53278911564626
47.04362811791383
47.53124716553288
48.01886621315193
48.48326530612245
48.970884353741496
49.48172335600907
50.01578231292517
50.54984126984127
51.037460317460315
51.525079365079364
51.98947845804989
52.47709750566894
52.94149659863945
53.4291156462585
53.893514739229026
54.35791383219954
54.84553287981859
55.33315192743764
55.797551020408164
56.28517006802721
56.74956916099773
57.23718820861678
57.7015873015873
58.18920634920635
58.65360544217687
59.14122448979592
59.60562358276644
60.09324263038549
60.55764172335601
61.045260770975055
61.50965986394558
61.99727891156463
62.48489795918368
62.94929705215419
63.41369614512472
63.901315192743766
64.38893424036281
64.85333333333334
65.34095238095239
65.8053514739229
66.29297052154195
66.75736961451247
67.24498866213152
67.70938775510204
68.22022675736962
68.75428571428571
69.24190476190476
69.70630385487529
70.19392290249434
70.65832199546485
71.12272108843537
71.61034013605442
72.07473922902494
72.56235827664399
73.02675736961451
73.51437641723356
73.97877551020409
74.46639455782314
74.93079365079365
75.4184126984127
75.88281179138322
76.37043083900227
76.83482993197279
77.32244897959184
77.78684807256236
78.27446712018141
78.73886621315192
79.22648526077097
79.6908843537415
80.17850340136054
80.64290249433107
81.13052154195012
81.59492063492064
82.08253968253969
82.57015873015872
83.03455782312925
83.45251700680272
83.91691609977325
84.38131519274377
84.82249433106576
85.33333333333333
85.79773242630385
86.26213151927438
86.74975056689343
87.23736961451247
87.701768707483
88.16616780045351
88.65378684807256
89.1414058956916
89.60580498866213
90.09342403628118
90.5578231292517
91.04544217687075
91.50984126984127
91.9742403628118
92.46185941043083
92.94947845804988
93.4138775510204
93.87827664399093
94.36589569160998
94.85351473922903
95.31791383219955
95.78231292517007
96.26993197278911
96.73433106575963
97.22195011337868
97.6863492063492
98.17396825396825
98.6615873015873
99.12598639455783
99.61360544217688
100.07800453514739
100.56562358276643
101.03002267573696
101.51764172335601
101.98204081632653
102.46965986394558
102.9340589569161
103.42167800453515
103.88607709750566
104.37369614512471
104.83809523809524
105.32571428571428
105.79011337868481
106.27773242630386
106.74213151927438
107.22975056689343
107.71736961451248
108.18176870748299
108.64616780045351
109.13378684807256
109.59818594104308
110.08580498866213
110.55020408163266
111.0378231292517
111.50222222222222
111.98984126984126
112.47746031746031
112.94185941043084
113.42947845804989
113.89387755102041
114.38149659863946
114.89233560090703
115.4031746031746
115.9372335600907
116.4712925170068
117.0053514739229
117.46975056689342
117.95736961451247
118.421768707483
118.90938775510205
119.37378684807257
119.8614058956916
120.32580498866213
120.81342403628118
121.2778231292517
121.76544217687075
122.22984126984127
122.71746031746032
123.2282993197279
123.762358276644
124.29641723356009
124.83047619047619
125.31809523809524
125.80571428571429
126.29333333333334
126.75773242630386
127.22213151927437
127.70975056689342
128.17414965986396
128.661768707483
129.14938775510205
129.61378684807255
130.1014058956916
130.56580498866214
131.05342403628117
131.5178231292517
132.00544217687076
132.46984126984128
132.95746031746032
133.42185941043084
133.90947845804988
134.3738775510204
134.86149659863946
135.32589569161
135.81351473922902
136.27791383219954
136.7655328798186
137.2299319727891
137.71755102040817
138.1819501133787
138.66956916099772
139.13396825396825
139.6215873015873
140.08598639455784
140.57360544217687
141.0380045351474
141.52562358276643
141.99002267573695
142.47764172335602
142.94204081632654
143.42965986394557
143.91727891156464
144.4281179138322
144.93895691609978
145.42657596371882
145.89097505668934
146.37859410430838
146.86621315192744
147.33061224489796
147.818231292517
148.28263038548752
148.77024943310659
149.2346485260771
149.72226757369614
150.2098866213152
150.6742857142857
151.16190476190476
151.6263038548753
152.0907029478458
152.57832199546485
153.0659410430839
153.53034013605443
154.01795918367347
154.482358276644
154.94675736961452
155.41115646258504
155.89877551020408
156.38639455782314
156.85079365079366
157.3384126984127
157.82603174603176
158.29043083900225
158.75482993197278
159.1960090702948
159.63718820861678
160.07836734693876
160.56598639455783
161.0768253968254
161.54122448979592
162.00562358276645
162.47002267573697
162.957641723356
163.44526077097507
163.9096598639456
164.3740589569161
164.8384580498866
165.32607709750567
165.8136961451247
166.27809523809523
166.7657142857143
167.23011337868482
167.71773242630385
168.18213151927438
168.6697505668934
169.13414965986394
169.621768707483
170.08616780045352
170.57378684807256
171.03818594104308
171.52580498866214
171.99020408163264
172.4778231292517
172.94222222222223
173.42984126984126
173.8942403628118
174.38185941043085
174.84625850340137
175.3338775510204
175.79827664399093
176.28589569160997
176.77351473922903
177.23791383219955
177.7255328798186
178.1899319727891
178.67755102040817
179.1419501133787
179.62956916099773
180.09396825396826
180.55836734693878
181.04598639455781
181.53360544217688
181.9980045351474
182.48562358276644
182.95002267573696
183.41442176870748
183.90204081632652
184.36643990929704
184.8540589569161
185.31845804988663
185.80607709750566
186.2704761904762
186.75809523809525
187.22249433106575
187.7101133786848
188.19773242630384
188.66213151927437
189.14975056689343
189.61414965986395
190.07854875283448
190.5661678004535
191.12344671201814
191.6110657596372
192.09868480725623
192.56308390022676
193.0507029478458
193.51510204081632
194.00272108843538
194.4671201814059
194.95473922902494
195.442358276644
195.90675736961452
196.37115646258502
196.85877551020408
197.34639455782312
197.81079365079364
198.27519274376417
198.76281179138323
199.22721088435375
199.7148299319728
200.1792290249433
200.66684807256235
201.1544671201814
201.61886621315193
202.10648526077097
202.5708843537415
