0.16253968253968254
1.230657596371882
2.2523356009070294
3.274013605442177
4.295691609977324
5.317369614512471
6.339047619047619
7.337505668934241
8.219863945578231
9.1718820861678
10.12390022675737
11.075918367346938
12.027936507936507
12.979954648526077
13.931972789115646
15.023310657596372
16.068208616780044
17.020226757369613
17.972244897959182
18.92426303854875
19.87628117913832
20.82829931972789
21.78031746031746
22.732335600907028
23.684353741496597
24.636371882086166
25.588390022675735
26.540408163265305
27.492426303854874
28.444444444444443
29.396462585034012
30.34848072562358
31.30049886621315
32.25251700680272
33.20453514739229
34.15655328798186
35.10857142857143
36.060589569160996
37.01260770975057
37.964625850340134
38.91664399092971
39.86866213151927
40.820680272108845
41.77269841269841
42.72471655328798
43.67673469387755
44.62875283446712
45.58077097505669
46.53278911564626
47.484807256235825
48.46004535147392
49.412063492063496
50.41052154195011
51.316099773242634
52.244897959183675
53.19691609977324
54.17215419501134
55.10095238095238
56.076190476190476
57.02820861678005
57.980226757369614
58.93224489795919
59.88426303854875
60.836281179138325
61.78829931972789
62.74031746031746
63.69233560090703
64.6443537414966
65.59637188208617
66.54839002267573
67.5004081632653
68.45242630385488
69.40444444444445
70.35646258503401
71.30848072562358
72.26049886621315
73.21251700680273
74.16453514739229
75.11655328798186
76.06857142857143
77.020589569161
77.97260770975056
78.92462585034014
79.87664399092971
80.82866213151928
81.78068027210884
82.73269841269841
83.68471655328798
84.63673469387756
85.58875283446712
86.54077097505669
87.49278911564626
88.44480725623583
89.39682539682539
90.34884353741496
91.30086167800454
92.27609977324263
93.20489795918367
94.15691609977324
95.10893424036281
96.06095238095239
97.01297052154194
97.96498866213152
98.91700680272109
99.89224489795919
100.82104308390022
101.7730612244898
102.74829931972789
103.70031746031746
104.6291156462585
105.6043537414966
106.55637188208617
107.71736961451248
108.66938775510204
109.64462585034013
110.57342403628118
111.38612244897959
112.26848072562358
113.19727891156462
114.17251700680272
115.1245351473923
116.05333333333333
117.02857142857142
117.980589569161
118.93260770975057
119.88462585034014
120.8366439909297
121.76544217687075
122.74068027210885
123.69269841269842
124.64471655328798
125.59673469387755
126.54875283446712
127.5007709750567
128.45278911564625
129.40480725623584
130.3568253968254
131.30884353741496
132.26086167800455
133.2128798185941
134.16489795918366
135.11691609977325
136.0689342403628
137.0209523809524
137.97297052154195
138.9249886621315
139.8770068027211
140.82902494331066
141.78104308390022
142.7330612244898
143.68507936507936
144.63709750566895
145.5891156462585
146.54113378684806
147.49315192743765
148.4451700680272
149.39718820861677
150.34920634920636
151.3012244897959
152.2532426303855
152.99628117913832
153.92507936507937
154.87709750566893
155.82911564625851
156.78113378684807
157.73315192743763
158.68517006802722
159.63718820861678
160.58920634920634
161.54122448979592
162.49324263038548
163.44526077097507
164.39727891156463
165.34929705215418
166.32453514739228
167.27655328798187
168.43755102040816
169.41278911564626
170.3415873015873
171.3168253968254
172.26884353741497
173.22086167800452
174.1728798185941
175.12489795918367
176.07691609977323
177.02893424036282
177.98095238095237
178.93297052154196
179.88498866213152
180.83700680272108
181.81224489795918
182.8107029478458
183.6930612244898
184.64507936507937
185.59709750566893
186.5491156462585
187.50113378684807
188.45315192743763
189.40517006802722
190.35718820861678
191.30920634920636
192.26122448979592
193.21324263038548
194.16526077097507
195.11727891156463
196.06929705215418
197.02131519274377
197.97333333333333
198.92535147392292
199.87736961451247
200.82938775510203
201.78140589569162
202.73342403628118
203.68544217687074
204.63746031746032
205.58947845804988
206.54149659863947
207.49351473922903
208.4455328798186
209.39755102040817
210.34956916099773
211.3015873015873
212.25360544217688
213.20562358276644
213.9718820861678
214.8774603174603
215.8294784580499
216.78149659863945
217.73351473922904
218.6855328798186
219.63755102040815
