0.16253968253968254
0.5108390022675737
0.8126984126984127
1.1377777777777778
1.4628571428571429
1.787936507936508
2.089795918367347
2.414875283446712
2.7399546485260773
3.0650340136054424
3.3668934240362813
3.6919727891156464
4.017052154195011
4.342131519274377
4.6439909297052155
4.992290249433107
5.294149659863946
5.61922902494331
5.921088435374149
6.246167800453515
6.5712471655328795
6.896326530612245
7.22140589569161
7.546485260770975
7.848344671201814
8.17342403628118
8.475283446712018
8.823582766439909
9.125442176870749
9.450521541950113
9.752380952380953
10.077460317460318
10.402539682539683
10.727619047619047
11.029478458049887
11.354557823129252
11.679637188208616
12.004716553287983
12.30657596371882
12.631655328798185
12.956734693877552
13.25859410430839
13.583673469387755
13.908752834467121
14.233832199546486
14.55891156462585
14.86077097505669
15.185850340136055
15.51092970521542
15.836009070294784
16.137868480725622
16.46294784580499
16.788027210884355
17.11310657596372
17.438185941043084
17.76326530612245
18.06512471655329
18.390204081632653
18.692063492063493
19.017142857142858
19.342222222222222
19.667301587301587
19.969160997732427
20.29424036281179
20.619319727891156
20.94439909297052
21.24625850340136
21.571337868480725
21.89641723356009
22.221496598639455
22.523356009070294
22.84843537414966
23.173514739229024
23.475374149659864
23.800453514739228
24.125532879818593
24.427392290249433
24.752471655328797
25.077551020408162
25.402630385487527
25.727709750566895
26.05278911564626
26.354648526077096
26.679727891156464
27.00480725623583
27.329886621315193
27.631746031746033
27.956825396825398
28.281904761904762
28.583764172335602
28.908843537414967
29.23392290249433
29.559002267573696
29.860861678004536
30.162721088435376
30.511020408163265
30.83609977324263
31.161179138321994
31.463038548752834
31.7881179138322
32.113197278911564
32.43827664399093
32.74013605442177
33.065215419501136
33.3902947845805
33.69215419501134
34.0172335600907
34.34231292517007
34.66739229024943
34.9924716553288
35.294331065759636
35.619410430839004
35.944489795918365
36.26956916099773
36.57142857142857
36.89650793650794
37.2215873015873
37.54666666666667
37.8485260770975
38.17360544217687
38.49868480725623
38.800544217687076
39.12562358276644
39.450702947845805
39.77578231292517
40.07764172335601
40.40272108843537
40.72780045351474
41.05287981859411
41.37795918367347
41.67981859410431
42.00489795918367
42.32997732426304
42.6550566893424
42.956916099773245
43.281995464852606
43.607074829931975
43.90893424036281
44.23401360544218
44.55909297052154
44.88417233560091
45.186031746031745
45.51111111111111
45.836190476190474
46.13804988662132
46.46312925170068
46.78820861678005
47.11328798185941
47.438367346938776
47.74022675736961
48.06530612244898
48.39038548752834
48.71546485260771
49.017324263038546
49.342403628117914
49.66748299319728
49.96934240362812
50.29442176870748
50.61950113378685
50.944580498866216
51.24643990929705
51.57151927437642
51.89659863945578
52.22167800453515
52.54675736961451
52.848616780045354
53.173696145124715
53.498775510204084
53.823854875283445
54.12571428571429
54.45079365079365
54.77587301587302
55.10095238095238
55.40281179138322
55.72789115646258
56.05297052154195
56.35482993197279
56.679909297052156
57.00498866213152
57.330068027210885
57.63192743764172
57.95700680272109
58.28208616780045
58.60716553287982
58.93224489795919
59.23410430839002
59.559183673469384
59.88426303854875
60.18612244897959
60.51120181405896
60.836281179138325
61.161360544217686
61.46321995464853
61.78829931972789
62.11337868480726
62.43845804988662
62.74031746031746
63.065396825396824
63.39047619047619
63.715555555555554
64.01741496598639
64.34249433106577
64.66757369614513
64.99265306122449
65.29451247165532
65.6195918367347
65.94467120181406
66.26975056689342
66.57160997732426
66.89668934240363
67.221768707483
67.52362811791383
67.84870748299319
68.17378684807257
68.4756462585034
68.80072562358276
69.12580498866213
69.4508843537415
69.77596371882086
70.0778231292517
70.40290249433106
70.72798185941043
71.0530612244898
71.37814058956916
71.68
72.00507936507937
72.33015873015873
72.65523809523809
72.95709750566894
73.2821768707483
73.58403628117914
73.9091156462585
74.23419501133787
74.55927437641724
74.86113378684807
75.18621315192743
75.51129251700681
75.83637188208617
76.138231292517
76.46331065759637
76.78839002267574
77.09024943310658
77.41532879818594
77.7404081632653
78.06548752834468
78.39056689342404
78.69242630385487
79.01750566893423
79.34258503401361
79.66766439909297
79.9695238095238
80.29460317460317
80.61968253968254
80.9447619047619
81.24662131519274
81.57170068027212
81.89678004535148
82.22185941043084
82.52371882086167
82.84879818594105
83.17387755102041
83.49895691609977
83.80081632653061
84.12589569160998
84.45097505668934
84.75283446712018
85.07791383219954
85.40299319727892
85.72807256235828
86.05315192743764
86.35501133786848
86.68009070294785
87.00517006802721
87.33024943310657
87.63210884353741
87.95718820861678
88.28226757369615
88.58412698412698
88.90920634920634
89.23428571428572
89.55936507936508
89.88444444444444
90.18630385487528
90.51138321995465
90.83646258503401
91.16154195011337
91.46340136054421
91.78848072562359
92.11356009070295
92.43863945578231
92.74049886621316
93.06557823129252
93.39065759637188
93.71573696145124
94.01759637188209
94.34267573696145
94.66775510204081
94.96961451247165
95.29469387755103
95.61977324263039
95.94485260770975
96.24671201814058
96.57179138321996
96.89687074829932
97.22195011337868
97.54702947845804
97.8488888888889
98.17396825396825
98.49904761904762
98.82412698412699
99.12598639455783
99.45106575963719
99.77614512471655
100.07800453514739
100.40308390022676
100.72816326530612
101.05324263038548
101.35510204081632
101.6801814058957
102.00526077097506
102.33034013605442
102.65541950113379
102.95727891156463
103.28235827664399
103.60743764172335
103.93251700680273
104.23437641723356
104.55945578231292
104.88453514739228
105.18639455782314
105.5114739229025
105.83655328798186
106.16163265306122
106.46349206349207
106.78857142857143
107.11365079365079
107.43873015873015
107.76380952380953
108.06566893424036
108.39074829931972
108.71582766439909
109.01768707482994
109.3427664399093
109.66784580498866
109.99292517006803
110.29478458049887
110.61986394557823
110.94494331065759
111.27002267573697
111.5718820861678
111.89696145124717
112.22204081632653
112.52390022675738
112.84897959183674
113.1740589569161
113.49913832199546
113.80099773242631
114.12607709750567
114.45115646258503
114.7762358276644
115.10131519274377
115.4031746031746
115.72825396825397
116.05333333333333
116.35519274376418
116.68027210884354
117.0053514739229
117.33043083900226
117.63229024943311
117.95736961451247
118.28244897959183
118.6075283446712
118.90938775510205
119.2344671201814
119.55954648526077
119.88462585034014
120.18648526077098
120.51156462585034
120.8366439909297
121.16172335600908
121.46358276643991
121.78866213151927
122.11374149659864
122.43882086167801
122.74068027210885
123.06575963718821
123.39083900226757
123.69269841269842
124.01777777777778
124.34285714285714
124.64471655328798
124.96979591836735
125.29487528344671
125.61995464852608
125.94503401360544
126.27011337868481
126.57197278911565
126.89705215419501
127.22213151927437
127.54721088435375
127.84907029478458
128.17414965986396
128.4992290249433
128.82430839002268
129.12616780045352
129.4512471655329
129.75310657596373
130.07818594104307
130.40326530612245
130.72834467120182
131.03020408163266
131.355283446712
131.68036281179138
132.00544217687076
132.3073015873016
132.63238095238094
132.95746031746032
133.2825396825397
133.58439909297053
133.90947845804988
134.23455782312925
134.55963718820863
134.86149659863946
135.1865759637188
135.51165532879818
135.83673469387756
136.1385941043084
136.46367346938774
136.78875283446712
137.09061224489795
137.3924716553288
137.74077097505668
138.06585034013605
138.39092970521543
138.69278911564626
139.0178684807256
139.34294784580499
139.66802721088436
139.9698866213152
140.29496598639454
140.62004535147392
140.92190476190476
141.24698412698413
141.57206349206348
141.89714285714285
142.22222222222223
142.52408163265306
142.84916099773244
143.1742403628118
143.47609977324262
143.801179138322
144.12625850340137
144.45133786848072
144.75319727891156
145.07827664399093
145.4033560090703
145.72843537414965
146.05351473922903
146.35537414965987
146.68045351473924
147.0055328798186
147.30739229024942
147.6324716553288
147.95755102040818
148.259410430839
148.58448979591836
148.90956916099773
149.2346485260771
149.55972789115646
149.88480725623583
150.18666666666667
150.51174603174604
150.8368253968254
151.16190476190476
151.4637641723356
151.78884353741498
152.11392290249432
152.41578231292516
152.74086167800453
153.0659410430839
153.39102040816326
153.71609977324263
154.01795918367347
154.34303854875284
154.6681179138322
154.99319727891157
155.2950566893424
155.62013605442178
155.94521541950112
156.2702947845805
156.57215419501134
156.8972335600907
157.22231292517006
157.5241723356009
157.84925170068027
158.17433106575965
158.499410430839
158.80126984126983
159.1263492063492
159.45142857142858
159.77650793650793
160.1015873015873
160.40344671201814
160.7285260770975
161.05360544217686
161.37868480725623
161.68054421768707
162.00562358276645
162.3307029478458
162.63256235827666
162.957641723356
163.28272108843538
163.60780045351473
163.9096598639456
164.23473922902494
164.5598185941043
164.88489795918366
165.20997732426304
165.51183673469387
165.83691609977325
166.1619954648526
166.46385487528346
166.7889342403628
167.11401360544218
167.43909297052153
167.7409523809524
168.06603174603174
168.39111111111112
168.71619047619046
169.01804988662133
169.34312925170067
169.66820861678005
169.97006802721089
170.29514739229026
170.6202267573696
170.94530612244898
171.27038548752836
171.5722448979592
171.89732426303854
172.22240362811792
172.5474829931973
172.84934240362813
173.17442176870748
173.49950113378685
173.8013605442177
174.12643990929706
174.4515192743764
174.77659863945578
175.10167800453516
175.403537414966
175.72861678004534
176.05369614512472
176.35555555555555
176.68063492063493
177.00571428571428
177.33079365079365
177.6326530612245
177.95773242630386
178.2828117913832
178.60789115646259
178.90975056689342
179.2348299319728
179.55990929705214
179.88498866213152
180.18684807256236
180.51192743764173
180.83700680272108
181.16208616780045
181.4639455782313
181.78902494331066
182.11410430839
182.4391836734694
182.74104308390022
183.0661224489796
183.39120181405895
183.71628117913832
184.01814058956916
184.34321995464853
184.66829931972788
