0.18575963718820862
0.7662585034013606
1.3467573696145125
1.9040362811791383
2.48453514739229
3.0418140589569163
3.622312925170068
4.2260317460317465
4.806530612244898
5.38702947845805
5.9675283446712015
6.524807256235827
7.1053061224489795
7.662585034013605
8.243083900226758
8.846802721088435
9.450521541950113
10.00780045351474
10.588299319727891
11.145578231292516
11.72607709750567
12.329795918367347
12.910294784580499
13.49079365079365
14.071292517006803
14.628571428571428
15.185850340136055
15.789569160997733
16.39328798185941
16.950566893424035
17.507845804988662
18.088344671201813
18.668843537414965
19.249342403628116
19.82984126984127
20.410340136054423
20.96761904761905
21.524897959183672
22.105396825396827
22.68589569160998
23.289614512471655
23.84689342403628
24.427392290249433
25.007891156462584
25.56517006802721
26.145668934240362
26.726167800453513
27.260226757369615
27.88716553287982
28.46766439909297
29.048163265306123
29.628662131519274
30.1859410430839
30.766439909297052
31.346938775510203
31.927437641723355
32.507936507936506
33.08843537414966
33.66893424036281
34.22621315192744
34.80671201814059
35.38721088435374
35.9677097505669
36.52498866213152
37.10548752834467
37.68598639455782
38.26648526077098
38.846984126984125
39.42748299319728
40.00798185941043
40.61170068027211
41.145759637188206
41.72625850340136
42.30675736961451
42.93369614512471
43.46775510204082
44.04825396825397
44.6055328798186
45.186031746031745
45.7665306122449
46.34702947845805
46.9275283446712
47.50802721088435
48.088526077097505
48.64580498866213
49.22630385487528
49.80680272108844
50.387301587301586
50.96780045351474
51.54829931972789
52.128798185941044
52.68607709750567
53.26657596371882
53.84707482993197
54.427573696145124
54.98485260770975
55.5653514739229
56.14585034013606
56.74956916099773
57.30684807256236
57.88734693877551
58.46784580498866
59.025124716553286
59.60562358276644
60.18612244897959
60.766621315192744
61.3471201814059
61.92761904761905
62.5081179138322
63.08861678004535
63.669115646258504
64.22639455782313
64.83011337868481
65.41061224489796
65.96789115646258
66.54839002267573
67.10566893424036
67.68616780045352
68.26666666666667
68.84716553287981
69.42766439909298
70.00816326530612
70.56544217687075
71.16916099773243
71.74965986394558
72.33015873015873
72.88743764172335
73.46793650793651
74.04843537414966
74.62893424036281
75.20943310657596
75.78993197278912
76.34721088435374
76.92770975056689
77.48498866213151
78.06548752834468
78.66920634920635
79.22648526077097
79.80698412698413
80.38748299319728
80.9447619047619
81.52526077097505
82.12897959183674
82.63981859410431
83.26675736961451
83.84725623582766
84.42775510204082
85.00825396825397
85.56553287981859
86.14603174603175
86.74975056689343
87.30702947845805
87.8875283446712
88.46802721088436
89.0485260770975
89.60580498866213
90.18630385487528
90.76680272108844
91.34730158730159
91.92780045351473
92.5082993197279
93.08879818594104
93.64607709750567
94.22657596371882
94.80707482993198
95.38757369614513
95.96807256235827
96.5253514739229
97.10585034013606
97.6863492063492
98.26684807256235
98.84734693877552
99.42784580498866
100.00834467120181
100.58884353741496
101.1461224489796
101.72662131519274
102.30712018140589
102.91083900226758
103.4681179138322
104.04861678004535
104.60589569160997
105.20961451247166
105.76689342403628
106.34739229024943
106.92789115646258
107.50839002267574
108.06566893424036
108.64616780045351
109.22666666666667
109.83038548752835
110.38766439909297
110.96816326530612
111.54866213151928
112.1059410430839
112.68643990929705
113.2669387755102
113.84743764172336
114.42793650793651
114.98521541950113
115.56571428571428
116.14621315192744
116.74993197278911
117.30721088435374
117.8877097505669
118.46820861678005
119.0487074829932
119.60598639455782
120.18648526077098
120.76698412698413
121.34748299319727
121.92798185941044
122.50848072562358
123.08897959183673
123.66947845804988
124.22675736961452
124.80725623582767
125.38775510204081
125.96825396825396
126.5255328798186
127.10603174603175
127.70975056689342
128.29024943310657
128.8475283446712
129.4512471655329
130.03174603174602
130.6122448979592
131.1695238095238
131.75002267573697
132.3305215419501
132.91102040816327
133.49151927437643
134.04879818594105
134.6292970521542
135.1865759637188
135.7902947845805
136.37079365079364
136.92807256235827
137.50857142857143
138.0890702947846
138.66956916099772
139.2500680272109
139.8073469387755
140.38784580498867
140.9683446712018
141.54884353741497
142.1061224489796
142.68662131519275
143.29034013605443
143.84761904761905
144.4281179138322
145.00861678004534
145.5891156462585
146.16961451247167
146.7501133786848
147.26095238095238
147.8878911564626
148.46839002267575
149.04888888888888
149.6061678004535
150.18666666666667
150.76716553287983
151.34766439909296
151.92816326530613
152.5086621315193
153.0659410430839
153.64643990929704
154.2269387755102
154.80743764172337
155.3879365079365
155.96843537414966
156.5257142857143
157.10621315192745
157.68671201814058
158.26721088435374
158.8477097505669
159.42820861678004
160.0087074829932
160.58920634920634
161.146485260771
161.72698412698412
162.30748299319728
162.88798185941044
163.46848072562358
164.04897959183674
164.62947845804987
165.20997732426304
165.76725623582766
166.37097505668933
166.92825396825396
167.50875283446712
168.08925170068028
168.6697505668934
169.25024943310657
169.83074829931974
170.41124716553287
170.99174603174603
171.54902494331066
172.12952380952382
172.71002267573695
173.2905215419501
173.84780045351474
174.4282993197279
175.00879818594103
175.5892970521542
176.16979591836736
176.72707482993198
177.3075736961451
177.88807256235827
178.46857142857144
179.04907029478457
179.62956916099773
180.18684807256236
180.76734693877552
181.34784580498865
181.9283446712018
182.50884353741498
183.11256235827665
183.71628117913832
184.25034013605443
184.80761904761906
185.3881179138322
185.96861678004535
186.5491156462585
187.10639455782314
187.68689342403627
188.26739229024943
188.8478911564626
189.42839002267573
190.0088888888889
190.5661678004535
191.14666666666668
191.7271655328798
192.30766439909297
192.88816326530613
193.46866213151927
194.04916099773243
194.6296598639456
195.1869387755102
195.76743764172335
196.3479365079365
196.92843537414967
197.4857142857143
198.06621315192743
198.6467120181406
199.22721088435375
199.8077097505669
200.38820861678005
200.9687074829932
201.54920634920634
202.1297052154195
202.68698412698413
203.2674829931973
203.84798185941042
204.4284807256236
205.00897959183675
205.56625850340137
206.1467573696145
206.72725623582767
207.30775510204083
207.88825396825396
208.46875283446713
209.02603174603175
209.6065306122449
210.18702947845804
210.7675283446712
211.34802721088437
211.9285260770975
212.50902494331066
213.0895238095238
213.64680272108845
214.22730158730158
214.80780045351474
215.38829931972788
215.96879818594104
216.52607709750566
217.10657596371883
217.68707482993196
218.26757369614512
218.84807256235828
219.42857142857142
220.00907029478458
220.58956916099774
