0.13931972789115646
0.6733786848072563
1.18421768707483
1.7182766439909296
2.2523356009070294
2.716734693877551
3.1811337868480725
3.6687528344671203
4.179591836734694
4.667210884353741
5.178049886621316
5.712108843537415
6.222947845804988
6.757006802721088
7.291065759637188
7.825124716553288
8.359183673469389
8.870022675736962
9.404081632653062
9.891700680272109
10.356099773242631
10.866938775510205
11.354557823129252
11.842176870748299
12.353015873015874
12.863854875283447
13.397913832199546
13.931972789115646
14.466031746031746
15.000090702947846
15.557369614512472
16.068208616780044
16.579047619047618
17.08988662131519
17.623945578231293
18.15800453514739
18.692063492063493
19.22612244897959
19.783401360544218
20.317460317460316
20.82829931972789
21.31591836734694
21.873197278911565
22.407256235827663
22.871655328798187
23.336054421768708
23.823673469387757
24.3112925170068
24.79891156462585
25.33297052154195
25.86702947845805
26.377868480725624
26.911927437641722
27.445986394557824
28.096145124716553
28.69986394557823
29.30358276643991
29.860861678004536
30.37170068027211
30.882539682539683
31.393378684807256
31.927437641723355
32.46149659863946
33.01877551020408
33.55283446712018
34.11011337868481
34.62095238095238
35.131791383219955
35.66585034013605
36.19990929705215
36.710748299319725
37.24480725623583
37.77886621315193
38.33614512471655
38.87020408163265
39.381043083900224
39.8918820861678
40.40272108843537
40.91356009070295
41.40117913832199
41.912018140589566
42.399637188208615
42.91047619047619
43.42131519274376
43.90893424036281
44.419773242630384
44.95383219954648
45.48789115646259
46.021950113378686
46.556009070294785
47.09006802721088
47.600907029478456
48.134965986394555
48.66902494331066
49.20308390022676
49.73714285714286
50.271201814058955
50.78204081632653
51.316099773242634
51.85015873015873
52.38421768707483
52.91827664399093
53.4291156462585
53.9631746031746
54.497233560090706
55.031292517006804
55.5653514739229
56.099410430839
56.6334693877551
57.167528344671204
57.67836734693878
58.212426303854876
58.746485260770974
59.28054421768707
59.81460317460318
60.348662131519276
60.882721088435375
61.39356009070295
61.92761904761905
62.461678004535145
62.99573696145125
63.52979591836735
64.06385487528345
64.59791383219955
65.10875283446713
65.64281179138322
66.17687074829932
66.71092970521542
67.24498866213152
67.77904761904762
68.28988662131519
68.82394557823129
69.35800453514739
69.89206349206349
70.4261224489796
70.9601814058957
71.47102040816327
72.00507936507937
72.53913832199547
73.07319727891156
73.60725623582766
74.14131519274376
74.65215419501133
75.16299319727891
75.67383219954648
76.18467120181406
76.71873015873015
77.27600907029479
77.78684807256236
78.34412698412699
78.90140589569161
79.43546485260771
79.9695238095238
80.5035827664399
81.037641723356
81.57170068027212
82.08253968253969
82.61659863945579
83.15065759637189
83.68471655328798
84.21877551020408
84.72961451247166
85.24045351473923
85.79773242630385
86.33179138321995
86.86585034013605
87.37668934240362
87.91074829931972
88.44480725623583
88.97886621315193
89.51292517006803
90.04698412698413
90.58104308390023
91.11510204081632
91.64916099773242
92.16
92.6940589569161
93.2281179138322
93.7621768707483
94.2962358276644
94.8302947845805
95.3643537414966
95.87519274376417
96.38603174603175
96.92009070294785
97.47736961451247
98.01142857142857
98.52226757369614
99.05632653061224
99.59038548752835
100.12444444444445
100.65850340136055
101.19256235827665
101.70340136054422
102.23746031746032
102.77151927437642
103.30557823129251
103.83963718820861
104.37369614512471
104.88453514739228
105.41859410430838
105.9526530612245
106.4867120181406
107.02077097505669
107.55482993197279
108.08888888888889
108.62294784580499
109.13378684807256
109.66784580498866
110.20190476190476
110.73596371882086
111.27002267573697
111.80408163265307
112.33814058956916
112.84897959183674
113.38303854875284
113.91709750566893
114.45115646258503
114.98521541950113
115.4960544217687
116.0301133786848
116.5641723356009
117.09823129251701
117.63229024943311
118.16634920634921
118.70040816326531
119.2344671201814
119.7685260770975
120.27936507936508
120.81342403628118
121.34748299319727
121.88154195011337
122.41560090702947
122.92643990929706
123.46049886621316
123.99455782312926
124.52861678004535
125.06267573696145
125.57351473922903
126.10757369614512
126.64163265306122
127.17569160997732
127.70975056689342
128.24380952380952
128.77786848072563
129.2887074829932
129.79954648526078
130.3568253968254
130.89088435374148
131.4249433106576
131.9590022675737
132.46984126984128
133.00390022675737
133.53795918367348
134.07201814058956
134.60607709750568
135.14013605442176
135.65097505668933
136.18503401360545
136.71909297052153
137.25315192743764
137.78721088435375
138.32126984126984
138.85532879818595
139.38938775510204
139.9002267573696
140.43428571428572
140.9683446712018
141.47918367346938
142.036462585034
142.54730158730158
143.10458049886623
143.6386394557823
144.14947845804988
144.683537414966
145.21759637188208
145.7516553287982
146.26249433106577
146.79655328798185
147.33061224489796
147.86467120181405
148.39873015873016
148.93278911564627
149.44362811791385
149.97768707482993
150.51174603174604
151.04580498866213
151.57986394557824
152.11392290249432
152.64798185941044
153.18204081632652
153.71609977324263
154.25015873015872
154.7609977324263
155.2950566893424
155.80589569160998
156.3399546485261
156.87401360544217
157.40807256235829
157.94213151927437
158.47619047619048
158.98702947845806
159.52108843537414
160.05514739229025
160.58920634920634
161.12326530612245
161.65732426303856
162.16816326530613
162.70222222222222
163.23628117913833
163.77034013605441
164.30439909297053
164.8384580498866
165.37251700680272
165.9065759637188
166.41741496598638
166.9514739229025
167.4855328798186
168.0195918367347
168.5536507936508
169.0877097505669
169.59854875283446
170.13260770975057
170.66666666666666
171.20072562358277
171.73478458049885
172.26884353741497
172.80290249433108
173.31374149659865
173.84780045351474
174.38185941043085
174.91591836734693
175.44997732426305
175.98403628117913
176.51809523809524
177.05215419501133
177.5629931972789
178.097052154195
178.63111111111112
179.1651700680272
179.69922902494332
180.2100680272109
180.74412698412698
181.2781859410431
181.81224489795918
182.3463038548753
182.88036281179137
183.39120181405895
183.92526077097506
184.45931972789117
184.99337868480725
185.52743764172337
186.06149659863945
186.57233560090702
187.10639455782314
187.64045351473922
188.17451247165533
188.70857142857142
189.219410430839
189.7766893424036
190.28752834467122
190.84480725623584
191.37886621315192
191.91292517006804
192.4237641723356
192.93460317460318
193.46866213151927
194.00272108843538
194.53678004535146
195.0940589569161
195.60489795918366
196.13895691609977
196.64979591836735
197.18385487528346
197.71791383219954
198.25197278911565
198.78603174603174
199.34331065759636
199.85414965986394
200.38820861678005
200.89904761904762
201.4331065759637
201.96716553287982
202.50122448979593
203.03528344671201
203.56934240362813
204.0801814058957
204.61424036281178
205.1482993197279
205.65913832199547
206.19319727891155
206.75047619047618
207.26131519274375
207.8185941043084
208.3526530612245
208.86349206349206
209.39755102040817
209.90839002267575
210.44244897959183
210.97650793650794
211.51056689342403
212.04462585034014
212.57868480725622
213.11274376417234
213.6235827664399
214.15764172335602
214.6917006802721
215.22575963718822
215.7598185941043
216.29387755102042
216.8279365079365
217.3619954648526
217.87283446712019
218.40689342403627
218.94095238095238
219.4750113378685
220.00907029478458
220.5431292517007
221.05396825396826
221.58802721088435
222.12208616780046
222.65614512471655
223.19020408163266
223.72426303854874
224.25832199546485
224.76916099773243
225.30321995464854
225.83727891156462
226.37133786848074
226.90539682539682
227.43945578231293
227.97351473922902
228.50757369614513
229.0184126984127
229.5524716553288
230.0865306122449
230.59736961451247
231.13142857142856
231.66548752834467
232.19954648526078
232.7568253968254
233.26766439909298
233.80172335600906
234.33578231292518
234.84662131519275
235.38068027210883
235.91473922902495
236.44879818594103
236.98285714285714
237.51691609977325
238.05097505668934
238.5618140589569
239.09587301587302
239.6299319727891
240.16399092970522
240.6980498866213
241.23210884353742
241.7661678004535
242.27700680272108
242.83428571428573
243.3451247165533
243.90240362811792
244.4132426303855
244.92408163265307
245.45814058956915
245.99219954648527
246.52625850340135
247.06031746031746
247.59437641723355
248.12843537414966
248.66249433106577
