0.09287981859410431
0.44117913832199546
0.7662585034013606
1.0913378684807256
1.4396371882086167
1.787936507936508
2.1130158730158732
2.461315192743764
2.809614512471655
3.1579138321995464
3.4829931972789114
3.8312925170068026
4.179591836734694
4.504671201814059
4.85297052154195
5.201269841269841
5.5495691609977325
5.897868480725624
6.222947845804988
6.548027210884354
6.896326530612245
7.22140589569161
7.569705215419501
7.918004535147392
8.266303854875284
8.591383219954649
8.93968253968254
9.287981859410431
9.636281179138322
9.961360544217687
10.286439909297052
10.65795918367347
11.00625850340136
11.354557823129252
11.679637188208616
12.027936507936507
12.376235827664399
12.701315192743763
13.02639455782313
13.374693877551021
13.699773242630386
14.048072562358277
14.396371882086168
14.744671201814059
15.09297052154195
15.441269841269841
15.766349206349206
16.114648526077097
16.439727891156462
16.788027210884355
17.136326530612244
17.46140589569161
17.809705215419502
18.15800453514739
18.483083900226756
18.784943310657596
19.086802721088436
19.4118820861678
19.760181405895693
20.085260770975058
20.433560090702947
20.78185941043084
21.13015873015873
21.455238095238094
21.826757369614512
22.244716553287983
22.569795918367348
22.918095238095237
23.26639455782313
23.61469387755102
23.939773242630384
24.288072562358277
24.61315192743764
24.961451247165535
25.309750566893424
25.63482993197279
25.98312925170068
26.33142857142857
26.656507936507936
27.00480725623583
27.353106575963718
27.70140589569161
28.026485260770976
28.374784580498865
28.723083900226758
29.048163265306123
29.396462585034012
29.744761904761905
30.093061224489794
30.441360544217687
30.766439909297052
31.114739229024945
31.463038548752834
31.7881179138322
32.113197278911564
32.43827664399093
32.80979591836735
33.158095238095235
33.483174603174604
33.8314739229025
34.17977324263038
34.50485260770975
34.853151927437644
35.20145124716553
35.54975056689342
35.898049886621315
36.22312925170068
36.548208616780045
36.89650793650794
37.24480725623583
37.56988662131519
37.918185941043085
38.26648526077098
38.61478458049886
38.93986394557823
39.288163265306125
39.63646258503401
39.96154195011338
40.30984126984127
40.658140589569165
40.983219954648526
41.33151927437642
41.65659863945578
42.00489795918367
42.353197278911566
42.67827664399093
43.02657596371882
43.37487528344671
43.723174603174606
44.07147392290249
44.39655328798186
44.74485260770975
45.09315192743764
45.41823129251701
45.7665306122449
46.11482993197279
46.439909297052154
46.78820861678005
47.13650793650794
47.4615873015873
47.809886621315194
48.134965986394555
48.48326530612245
48.83156462585034
49.179863945578234
49.52816326530612
49.85324263038549
50.20154195011338
50.54984126984127
50.874920634920635
51.2
51.57151927437642
51.89659863945578
52.244897959183675
52.569977324263036
52.91827664399093
53.26657596371882
53.614875283446715
53.939954648526076
54.28825396825397
54.63655328798186
54.98485260770975
55.309931972789116
55.65823129251701
56.006530612244894
56.33160997732426
56.679909297052156
57.02820861678005
57.35328798185941
57.7015873015873
58.026666666666664
58.37496598639456
58.72326530612245
59.04834467120181
59.396643990929704
59.7449433106576
60.09324263038549
60.441541950113375
60.766621315192744
61.11492063492064
61.46321995464853
61.78829931972789
62.136598639455784
62.48489795918368
62.80997732426304
63.15827664399093
63.506575963718824
63.85487528344671
64.2031746031746
64.52825396825396
64.85333333333334
65.20163265306122
65.54993197278911
65.89823129251701
66.22331065759637
66.54839002267573
66.91990929705216
67.24498866213152
67.57006802721088
67.91836734693878
68.24344671201814
68.59174603174603
68.94004535147393
69.28834467120181
69.6366439909297
69.96172335600907
70.31002267573696
70.65832199546485
71.00662131519275
71.3317006802721
71.68
72.00507936507937
72.35337868480725
72.70167800453515
73.02675736961451
73.39827664399093
73.74657596371883
74.07165532879819
74.39673469387755
74.74503401360545
75.09333333333333
75.44163265306122
75.7667120181406
76.11501133786848
76.44009070294784
76.78839002267574
77.13668934240363
77.46176870748299
77.81006802721089
78.15836734693877
78.50666666666666
78.85496598639456
79.18004535147392
79.50512471655328
79.85342403628118
80.20172335600907
80.55002267573695
80.87510204081633
81.22340136054422
81.57170068027212
81.92
82.26829931972789
82.59337868480726
82.91845804988662
83.26675736961451
83.61505668934241
83.94013605442177
84.24199546485261
84.54385487528344
84.86893424036282
85.2172335600907
85.54231292517007
85.89061224489797
86.23891156462585
86.58721088435374
86.91229024943311
87.28380952380952
87.65532879818593
88.02684807256236
88.37514739229024
88.72344671201814
89.0485260770975
89.39682539682539
89.74512471655329
90.09342403628118
90.44172335600906
90.76680272108844
91.0918820861678
91.46340136054421
91.78848072562359
92.11356009070295
92.46185941043083
92.81015873015873
93.15845804988662
93.48353741496598
93.83183673469388
94.18013605442177
94.52843537414967
94.85351473922903
95.20181405895691
95.52689342403629
95.87519274376417
96.20027210884354
96.57179138321996
96.92009070294785
97.2451700680272
97.5934693877551
97.94176870748299
98.26684807256235
98.61514739229025
98.94022675736962
99.2885260770975
99.61360544217688
99.96190476190476
100.31020408163265
100.65850340136055
101.00680272108843
101.3318820861678
101.65696145124717
102.00526077097506
102.35356009070294
102.70185941043084
103.0269387755102
103.37523809523809
103.72353741496599
104.07183673469387
104.39691609977324
104.74521541950114
105.09351473922902
105.41859410430838
105.76689342403628
106.11519274376417
106.44027210884354
106.78857142857143
107.11365079365079
107.46195011337869
107.81024943310658
108.15854875283446
108.48362811791384
108.83192743764172
109.18022675736961
109.52852607709751
109.85360544217687
110.20190476190476
110.55020408163266
110.87528344671202
111.2235827664399
111.5718820861678
111.89696145124717
112.24526077097505
112.59356009070295
112.91863945578231
113.2669387755102
113.59201814058957
113.94031746031746
114.28861678004534
114.63691609977325
114.98521541950113
115.31029478458049
115.65859410430839
116.00689342403628
116.33197278911565
116.68027210884354
117.02857142857142
117.3536507936508
117.70195011337869
118.05024943310657
118.37532879818595
118.72362811791383
119.07192743764172
119.3970068027211
119.74530612244898
120.09360544217687
120.44190476190477
120.76698412698413
121.09206349206349
121.46358276643991
121.78866213151927
122.11374149659864
122.46204081632654
122.81034013605442
123.13541950113378
123.48371882086168
123.83201814058957
124.18031746031745
124.52861678004535
124.85369614512472
125.2019954648526
125.5502947845805
125.89859410430839
126.22367346938775
126.57197278911565
126.92027210884353
127.24535147392291
127.5936507936508
127.91873015873016
128.26702947845806
128.61532879818594
128.96362811791383
129.3119274376417
129.66022675736963
129.98530612244897
130.31038548752835
130.65868480725624
131.00698412698412
131.3320634920635
131.68036281179138
132.00544217687076
132.37696145124715
132.70204081632653
133.0271201814059
133.3754195011338
133.70049886621314
134.04879818594105
134.39709750566894
134.74539682539682
135.0936961451247
135.41877551020409
135.76707482993197
136.11537414965986
136.46367346938774
136.78875283446712
137.1138321995465
137.46213151927438
137.81043083900227
138.15873015873015
138.48380952380953
138.85532879818595
139.20362811791384
139.52870748299318
139.85378684807256
140.20208616780045
140.55038548752833
140.8754648526077
141.2237641723356
141.57206349206348
141.89714285714285
142.24544217687074
142.59374149659865
142.918820861678
143.2671201814059
143.6154195011338
143.9637188208617
144.31201814058957
144.63709750566895
144.9621768707483
145.31047619047618
145.6587755102041
146.00707482993198
146.33215419501133
146.68045351473924
147.02875283446713
147.377052154195
147.7253514739229
148.05043083900227
148.37551020408162
148.72380952380954
149.07210884353742
149.39718820861677
149.74548752834468
150.09378684807257
150.44208616780045
150.79038548752834
151.11546485260772
151.4637641723356
151.8120634920635
152.13714285714286
152.48544217687075
152.83374149659863
153.158820861678
153.48390022675736
153.83219954648527
154.18049886621316
154.5055782312925
154.85387755102042
155.2021768707483
155.52725623582765
155.89877551020408
156.22385487528345
156.54893424036283
156.8972335600907
157.22231292517006
157.57061224489797
157.91891156462586
158.2439909297052
158.59229024943312
158.940589569161
159.2888888888889
159.63718820861678
159.96226757369615
160.31056689342404
160.65886621315192
160.9839455782313
161.33224489795919
161.68054421768707
162.00562358276645
162.35392290249433
162.70222222222222
163.0505215419501
163.39882086167802
163.72390022675737
164.04897959183674
164.39727891156463
164.7455782312925
165.0938775510204
165.41895691609977
165.76725623582766
166.11555555555555
166.44063492063492
166.7889342403628
167.1372335600907
167.46231292517007
167.81061224489795
168.15891156462584
168.48399092970521
168.8322902494331
169.180589569161
169.5288888888889
169.85396825396825
170.20226757369613
170.55056689342405
170.8756462585034
171.20072562358277
171.5722448979592
171.89732426303854
172.24562358276643
172.5707029478458
172.9190022675737
173.26730158730157
173.59238095238095
173.96390022675737
174.31219954648526
174.63727891156464
174.98557823129252
175.31065759637187
175.63573696145124
175.98403628117913
176.33233560090702
176.68063492063493
177.02893424036282
177.3540136054422
177.70231292517008
178.05061224489796
178.37569160997734
178.72399092970522
179.04907029478457
179.39736961451248
179.74566893424037
180.09396825396826
180.44226757369614
180.76734693877552
181.1156462585034
181.4639455782313
181.78902494331066
182.13732426303855
182.48562358276644
182.8107029478458
183.1822222222222
183.53052154195012
183.878820861678
184.2271201814059
184.55219954648527
184.87727891156462
185.22557823129253
185.55065759637188
185.89895691609976
186.22403628117914
186.5491156462585
186.8974149659864
187.24571428571429
187.57079365079366
187.91909297052155
188.26739229024943
188.61569160997732
188.9407709750567
189.28907029478458
189.63736961451247
189.96244897959184
190.31074829931973
190.6590476190476
190.984126984127
191.33242630385487
191.68072562358276
192.02902494331065
192.37732426303856
192.7024036281179
193.0507029478458
193.3990022675737
193.72408163265305
194.07238095238094
194.42068027210885
194.7457596371882
195.0940589569161
195.442358276644
195.76743764172335
196.11573696145123
196.46403628117915
196.81233560090703
197.13741496598638
197.46249433106576
197.81079365079364
198.13587301587302
198.4841723356009
198.8324716553288
199.15755102040816
199.50585034013605
199.85414965986394
200.20244897959185
200.55074829931974
200.87582766439908
201.224126984127
201.57242630385488
201.92072562358277
202.26902494331065
202.59410430839003
202.91918367346938
203.2674829931973
203.61578231292518
203.94086167800452
204.2427210884354
204.54458049886622
204.86965986394557
205.21795918367346
205.54303854875283
205.89133786848072
206.2396371882086
206.58793650793652
207.00589569160996
207.35419501133788
207.70249433106576
208.0275736961451
208.37587301587303
208.7241723356009
209.0724716553288
209.39755102040817
209.74585034013606
210.09414965986394
210.41922902494332
210.7675283446712
211.1158276643991
211.46412698412698
211.78920634920635
212.13750566893424
212.4625850340136
212.8108843537415
213.15918367346939
213.50748299319727
213.83256235827665
214.18086167800453
214.52916099773242
214.8542403628118
215.20253968253968
215.52761904761905
215.87591836734694
216.22421768707483
216.5492970521542
216.8975963718821
217.24589569160997
217.57097505668935
217.91927437641723
218.26757369614512
218.615873015873
218.94095238095238
219.28925170068027
219.61433106575964
219.96263038548753
220.31092970521541
220.6592290249433
220.98430839002268
221.33260770975056
221.68090702947845
222.00598639455782
222.3542857142857
222.7025850340136
223.02766439909297
223.37596371882086
223.72426303854874
224.07256235827666
224.397641723356
224.7459410430839
225.0942403628118
225.41931972789115
225.76761904761904
226.11591836734695
226.4409977324263
226.78929705215418
227.1375963718821
227.48589569160998
227.83419501133787
228.15927437641724
228.4843537414966
228.83265306122448
229.1809523809524
229.52925170068028
229.85433106575962
230.20263038548754
230.55092970521542
230.87600907029477
231.22430839002268
231.57260770975057
231.89768707482995
232.2227664399093
232.57106575963718
232.9193650793651
233.26766439909298
233.61596371882086
233.94104308390024
234.28934240362813
234.637641723356
234.9627210884354
235.31102040816327
235.63609977324262
236.00761904761904
236.33269841269842
236.65777777777777
237.0292970521542
237.37759637188208
237.70267573696145
238.02775510204083
238.3760544217687
238.7243537414966
239.07265306122449
239.39773242630386
239.74603174603175
240.09433106575963
240.44263038548752
240.7677097505669
241.11600907029478
241.46430839002267
241.78938775510204
242.13768707482993
242.4859863945578
242.8110657596372
243.13614512471656
243.48444444444445
243.83274376417233
244.18104308390022
244.5061224489796
244.85442176870748
245.20272108843537
245.55102040816325
245.89931972789117
246.22439909297051
246.5494784580499
246.89777777777778
247.24607709750566
247.57115646258504
247.87301587301587
248.19809523809525
248.5231746031746
248.84825396825397
249.17333333333335
249.52163265306123
249.86993197278912
250.218231292517
250.54331065759638
250.91482993197278
251.2863492063492
251.65786848072563
252.0061678004535
252.3544671201814
252.7027664399093
253.02784580498866
253.35292517006803
253.70122448979592
254.0495238095238
254.3978231292517
254.7461224489796
255.0944217687075
255.41950113378684
255.76780045351475
256.11609977324264
256.4643990929705
256.8126984126984
257.1377777777778
257.48607709750564
257.811156462585
258.15945578231293
