0.09287981859410431
0.5804988662131519
1.0681179138321995
1.555736961451247
2.043356009070295
2.5309750566893423
3.01859410430839
3.4829931972789114
3.947392290249433
4.4117913832199545
4.876190476190477
5.340589569160998
5.7817687074829935
6.246167800453515
6.6873469387755105
7.151746031746032
7.616145124716553
8.057324263038549
8.544943310657596
9.009342403628118
9.450521541950113
9.914920634920636
10.402539682539683
10.866938775510205
11.331337868480725
11.77251700680272
12.26013605442177
12.72453514739229
13.142494331065759
13.583673469387755
14.094512471655328
14.582131519274377
15.023310657596372
15.487709750566893
15.952108843537415
16.416507936507937
16.880907029478458
17.322086167800453
17.786485260770974
18.250884353741498
18.715283446712018
19.17968253968254
19.644081632653062
20.108480725623583
20.572879818594103
21.0140589569161
21.501678004535147
21.966077097505668
22.407256235827663
22.871655328798187
23.336054421768708
23.800453514739228
24.264852607709752
24.729251700680273
25.170430839002268
25.63482993197279
26.09922902494331
26.563628117913833
27.028027210884353
27.492426303854874
27.956825396825398
28.398004535147393
28.862403628117914
29.326802721088434
29.791201814058958
30.25560090702948
30.72
31.184399092970523
31.648798185941043
32.08997732426304
32.55437641723356
33.01877551020408
33.483174603174604
33.94757369614513
34.38875283446712
34.853151927437644
35.31755102040816
35.781950113378684
36.24634920634921
36.710748299319725
37.151927437641724
37.63954648526077
38.080725623582765
38.54512471655329
39.00952380952381
39.47392290249433
39.938321995464854
40.40272108843537
40.84390022675737
41.308299319727894
41.77269841269841
42.237097505668935
42.70149659863946
43.165895691609975
43.6302947845805
44.09469387755102
44.55909297052154
45.023492063492064
45.464671201814056
45.92907029478458
46.34702947845805
46.81142857142857
47.322267573696145
47.78666666666667
48.251065759637186
48.71546485260771
49.179863945578234
49.64426303854875
50.08544217687075
50.54984126984127
51.01424036281179
51.478639455782314
51.94303854875283
52.407437641723355
52.87183673469388
53.31301587301587
53.777414965986395
54.24181405895692
54.706213151927436
55.17061224489796
55.635011337868484
56.099410430839
56.563809523809525
57.02820861678005
57.46938775510204
57.933786848072565
58.39818594104308
58.862585034013605
59.32698412698413
59.791383219954646
60.25578231292517
60.69696145124716
61.13814058956916
61.57931972789115
62.09015873015873
62.55455782312925
63.018956916099775
63.48335600907029
63.947755102040816
64.41215419501134
64.85333333333334
65.31773242630385
65.78213151927437
66.2465306122449
66.71092970521542
67.17532879818594
67.63972789115647
68.10412698412698
68.5685260770975
69.0097052154195
69.47410430839003
69.93850340136055
70.40290249433106
70.86730158730158
71.3317006802721
71.79609977324263
72.23727891156463
72.70167800453515
73.16607709750566
73.63047619047619
74.09487528344671
74.55927437641724
75.02367346938776
75.48807256235828
75.9524716553288
76.41687074829932
76.85804988662132
77.32244897959184
77.78684807256236
78.25124716553287
78.7156462585034
79.18004535147392
79.62122448979592
80.08562358276644
80.55002267573695
81.01442176870748
81.478820861678
81.94321995464853
82.40761904761905
82.87201814058957
83.31319727891156
83.77759637188208
84.24199546485261
84.70639455782313
85.17079365079366
85.63519274376418
86.09959183673469
86.56399092970521
87.02839002267574
87.46956916099774
87.93396825396826
88.39836734693877
88.8627664399093
89.30394557823129
89.79156462585034
90.25596371882087
90.72036281179139
91.1847619047619
91.64916099773242
92.11356009070295
92.55473922902495
93.01913832199547
93.48353741496598
93.9479365079365
94.41233560090703
94.87673469387755
95.31791383219955
95.78231292517007
96.24671201814058
96.71111111111111
97.17551020408163
97.63990929705216
98.10430839002268
98.56870748299319
99.00988662131519
99.47428571428571
99.93868480725624
100.40308390022676
100.86748299319729
101.3318820861678
101.79628117913832
102.26068027210884
102.70185941043084
103.16625850340137
103.63065759637188
104.07183673469387
104.5362358276644
105.00063492063492
105.46503401360545
105.92943310657597
106.39383219954648
106.858231292517
107.32263038548753
107.78702947845805
108.25142857142858
108.71582766439909
109.18022675736961
109.62140589569161
110.08580498866213
110.55020408163266
111.01460317460318
111.47900226757369
111.94340136054421
112.40780045351474
112.87219954648526
113.33659863945579
113.77777777777777
114.2421768707483
114.70657596371882
115.17097505668934
115.63537414965987
116.09977324263039
116.5641723356009
117.0053514739229
117.46975056689342
117.93414965986395
118.39854875283447
118.86294784580498
119.42022675736962
119.97750566893424
120.48834467120182
121.02240362811791
121.55646258503401
122.09052154195011
122.55492063492063
123.01931972789116
123.48371882086168
123.9481179138322
124.41251700680272
124.85369614512472
125.31809523809524
125.78249433106576
126.24689342403629
126.7112925170068
127.17569160997732
127.64009070294784
128.10448979591837
128.54566893424035
129.01006802721088
129.4744671201814
129.93886621315193
130.40326530612245
130.86766439909297
131.3320634920635
131.77324263038548
132.237641723356
132.70204081632653
133.16643990929705
133.63083900226758
134.0952380952381
134.55963718820863
135.02403628117915
135.48843537414967
135.92961451247166
136.39401360544218
136.8584126984127
137.32281179138323
137.78721088435375
138.25160997732425
138.71600907029477
139.1804081632653
139.6215873015873
140.08598639455784
140.55038548752833
141.01478458049885
141.47918367346938
141.9435827664399
142.40798185941043
142.87238095238095
143.31356009070294
143.77795918367346
144.24235827664398
144.7067573696145
145.17115646258503
145.63555555555556
146.09995464852608
146.5643537414966
147.02875283446713
147.4699319727891
147.93433106575964
148.39873015873016
148.86312925170068
149.3275283446712
149.79192743764173
150.25632653061226
150.72072562358278
151.18512471655328
151.6263038548753
152.0907029478458
152.55510204081634
153.01950113378686
153.48390022675736
153.94829931972788
154.4126984126984
154.87709750566893
155.34149659863945
155.80589569160998
156.24707482993196
156.71147392290248
157.175873015873
157.64027210884353
158.10467120181406
158.56907029478458
159.0334693877551
159.49786848072563
159.96226757369615
160.42666666666668
160.86784580498866
161.30902494331065
161.7966439909297
162.28426303854874
162.70222222222222
163.14340136054423
163.6542403628118
164.14185941043084
164.5598185941043
165.02421768707484
165.48861678004536
165.9530158730159
166.41741496598638
166.8585941043084
167.32299319727892
167.78739229024944
168.25179138321997
168.71619047619046
169.180589569161
169.6449886621315
170.10938775510203
170.57378684807256
171.03818594104308
171.5025850340136
171.96698412698413
172.43138321995465
172.87256235827664
173.33696145124716
173.8013605442177
174.2657596371882
174.73015873015873
175.19455782312926
175.65895691609978
176.10013605442177
176.5645351473923
177.02893424036282
177.49333333333334
177.93451247165532
178.39891156462585
178.86331065759637
179.3277097505669
179.79210884353742
180.25650793650794
180.72090702947847
181.185306122449
181.62648526077098
182.0908843537415
182.55528344671202
183.01968253968255
183.48408163265307
183.9484807256236
184.4128798185941
184.8540589569161
185.31845804988663
185.78285714285715
186.24725623582768
186.71165532879817
187.1760544217687
187.64045351473922
188.10485260770974
188.56925170068027
189.01043083900225
189.47482993197278
189.9392290249433
190.40362811791383
190.86802721088435
191.33242630385487
191.7968253968254
192.26122448979592
192.72562358276645
193.16680272108843
193.63120181405895
194.09560090702948
194.56
195.02439909297053
195.48879818594105
195.95319727891157
196.4175963718821
196.85877551020408
197.3231746031746
197.78757369614513
198.25197278911565
198.71637188208618
199.1807709750567
199.6451700680272
200.10956916099772
200.55074829931974
201.01514739229026
201.47954648526078
201.94394557823128
202.4083446712018
202.87274376417233
203.33714285714285
203.80154195011337
204.2427210884354
204.70712018140588
205.1715192743764
205.63591836734693
206.10031746031746
206.56471655328798
207.0291156462585
