0.18575963718820862
0.8126984126984127
1.4628571428571429
2.089795918367347
2.7399546485260773
3.3668934240362813
4.017052154195011
4.6439909297052155
5.270929705215419
5.921088435374149
6.548027210884354
7.174965986394557
7.825124716553288
8.475283446712018
9.125442176870749
9.752380952380953
10.402539682539683
11.029478458049887
11.679637188208616
12.30657596371882
12.933514739229025
13.56045351473923
14.187392290249432
14.837551020408164
15.51092970521542
16.16108843537415
16.81124716553288
17.41496598639456
18.04190476190476
18.692063492063493
19.342222222222222
19.969160997732427
20.619319727891156
21.24625850340136
21.89641723356009
22.50013605442177
23.173514739229024
23.800453514739228
24.450612244897957
25.054331065759637
25.704489795918366
26.354648526077096
27.00480725623583
27.631746031746033
28.258684807256238
28.908843537414967
29.559002267573696
30.1859410430839
30.812879818594105
31.463038548752834
32.08997732426304
32.71691609977324
33.36707482993197
34.0172335600907
34.644172335600906
35.22467120181406
35.92126984126984
36.57142857142857
37.198367346938774
37.8485260770975
38.47546485260771
39.12562358276644
39.77578231292517
40.40272108843537
41.029659863945575
41.65659863945578
42.283537414965984
42.93369614512471
43.58385487528345
44.23401360544218
44.860952380952384
45.48789115646259
46.13804988662132
46.78820861678005
47.41514739229025
48.042086167800456
48.692244897959185
49.31918367346939
49.946122448979594
50.59628117913832
51.24643990929705
51.89659863945578
52.523537414965986
53.173696145124715
53.80063492063492
54.45079365079365
55.077732426303854
55.70467120181406
56.35482993197279
56.98176870748299
57.63192743764172
58.258866213151926
58.909024943310655
59.53596371882086
60.162902494331064
60.81306122448979
61.46321995464853
62.09015873015873
62.74031746031746
63.36725623582767
64.01741496598639
64.6443537414966
65.29451247165532
65.92145124716554
66.57160997732426
67.19854875283447
67.84870748299319
68.4756462585034
69.12580498866213
69.75274376417234
70.40290249433106
71.02984126984127
71.68
72.3069387755102
72.95709750566894
73.58403628117914
74.21097505668934
74.86113378684807
75.51129251700681
76.138231292517
76.78839002267574
77.41532879818594
78.06548752834468
78.69242630385487
79.34258503401361
79.9695238095238
80.61968253968254
81.20018140589569
81.87356009070295
82.52371882086167
83.15065759637189
83.77759637188208
84.42775510204082
85.07791383219954
85.70485260770975
86.35501133786848
86.98195011337869
87.63210884353741
88.28226757369615
88.90920634920634
89.53614512471655
90.18630385487528
90.83646258503401
91.46340136054421
92.11356009070295
92.74049886621316
93.39065759637188
94.01759637188209
94.64453514739229
95.29469387755103
95.94485260770975
96.5253514739229
97.19873015873016
97.8488888888889
98.49904761904762
99.12598639455783
99.77614512471655
100.40308390022676
101.05324263038548
101.6801814058957
102.33034013605442
102.95727891156463
103.60743764172335
104.23437641723356
104.86131519274376
105.5114739229025
106.16163265306122
106.78857142857143
107.41551020408163
108.06566893424036
108.71582766439909
109.31954648526077
109.9697052154195
110.61986394557823
111.24680272108843
111.89696145124717
112.5471201814059
113.1740589569161
113.80099773242631
114.42793650793651
115.07809523809524
115.72825396825397
116.35519274376418
117.0053514739229
117.63229024943311
118.28244897959183
118.93260770975057
119.55954648526077
120.18648526077098
120.8366439909297
121.46358276643991
122.09052154195011
122.74068027210885
123.36761904761904
124.01777777777778
124.64471655328798
125.29487528344671
125.92181405895691
126.54875283446712
127.19891156462585
127.84907029478458
128.4992290249433
129.12616780045352
129.75310657596373
130.3800453514739
131.03020408163266
131.68036281179138
132.3073015873016
132.95746031746032
133.60761904761904
134.23455782312925
134.86149659863946
135.51165532879818
136.1385941043084
136.78875283446712
137.41569160997733
138.06585034013605
138.71600907029477
139.34294784580499
139.9698866213152
140.62004535147392
141.24698412698413
141.89714285714285
142.52408163265306
143.15102040816328
143.801179138322
144.45133786848072
145.07827664399093
145.70521541950114
146.35537414965987
147.0055328798186
147.6324716553288
148.259410430839
148.90956916099773
149.55972789115646
150.18666666666667
150.81360544217688
151.4637641723356
152.11392290249432
152.74086167800453
153.36780045351475
154.01795918367347
154.64489795918368
155.2950566893424
155.9219954648526
156.57215419501134
157.22231292517006
157.84925170068027
158.47619047619048
159.1263492063492
159.75328798185942
160.40344671201814
161.03038548752835
161.68054421768707
162.3307029478458
162.957641723356
163.58458049886622
164.23473922902494
164.86167800453515
165.51183673469387
166.13877551020408
166.7657142857143
167.41587301587302
168.06603174603174
168.69297052154195
169.34312925170067
169.97006802721089
170.6202267573696
171.24716553287982
171.89732426303854
172.52426303854875
173.17442176870748
173.8013605442177
174.4515192743764
175.07845804988662
175.70539682539683
176.35555555555555
176.98249433106577
177.6326530612245
178.2595918367347
178.90975056689342
179.53668934240363
180.18684807256236
180.83700680272108
181.4639455782313
182.11410430839
182.74104308390022
183.36798185941043
184.01814058956916
184.69151927437642
185.31845804988663
185.9221768707483
186.43301587301588
186.96707482993196
187.5243537414966
188.17451247165533
188.778231292517
189.45160997732427
190.07854875283448
190.70548752834466
191.3556462585034
192.00580498866213
192.63274376417235
193.14358276643992
193.70086167800454
194.25814058956917
194.88507936507938
195.51201814058956
196.13895691609977
196.7891156462585
197.4160544217687
198.06621315192743
198.69315192743764
199.34331065759636
199.97024943310657
200.6204081632653
201.2473469387755
201.87428571428572
202.52444444444444
203.17460317460316
203.80154195011337
204.4517006802721
205.0786394557823
205.72879818594103
206.35573696145124
206.98267573696145
207.63283446712018
208.2829931972789
208.9099319727891
209.53687074829932
210.18702947845804
210.83718820861677
211.46412698412698
212.0910657596372
212.7412244897959
213.39138321995466
214.01832199546485
214.64526077097506
215.29541950113378
215.922358276644
216.5725170068027
217.19945578231292
217.84961451247165
218.47655328798186
219.10349206349207
219.7536507936508
220.4038095238095
221.03074829931973
221.68090702947845
222.30784580498866
222.95800453514738
223.60816326530613
224.23510204081632
224.86204081632653
225.51219954648525
226.162358276644
226.78929705215418
227.4162358276644
228.06639455782312
228.69333333333333
229.32027210884354
229.94721088435375
230.59736961451247
231.2475283446712
231.8744671201814
