0.4179591836734694
0.905578231292517
1.3467573696145125
1.787936507936508
2.2755555555555556
2.716734693877551
3.1811337868480725
3.645532879818594
4.1099319727891155
4.574331065759637
5.038730158730159
5.50312925170068
5.9675283446712015
6.431927437641724
6.989206349206349
7.500045351473923
8.034104308390022
8.498503401360544
8.962902494331066
9.427301587301587
9.891700680272109
10.356099773242631
10.820498866213152
11.284897959183674
11.749297052154194
12.19047619047619
12.678095238095239
13.119274376417234
13.583673469387755
14.048072562358277
14.512471655328799
14.97687074829932
15.418049886621315
15.882448979591837
16.34684807256236
16.81124716553288
17.2756462585034
17.740045351473924
18.204444444444444
18.64562358276644
19.13324263038549
19.59764172335601
20.06204081632653
20.503219954648525
20.96761904761905
21.43201814058957
21.89641723356009
22.360816326530614
22.801995464852606
23.26639455782313
23.73079365079365
24.19519274376417
24.659591836734695
25.123990929705215
25.588390022675735
26.05278911564626
26.493968253968255
26.958367346938775
27.422766439909296
27.88716553287982
28.35156462585034
28.81596371882086
29.280362811791385
29.744761904761905
30.1859410430839
30.65034013605442
31.114739229024945
31.579138321995465
32.04353741496599
32.507936507936506
32.97233560090703
33.436734693877554
33.90113378684807
34.34231292517007
34.80671201814059
35.27111111111111
35.735510204081635
36.19990929705215
36.664308390022676
37.1287074829932
37.56988662131519
38.034285714285716
38.49868480725623
38.963083900226756
39.42748299319728
39.8918820861678
40.35628117913832
40.820680272108845
41.26185941043084
41.72625850340136
42.190657596371885
42.6550566893424
43.119455782312926
43.58385487528345
44.04825396825397
44.51265306122449
44.977052154195015
45.41823129251701
45.88263038548753
46.34702947845805
46.81142857142857
47.275827664399095
47.74022675736961
48.18140589569161
48.64580498866213
49.11020408163265
49.574603174603176
50.03900226757369
50.50340136054422
50.96780045351474
51.43219954648526
51.89659863945578
52.33777777777778
52.8021768707483
53.26657596371882
53.730975056689346
54.19537414965986
54.659773242630386
55.12417233560091
55.58857142857143
56.05297052154195
56.517369614512475
56.95854875283447
57.42294784580499
57.88734693877551
58.35174603174603
58.816145124716556
59.28054421768707
59.7449433106576
60.18612244897959
60.65052154195011
61.11492063492064
61.57931972789115
62.04371882086168
62.5081179138322
62.97251700680272
63.43691609977324
63.87809523809524
64.34249433106577
64.80689342403628
65.2712925170068
65.73569160997732
66.20009070294785
66.66448979591837
67.1288888888889
67.57006802721088
68.0344671201814
68.49886621315193
68.96326530612245
69.42766439909298
69.89206349206349
70.35646258503401
70.82086167800453
71.28526077097506
71.72643990929706
72.19083900226758
72.65523809523809
73.11963718820861
73.58403628117914
74.04843537414966
74.51283446712019
74.95401360544217
75.4184126984127
75.88281179138322
76.34721088435374
76.81160997732427
77.27600907029479
77.7404081632653
78.1815873015873
78.57632653061225
78.99428571428571
79.36580498866213
79.80698412698413
80.27138321995464
80.73578231292517
81.20018140589569
81.66458049886621
82.12897959183674
82.57015873015872
83.03455782312925
83.49895691609977
83.9633560090703
84.42775510204082
84.89215419501134
85.35655328798185
85.82095238095238
86.26213151927438
86.7265306122449
87.19092970521542
87.67854875283447
88.11972789115646
88.58412698412698
89.0485260770975
89.51292517006803
89.97732426303855
90.44172335600906
90.90612244897959
91.34730158730159
91.81170068027211
92.27609977324263
92.74049886621316
93.20489795918367
93.66929705215419
94.13369614512472
94.57487528344672
95.03927437641724
95.50367346938775
95.96807256235827
96.4324716553288
96.92009070294785
97.47736961451247
98.03464852607709
98.49904761904762
98.96344671201814
99.42784580498866
99.89224489795919
100.35664399092971
100.82104308390022
101.28544217687075
101.72662131519274
102.19102040816327
102.63219954648527
103.1198185941043
103.58421768707483
104.04861678004535
104.51301587301587
104.95419501133787
105.41859410430838
105.8829931972789
106.34739229024943
106.81179138321995
107.27619047619048
107.740589569161
108.20498866213151
108.66938775510204
109.11056689342404
109.57496598639456
110.03936507936508
110.50376417233561
110.96816326530612
111.43256235827664
111.89696145124717
112.36136054421769
112.80253968253969
113.2669387755102
113.73133786848072
114.19573696145125
114.66013605442177
115.1245351473923
115.58893424036282
116.05333333333333
116.49451247165533
116.95891156462585
117.42331065759637
117.8877097505669
118.35210884353741
118.81650793650793
119.28090702947846
119.74530612244898
120.2097052154195
120.6508843537415
121.11528344671201
121.57968253968254
122.04408163265306
122.50848072562358
122.94965986394558
123.43727891156463
123.87845804988662
124.34285714285714
124.80725623582767
125.27165532879819
125.73605442176871
126.20045351473922
126.66485260770975
127.12925170068027
127.57043083900227
128.03482993197278
128.4992290249433
128.96362811791383
129.42802721088435
129.89242630385488
130.3568253968254
130.82122448979592
131.28562358276645
131.72680272108843
132.19120181405896
132.65560090702948
133.12
133.58439909297053
134.04879818594105
134.51319727891158
134.9775963718821
135.41877551020409
135.8831746031746
136.34757369614513
136.81197278911566
137.27637188208618
137.71755102040817
138.2051700680272
138.66956916099772
139.11074829931974
139.57514739229026
140.03954648526076
140.50394557823128
140.9683446712018
141.43274376417233
141.89714285714285
142.33832199546487
142.80272108843536
143.2671201814059
143.7315192743764
144.19591836734693
144.66031746031746
145.12471655328798
145.5891156462585
146.05351473922903
146.49469387755101
146.95909297052154
147.42349206349206
147.8878911564626
148.3522902494331
148.81668934240363
149.28108843537416
149.74548752834468
150.18666666666667
150.6510657596372
151.11546485260772
151.57986394557824
152.04426303854876
152.5086621315193
152.94984126984127
153.4142403628118
153.87863945578232
154.34303854875284
154.80743764172337
155.27183673469386
155.7362358276644
156.2006349206349
156.66503401360544
157.12943310657596
157.59383219954648
158.03501133786847
158.499410430839
158.96380952380952
159.42820861678004
159.89260770975056
160.3570068027211
160.8214058956916
161.2625850340136
161.72698412698412
162.21460317460318
162.65578231292517
163.1201814058957
163.58458049886622
164.04897959183674
164.51337868480726
164.95455782312925
165.41895691609977
165.8833560090703
166.34775510204082
166.81215419501135
167.27655328798187
167.7409523809524
168.2053514739229
168.6465306122449
169.11092970521543
169.57532879818595
170.03972789115647
170.504126984127
170.9685260770975
171.43292517006802
171.89732426303854
172.36172335600907
172.80290249433108
173.26730158730157
173.7317006802721
174.1728798185941
174.66049886621315
175.10167800453516
175.56607709750566
176.05369614512472
176.4948752834467
176.95927437641723
177.4468934240363
177.9112925170068
178.3524716553288
178.81687074829932
179.28126984126985
179.74566893424037
180.18684807256236
180.65124716553288
181.1156462585034
181.5568253968254
182.0212244897959
182.48562358276644
182.9732426303855
183.43764172335602
183.90204081632652
184.34321995464853
184.80761904761906
185.27201814058958
185.7364172335601
186.2008163265306
186.66521541950112
187.12961451247165
187.57079365079366
188.03519274376418
188.49959183673468
188.9639909297052
189.42839002267573
189.89278911564625
190.35718820861678
190.8215873015873
191.26276643990929
191.7271655328798
192.19156462585033
192.65596371882086
193.12036281179138
193.5847619047619
194.04916099773243
194.51356009070295
194.97795918367348
195.41913832199546
195.88353741496599
196.3479365079365
196.81233560090703
197.27673469387756
197.74113378684808
198.18231292517007
198.6467120181406
199.11111111111111
199.57551020408164
200.03990929705216
200.5043083900227
200.9687074829932
201.4331065759637
201.89750566893423
202.36190476190475
202.80308390022677
203.2674829931973
203.7318820861678
204.1962811791383
204.66068027210883
205.12507936507936
205.58947845804988
206.0306575963719
206.4950566893424
206.95945578231292
207.42385487528344
207.88825396825396
208.3526530612245
208.817052154195
209.28145124716553
209.74585034013606
210.18702947845804
210.65142857142857
