0.09287981859410431
0.5572789115646258
1.0216780045351475
1.486077097505669
1.9504761904761905
2.414875283446712
2.9024943310657596
3.3901133786848074
3.877732426303855
4.342131519274377
4.806530612244898
5.270929705215419
5.735328798185941
6.199727891156463
6.664126984126984
7.128526077097506
7.592925170068027
7.987664399092971
8.40562358276644
8.823582766439909
9.241541950113378
9.7059410430839
10.170340136054422
10.634739229024943
11.099138321995465
11.563537414965987
12.027936507936507
12.49233560090703
12.956734693877552
13.421133786848072
13.885532879818594
14.349931972789115
14.837551020408164
15.301950113378684
15.766349206349206
16.23074829931973
16.69514739229025
17.159546485260773
17.623945578231293
18.088344671201813
18.552743764172334
19.017142857142858
19.481541950113378
19.9459410430839
20.410340136054423
20.874739229024943
21.339138321995463
21.803537414965987
22.267936507936508
22.732335600907028
23.196734693877552
23.661133786848072
24.125532879818593
24.589931972789117
25.054331065759637
25.518730158730158
25.98312925170068
26.447528344671202
26.93514739229025
27.422766439909296
27.910385487528345
28.398004535147393
28.88562358276644
29.373242630385487
29.88408163265306
30.34848072562358
30.812879818594105
31.277278911564625
31.741678004535146
32.20607709750567
32.670476190476194
33.111655328798186
33.57605442176871
34.04045351473923
34.50485260770975
34.969251700680275
35.43365079365079
35.898049886621315
36.33922902494331
36.80362811791383
37.268027210884355
37.73242630385487
38.196825396825396
38.66122448979592
39.12562358276644
39.59002267573696
40.054421768707485
40.49560090702948
40.96
41.424399092970525
41.88879818594104
42.353197278911566
42.81759637188209
43.25877551020408
43.723174603174606
44.18757369614512
44.651972789115646
45.11637188208617
45.58077097505669
46.04517006802721
46.509569160997735
46.97396825396825
47.438367346938776
47.87954648526077
48.34394557823129
48.808344671201816
49.27274376417233
49.73714285714286
50.20154195011338
50.6659410430839
51.13034013605442
51.57151927437642
52.03591836734694
52.50031746031746
52.964716553287985
53.4291156462585
53.893514739229026
54.35791383219954
54.82231292517007
55.263492063492066
55.72789115646258
56.21551020408163
56.65668934240363
57.12108843537415
57.58548752834467
58.049886621315196
58.51428571428571
58.978684807256236
59.41986394557823
59.88426303854875
60.348662131519276
60.81306122448979
61.27746031746032
61.74185941043084
62.20625850340136
62.67065759637188
63.111836734693874
63.5762358276644
64.04063492063491
64.50503401360544
64.96943310657596
65.43383219954649
65.89823129251701
66.36263038548753
66.80380952380952
67.26820861678004
67.73260770975057
68.19700680272109
68.66140589569162
69.12580498866213
69.59020408163265
70.05460317460317
70.49578231292517
70.9601814058957
71.42458049886622
71.88897959183673
72.35337868480725
72.81777777777778
73.2821768707483
73.7233560090703
74.18775510204081
74.65215419501133
75.11655328798186
75.58095238095238
76.0453514739229
76.50975056689343
76.97414965986394
77.41532879818594
77.87972789115646
78.34412698412699
78.80852607709751
79.27292517006802
79.73732426303854
80.20172335600907
80.66612244897959
81.13052154195012
81.57170068027212
82.03609977324263
82.50049886621315
82.96489795918367
83.4292970521542
83.89369614512472
84.35809523809523
84.82249433106576
85.26367346938775
85.72807256235828
86.1924716553288
86.65687074829933
87.12126984126984
87.58566893424036
88.05006802721088
88.51446712018141
88.97886621315193
89.42004535147392
89.88444444444444
90.34884353741496
90.81324263038549
91.27764172335601
91.74204081632654
92.20643990929705
92.64761904761905
93.11201814058957
93.5764172335601
94.04081632653062
94.50521541950113
94.96961451247165
95.43401360544217
95.8984126984127
96.36281179138322
96.80399092970522
97.26839002267573
97.73278911564626
98.19718820861678
98.6615873015873
99.12598639455783
99.59038548752835
100.03156462585034
100.49596371882086
100.96036281179138
101.42476190476191
101.88916099773243
102.35356009070294
102.81795918367347
103.28235827664399
103.72353741496599
104.18793650793651
104.65233560090702
105.11673469387755
105.58113378684807
106.0455328798186
106.50993197278912
106.97433106575964
107.41551020408163
107.87990929705215
108.34430839002268
108.8087074829932
109.27310657596372
109.73750566893425
110.20190476190476
110.66630385487528
111.1307029478458
111.5718820861678
112.03628117913833
112.50068027210884
112.96507936507936
113.42947845804989
113.89387755102041
114.35827664399093
114.82267573696146
115.26385487528344
115.72825396825397
116.19265306122449
116.65705215419501
117.12145124716554
117.58585034013605
118.05024943310657
118.5146485260771
118.9558276643991
119.42022675736962
119.88462585034014
120.34902494331065
120.81342403628118
121.2778231292517
121.74222222222222
122.20662131519275
122.67102040816326
123.20507936507937
123.73913832199547
124.27319727891157
124.73759637188209
125.2019954648526
125.66639455782312
126.13079365079365
126.59519274376417
127.03637188208617
127.5007709750567
127.9651700680272
128.42956916099774
128.89396825396827
129.35836734693876
129.8227664399093
130.2871655328798
130.72834467120182
131.1695238095238
131.65714285714284
132.12154195011337
132.5859410430839
133.05034013605442
133.51473922902494
133.97913832199546
134.42031746031745
134.88471655328797
135.3491156462585
135.81351473922902
136.27791383219954
136.74231292517007
137.2067120181406
137.67111111111112
138.13551020408164
138.57668934240363
139.04108843537415
139.50548752834467
139.9698866213152
140.43428571428572
140.89868480725625
141.36308390022677
141.82748299319726
142.26866213151928
142.7330612244898
143.19746031746033
143.66185941043085
144.12625850340137
144.59065759637187
145.0550566893424
145.51945578231292
145.96063492063493
146.42503401360545
146.88943310657595
147.35383219954647
147.818231292517
148.28263038548752
148.74702947845805
149.21142857142857
149.65260770975055
150.11700680272108
150.5814058956916
151.04580498866213
151.51020408163265
151.97460317460317
152.4390022675737
152.90340136054422
153.3445804988662
153.80897959183673
154.27337868480726
154.73777777777778
155.2021768707483
155.66657596371883
156.13097505668935
156.59537414965988
157.0597732426304
157.50095238095238
157.9653514739229
158.42975056689343
158.89414965986396
159.35854875283448
159.82294784580498
160.2873469387755
160.75174603174602
161.19292517006804
161.65732426303856
162.12172335600906
162.58612244897958
163.0505215419501
163.51492063492063
163.97931972789115
164.44371882086168
164.9081179138322
165.37251700680272
165.8136961451247
166.27809523809523
166.74249433106576
167.20689342403628
167.6712925170068
168.13569160997733
168.5768707482993
169.04126984126984
169.50566893424036
169.97006802721089
170.4344671201814
170.89886621315193
171.36326530612246
171.82766439909298
172.2920634920635
172.7332426303855
173.197641723356
173.66204081632654
174.12643990929706
174.5908390022676
175.05523809523808
175.5196371882086
175.96081632653062
176.42521541950114
176.88961451247167
177.3540136054422
177.8184126984127
178.2828117913832
178.81687074829932
179.3277097505669
179.86176870748298
180.34938775510204
180.81378684807257
181.2781859410431
181.74258503401362
182.20698412698414
182.64816326530612
183.11256235827665
183.57696145124717
184.0413605442177
184.52897959183673
184.97015873015874
185.43455782312924
185.89895691609976
186.3633560090703
186.8277551020408
187.29215419501134
187.75655328798186
188.22095238095238
188.66213151927437
189.1265306122449
189.59092970521542
190.05532879818594
190.51972789115646
190.984126984127
191.4485260770975
191.8897052154195
192.35410430839002
192.8649433106576
193.3990022675737
193.88662131519274
194.35102040816327
194.8154195011338
195.2798185941043
195.74421768707484
196.20861678004536
196.6962358276644
197.18385487528346
197.62503401360544
198.06621315192743
198.50739229024944
198.94857142857143
199.4361904761905
199.90058956916099
200.3649886621315
200.80616780045352
201.29378684807256
201.78140589569162
202.24580498866214
202.71020408163264
203.1978231292517
203.66222222222223
204.12662131519275
204.59102040816327
205.03219954648526
205.47337868480724
205.93777777777777
206.4021768707483
206.88979591836735
207.35419501133788
207.8185941043084
208.2829931972789
208.74739229024942
209.21179138321995
209.67619047619047
210.11736961451248
210.58176870748298
211.0461678004535
211.51056689342403
211.97496598639455
212.43936507936507
212.9037641723356
213.36816326530612
213.8093424036281
214.27374149659863
214.73814058956916
215.20253968253968
215.6669387755102
216.13133786848073
216.59573696145125
217.03691609977324
217.50131519274376
217.96571428571428
218.4301133786848
218.89451247165533
219.35891156462586
219.82331065759638
220.2877097505669
220.75210884353743
221.21650793650792
221.68090702947845
222.12208616780046
222.56326530612245
223.02766439909297
223.4920634920635
223.93324263038548
224.3744217687075
224.81560090702948
225.25678004535146
225.721179138322
226.1855782312925
226.67319727891157
227.1375963718821
227.62521541950113
228.1128344671202
228.5772335600907
229.0416326530612
229.50603174603174
229.97043083900226
230.43482993197279
230.8992290249433
231.36362811791383
231.82802721088436
232.26920634920634
232.73360544217687
233.1980045351474
233.66240362811791
234.12680272108844
234.56798185941042
235.00916099773244
235.45034013605442
235.8915192743764
236.35591836734693
236.79709750566894
237.26149659863947
237.72589569160996
238.1902947845805
238.654693877551
239.11909297052154
239.58349206349206
240.04789115646258
240.48907029478457
240.9534693877551
241.41786848072562
241.88226757369614
242.34666666666666
242.8110657596372
243.2754648526077
243.73986394557824
244.18104308390022
244.64544217687074
245.10984126984127
245.5742403628118
246.03863945578232
246.50303854875284
246.96743764172336
247.4318367346939
247.87301587301587
248.3374149659864
248.80181405895692
249.26621315192745
249.73061224489797
250.1950113378685
250.659410430839
251.1238095238095
251.56498866213153
252.02938775510205
252.49378684807257
252.9814058956916
253.49224489795918
253.97986394557824
254.44426303854874
254.88544217687075
255.34984126984128
255.8142403628118
256.2786394557823
256.74303854875285
257.20743764172335
257.6718367346939
258.1362358276644
258.5774149659864
259.0418140589569
259.50621315192745
259.97061224489795
260.4350113378685
260.899410430839
261.36380952380955
261.82820861678005
262.26938775510206
262.73378684807255
263.1981859410431
263.6625850340136
264.12698412698415
264.59138321995465
265.05578231292515
265.5201814058957
265.9845804988662
266.4257596371882
266.8901587301587
267.35455782312926
267.81895691609975
268.2833560090703
268.7477551020408
269.21215419501135
269.6533333333333
270.11773242630386
270.58213151927436
271.0465306122449
271.5109297052154
271.97532879818596
272.43972789115645
272.88090702947846
273.34530612244896
273.8097052154195
274.27410430839
274.73850340136056
275.20290249433106
275.6673015873016
276.1317006802721
276.5728798185941
277.0372789115646
277.50167800453517
277.96607709750566
278.4304761904762
278.8948752834467
279.35927437641726
279.82367346938776
280.26485260770977
280.72925170068027
281.1936507936508
281.6580498866213
282.1224489795918
282.58684807256236
283.05124716553286
283.5156462585034
283.9800453514739
284.44444444444446
284.8856235827664
285.35002267573697
285.81442176870746
286.278820861678
286.7432199546485
287.20761904761906
287.67201814058956
288.1364172335601
288.6008163265306
289.0419954648526
289.5063945578231
289.97079365079367
290.43519274376416
290.8995918367347
291.3639909297052
291.82839002267576
292.2695691609977
292.73396825396827
293.19836734693877
293.6627664399093
294.1271655328798
294.59156462585037
295.05596371882086
295.52036281179136
295.9847619047619
296.4259410430839
296.8903401360544
297.3547392290249
297.842358276644
298.3531972789116
298.8872562358277
299.42131519274375
299.8857142857143
300.3501133786848
300.81451247165535
301.27891156462584
301.7433106575964
302.2077097505669
302.6721088435374
303.1132879818594
303.57768707482995
304.04208616780045
304.506485260771
304.9708843537415
305.435283446712
305.89968253968254
306.36408163265304
306.80526077097505
307.2696598639456
307.7340589569161
308.1984580498866
308.66285714285715
309.12725623582764
309.56843537414966
310.03283446712015
310.4972335600907
310.9616326530612
311.42603174603175
311.89043083900225
312.3548299319728
312.8192290249433
313.28362811791385
313.74802721088435
314.18920634920636
314.65360544217685
315.1180045351474
315.5824036281179
316.04680272108845
316.51120181405895
316.9756009070295
317.44
317.881179138322
318.3455782312925
318.80997732426306
319.27437641723355
319.7619954648526
320.27283446712016
320.78367346938774
321.2712925170068
321.7356916099773
322.22331065759636
322.73414965986393
323.1985487528345
323.662947845805
324.12734693877553
324.591746031746
325.0561451247166
325.5205442176871
325.98494331065757
326.4493424036281
326.89052154195014
327.35492063492063
327.8193197278912
328.2837188208617
328.7481179138322
329.1892970521542
329.65369614512474
330.11809523809524
330.58249433106573
331.0468934240363
331.5112925170068
331.97569160997733
332.4400907029478
332.9044897959184
333.34566893424034
333.8100680272109
334.2744671201814
334.73886621315194
335.20326530612243
335.667664399093
336.1320634920635
336.5732426303855
337.037641723356
337.50204081632654
337.96643990929704
338.4308390022676
338.8952380952381
339.35963718820864
339.82403628117913
340.2884353741497
340.72961451247164
341.1940136054422
341.6584126984127
342.12281179138324
342.58721088435374
343.0516099773243
343.5160090702948
343.9571882086168
344.4215873015873
344.88598639455785
345.35038548752834
345.81478458049884
346.2791836734694
346.7435827664399
347.1847619047619
347.64916099773245
348.11356009070295
348.57795918367344
349.042358276644
349.5067573696145
349.9479365079365
350.41233560090706
350.87673469387755
351.34113378684805
351.8055328798186
352.2699319727891
352.73433106575965
353.19873015873014
353.6631292517007
354.1275283446712
354.5687074829932
355.0331065759637
355.49750566893425
355.96190476190475
356.4263038548753
356.8907029478458
357.35510204081635
357.81950113378684
358.2839002267574
358.7482993197279
359.2126984126984
359.67709750566894
360.11827664399095
360.58267573696145
361.047074829932
361.5114739229025
361.975873015873
362.44027210884354
362.90467120181404
363.3690702947846
363.8334693877551
364.2746485260771
364.7390476190476
365.20344671201815
365.66784580498864
366.10902494331066
366.57342403628115
367.0378231292517
367.5022222222222
367.96662131519275
368.43102040816325
368.8954195011338
369.3598185941043
369.82421768707485
370.2653968253968
370.72979591836736
371.19419501133785
371.6585941043084
372.1229931972789
372.58739229024945
373.05179138321995
373.5161904761905
373.980589569161
374.4449886621315
374.90938775510205
375.37378684807254
375.8381859410431
376.2793650793651
376.7437641723356
377.2081632653061
377.67256235827665
378.13696145124715
378.6013605442177
379.04253968253965
379.5069387755102
379.9713378684807
380.43573696145125
380.90013605442175
381.34131519274376
381.80571428571426
382.2701133786848
382.7345124716553
383.19891156462586
383.66331065759636
384.1277097505669
384.5921088435374
385.05650793650796
385.590566893424
386.1246258503401
386.65868480725624
387.12308390022673
387.56426303854875
388.0286621315193
388.4930612244898
388.95746031746035
389.3986394557823
389.86303854875285
390.32743764172335
390.7918367346939
391.23301587301586
391.6974149659864
392.13859410430837
392.6029931972789
393.0673922902494
393.50857142857143
393.9729705215419
394.41414965986394
394.8785487528345
395.31972789115645
395.784126984127
396.2485260770975
396.6897052154195
397.1308843537415
397.595283446712
398.03646258503403
398.477641723356
398.94204081632654
399.38321995464855
399.84761904761905
400.28879818594106
400.729977324263
401.19437641723357
401.6355555555556
402.07673469387754
402.51791383219955
402.95909297052157
403.4002721088435
403.8646712018141
404.30585034013603
404.74702947845805
405.18820861678006
405.629387755102
406.07056689342403
406.51174603174604
406.952925170068
407.39410430839
407.835283446712
408.27646258503404
408.717641723356
409.158820861678
409.6
410.041179138322
410.482358276644
410.923537414966
411.36471655328796
411.80589569161
412.247074829932
412.66503401360546
413.1062131519274
413.54739229024943
413.98857142857145
