0.3250793650793651
0.6965986394557823
1.0681179138321995
1.4628571428571429
1.8343764172335602
2.2058956916099772
2.5774149659863945
2.972154195011338
3.3436734693877552
3.7151927437641725
4.08671201814059
4.458231292517007
4.829750566893424
5.201269841269841
5.572789115646258
5.9675283446712015
6.339047619047619
6.710566893424036
7.082086167800454
7.453605442176871
7.825124716553288
8.219863945578231
8.591383219954649
8.962902494331066
9.311201814058958
9.7059410430839
10.100680272108843
10.518639455782314
10.866938775510205
11.23845804988662
11.586757369614512
11.981496598639456
12.353015873015874
12.72453514739229
13.096054421768708
13.467573696145125
13.839092970521541
14.233832199546486
14.628571428571428
15.000090702947846
15.371609977324264
15.789569160997733
16.253968253968253
16.62548752834467
16.950566893424035
17.2756462585034
17.600725623582765
17.949024943310658
18.320544217687075
18.64562358276644
19.040362811791383
19.435102040816325
19.853061224489796
20.224580498866214
20.619319727891156
20.990839002267574
21.36235827664399
21.73387755102041
22.105396825396827
22.47691609977324
22.871655328798187
23.2431746031746
23.591473922902495
23.939773242630384
24.3112925170068
24.729251700680273
25.077551020408162
25.472290249433108
25.843809523809522
26.192108843537415
26.540408163265305
26.93514739229025
27.329886621315193
27.724625850340136
28.11936507936508
28.514104308390024
28.88562358276644
29.257142857142856
29.628662131519274
30.00018140589569
30.34848072562358
30.696780045351474
31.091519274376417
31.463038548752834
31.834557823129252
32.229297052154195
32.62403628117914
32.995555555555555
33.3902947845805
33.73859410430839
34.11011337868481
34.481632653061226
34.853151927437644
35.178231292517005
35.59619047619048
35.944489795918365
36.33922902494331
36.710748299319725
37.08226757369614
37.45378684807256
37.8485260770975
38.22004535147392
38.59156462585034
38.98630385487528
39.3578231292517
39.75256235827664
40.147301587301584
40.518820861678
40.867120181405895
41.23863945578231
41.61015873015873
41.95845804988662
42.353197278911566
42.74793650793651
43.0962358276644
43.46775510204082
43.83927437641724
44.210793650793654
44.55909297052154
44.93061224489796
45.302131519274376
45.69687074829932
46.09160997732426
46.46312925170068
46.85786848072562
47.22938775510204
47.57768707482993
47.9027664399093
48.29750566893424
48.71546485260771
49.11020408163265
49.458503401360545
49.83002267573696
50.20154195011338
50.59628117913832
50.96780045351474
51.33931972789116
51.710839002267576
52.082358276643994
52.453877551020405
52.848616780045354
53.22013605442177
53.59165532879818
53.939954648526076
54.28825396825397
54.659773242630386
55.031292517006804
55.40281179138322
55.797551020408164
56.16907029478458
56.58702947845805
56.98176870748299
57.330068027210885
57.72480725623583
58.096326530612245
58.46784580498866
58.83936507936508
59.23410430839002
59.60562358276644
59.953922902494334
60.32544217687075
60.720181405895694
61.09170068027211
61.46321995464853
61.83473922902494
62.20625850340136
62.62421768707483
62.99573696145125
63.344036281179136
63.715555555555554
64.08707482993198
64.45859410430839
64.85333333333334
65.22485260770975
65.57315192743764
65.96789115646258
66.339410430839
66.73414965986395
67.10566893424036
67.47718820861678
67.84870748299319
68.22022675736962
68.61496598639455
68.98648526077098
69.38122448979591
69.72952380952381
70.10104308390022
70.47256235827665
70.84408163265306
71.21560090702948
71.61034013605442
71.98185941043084
72.35337868480725
72.72489795918368
73.09641723356009
73.46793650793651
73.83945578231292
74.21097505668934
74.58249433106576
74.97723356009071
75.34875283446712
75.72027210884353
76.09179138321996
76.46331065759637
76.81160997732427
77.22956916099773
77.60108843537415
77.94938775510204
78.34412698412699
78.73886621315192
79.11038548752835
79.45868480725623
79.83020408163266
80.20172335600907
80.5732426303855
80.92154195011338
81.29306122448979
81.68780045351474
82.08253968253969
82.4540589569161
82.84879818594105
83.22031746031746
83.59183673469387
83.9633560090703
84.35809523809523
84.72961451247166
85.10113378684807
85.47265306122449
85.8441723356009
86.21569160997733
86.58721088435374
86.95873015873016
87.33024943310657
87.701768707483
88.07328798185941
88.46802721088436
88.83954648526077
89.2110657596372
89.5825850340136
89.95410430839003
90.32562358276644
90.72036281179139
91.0918820861678
91.46340136054421
91.83492063492064
92.20643990929705
92.57795918367347
92.9726984126984
93.34421768707483
93.71573696145124
94.08725623582767
94.45877551020408
94.8302947845805
95.20181405895691
95.57333333333334
95.96807256235827
96.36281179138322
96.73433106575963
97.12907029478458
97.47736961451247
97.8488888888889
98.19718820861678
98.56870748299319
98.94022675736962
99.31174603174603
99.70648526077098
100.10122448979592
100.47274376417234
100.84426303854875
101.2390022675737
101.63374149659865
102.00526077097506
102.35356009070294
102.72507936507937
103.09659863945578
103.4681179138322
103.83963718820861
104.23437641723356
104.6291156462585
104.9774149659864
105.34893424036281
105.72045351473923
106.11519274376417
106.50993197278912
106.88145124716553
107.22975056689343
107.60126984126984
107.97278911564626
108.3675283446712
108.76226757369615
109.13378684807256
109.48208616780046
109.85360544217687
110.22512471655328
110.57342403628118
110.92172335600907
111.31646258503402
111.71120181405895
112.1059410430839
112.50068027210884
112.84897959183674
113.19727891156462
113.59201814058957
113.96353741496598
114.33505668934241
114.70657596371882
115.07809523809524
115.47283446712018
115.86757369614513
116.21587301587302
116.58739229024944
116.95891156462585
117.33043083900226
117.70195011337869
118.09668934240362
118.46820861678005
118.83972789115646
119.21124716553288
119.58276643990929
119.95428571428572
120.32580498866213
120.69732426303855
121.09206349206349
121.46358276643991
121.8118820861678
122.20662131519275
122.57814058956916
122.94965986394558
123.27473922902495
123.64625850340136
124.01777777777778
124.41251700680272
124.78403628117914
125.15555555555555
125.52707482993198
125.89859410430839
126.27011337868481
126.64163265306122
127.03637188208617
127.45433106575963
127.84907029478458
128.220589569161
128.5921088435374
128.96362811791383
129.33514739229025
129.7298866213152
130.12462585034012
130.49614512471655
130.86766439909297
131.2391836734694
131.6107029478458
132.00544217687076
132.37696145124715
132.74848072562358
133.12
133.49151927437643
133.86303854875283
134.23455782312925
134.6292970521542
134.9775963718821
135.3491156462585
135.72063492063492
136.09215419501135
136.44045351473923
136.83519274376417
137.2067120181406
137.60145124716553
137.97297052154195
138.34448979591838
138.71600907029477
139.0875283446712
139.45904761904762
139.83056689342405
140.20208616780045
140.5968253968254
140.9683446712018
141.33986394557823
141.73460317460317
142.1061224489796
142.50086167800453
142.84916099773244
143.22068027210884
143.59219954648526
143.9637188208617
144.33523809523808
144.7067573696145
145.07827664399093
145.44979591836736
145.8677551020408
146.21605442176872
146.5643537414966
146.93587301587303
147.30739229024942
147.67891156462585
148.07365079365078
148.46839002267575
148.86312925170068
149.2346485260771
149.6061678004535
150.00090702947847
150.37242630385487
150.72072562358278
151.06902494331067
151.44054421768706
151.83528344671203
152.20680272108842
152.57832199546485
152.97306122448978
153.3445804988662
153.71609977324263
154.08761904761906
154.45913832199545
154.83065759637188
155.2021768707483
155.57369614512473
155.94521541950112
156.3399546485261
156.73469387755102
157.10621315192745
157.47773242630385
157.84925170068027
158.2207709750567
158.61551020408163
159.01024943310657
159.35854875283448
159.73006802721088
160.12480725623584
160.49632653061224
160.86784580498866
161.21614512471655
161.58766439909297
161.9591836734694
162.3307029478458
162.6790022675737
163.0505215419501
163.46848072562358
163.8632199546485
164.23473922902494
164.62947845804987
165.0009977324263
165.34929705215418
165.7208163265306
166.09233560090703
166.46385487528346
166.83537414965986
167.20689342403628
167.60163265306122
167.99637188208618
168.36789115646258
168.739410430839
169.11092970521543
169.50566893424036
169.85396825396825
170.17904761904762
170.55056689342405
170.94530612244898
171.3168253968254
171.6883446712018
172.08308390022677
172.45460317460316
172.8261224489796
173.197641723356
173.56916099773244
173.96390022675737
174.38185941043085
174.75337868480725
175.17133786848072
175.56607709750566
175.93759637188208
176.3091156462585
176.6574149659864
177.02893424036282
177.3772335600907
177.7255328798186
178.097052154195
178.46857142857144
178.84009070294783
179.21160997732426
179.58312925170068
179.97786848072562
180.34938775510204
180.74412698412698
181.1388662131519
181.4639455782313
181.8354648526077
182.20698412698414
182.60172335600907
182.9732426303855
183.3447619047619
183.71628117913832
184.11102040816326
184.48253968253968
184.8540589569161
185.22557823129253
185.59709750566893
185.96861678004535
186.34013605442178
