0.11609977324263039
0.8359183673469388
1.5789569160997732
2.3219954648526078
3.0418140589569163
3.7616326530612243
4.504671201814059
5.224489795918367
5.944308390022676
6.664126984126984
7.4071655328798185
8.126984126984127
8.870022675736962
9.58984126984127
10.309659863945578
11.029478458049887
11.77251700680272
12.49233560090703
13.212154195011339
13.931972789115646
14.675011337868481
15.394829931972788
16.137868480725622
16.834467120181404
17.57750566893424
18.297324263038547
19.040362811791383
19.760181405895693
20.503219954648525
21.223038548752836
21.966077097505668
22.66267573696145
23.405714285714286
24.125532879818593
24.86857142857143
25.588390022675735
26.33142857142857
27.028027210884353
27.77106575963719
28.490884353741496
29.210702947845807
29.930521541950114
30.67356009070295
31.393378684807256
32.13641723356009
32.8562358276644
33.599274376417235
34.29587301587301
35.03891156462585
35.75873015873016
36.501768707482995
37.2215873015873
37.964625850340134
38.66122448979592
39.404263038548756
40.12408163265306
40.867120181405895
41.56371882086168
42.30675736961451
43.02657596371882
43.769614512471655
44.489433106575966
45.2324716553288
45.952290249433105
46.69532879818594
47.391927437641726
48.134965986394555
48.854784580498865
49.5978231292517
50.29442176870748
51.037460317460315
51.757278911564626
52.47709750566894
53.19691609977324
53.939954648526076
54.659773242630386
55.40281179138322
56.122630385487525
56.842448979591836
57.56226757369615
58.28208616780045
59.025124716553286
59.7449433106576
60.48798185941043
61.207800453514736
61.92761904761905
62.67065759637188
63.39047619047619
64.13351473922903
64.85333333333334
65.59637188208617
66.29297052154195
67.03600907029478
67.75582766439909
68.49886621315193
69.21868480725624
70.03138321995465
70.72798185941043
71.42458049886622
72.14439909297052
72.86421768707483
73.56081632653061
74.30385487528345
75.02367346938776
75.7667120181406
76.48653061224489
77.2063492063492
77.92616780045351
78.66920634920635
79.38902494331066
80.1320634920635
80.8518820861678
81.59492063492064
82.31473922902494
83.03455782312925
83.75437641723356
84.4974149659864
85.2172335600907
85.96027210884354
86.65687074829933
87.39990929705215
88.11972789115646
88.83954648526077
89.5825850340136
90.32562358276644
91.04544217687075
91.76526077097506
92.48507936507937
93.2281179138322
93.9479365079365
94.66775510204081
95.41079365079365
96.15383219954649
96.85043083900227
97.5934693877551
98.3132879818594
99.05632653061224
99.75292517006802
100.49596371882086
101.21578231292517
101.958820861678
102.67863945578232
103.42167800453515
104.11827664399092
104.86131519274376
105.58113378684807
106.3241723356009
107.04399092970522
107.78702947845805
108.48362811791384
109.20344671201813
109.94648526077097
110.6895238095238
111.38612244897959
112.15238095238095
112.84897959183674
113.59201814058957
114.31183673469388
115.0548752834467
115.75147392290249
116.49451247165533
117.16789115646259
117.95736961451247
118.65396825396826
119.35056689342403
120.11682539682539
120.85986394557823
121.57968253968254
122.32272108843537
123.04253968253968
123.762358276644
124.4821768707483
125.22521541950114
125.94503401360544
126.68807256235827
127.38467120181406
128.10448979591837
128.8475283446712
129.5673469387755
130.31038548752835
131.05342403628117
131.75002267573697
132.4930612244898
133.2128798185941
133.95591836734692
134.65251700680273
135.39555555555555
136.11537414965986
136.8584126984127
137.57823129251702
138.32126984126984
139.04108843537415
139.78412698412697
140.48072562358277
141.2237641723356
141.9435827664399
142.68662131519275
143.40643990929706
144.12625850340137
144.84607709750566
145.5891156462585
146.30893424036282
147.02875283446713
147.74857142857144
148.49160997732426
149.21142857142857
149.95446712018142
150.6742857142857
151.41732426303855
152.13714285714286
152.85696145124717
153.57678004535148
154.3198185941043
155.03963718820862
155.75945578231293
156.47927437641724
157.22231292517006
157.94213151927437
158.68517006802722
159.40498866213153
160.24090702947845
161.03038548752835
161.68054421768707
162.40036281179138
163.07374149659864
163.79356009070295
164.53659863945578
165.23319727891158
165.9530158730159
166.67283446712017
167.41587301587302
168.1124716553288
168.85551020408164
169.57532879818595
170.31836734693877
171.03818594104308
171.78122448979593
172.4778231292517
173.22086167800452
173.94068027210884
174.68371882086169
175.4267573696145
176.14657596371882
176.88961451247167
177.58621315192744
178.30603174603175
179.04907029478457
179.74566893424037
180.4887074829932
181.2085260770975
181.95156462585035
182.67138321995463
183.41442176870748
184.1342403628118
184.87727891156462
185.57387755102042
186.29369614512473
187.03673469387755
187.7797732426304
188.49959183673468
189.24263038548753
189.9392290249433
190.68226757369615
191.40208616780046
192.12190476190477
192.84172335600908
193.5847619047619
194.30458049886622
195.02439909297053
195.76743764172335
196.5104761904762
197.20707482993197
198.04299319727892
198.7395918367347
199.4361904761905
200.15600907029477
200.85260770975057
201.57242630385488
202.3154648526077
203.03528344671201
203.77832199546486
204.49814058956918
205.21795918367346
205.93777777777777
206.68081632653062
207.40063492063493
208.14367346938775
208.86349206349206
209.6065306122449
210.30312925170068
211.0461678004535
211.7659863945578
212.50902494331066
213.20562358276644
213.94866213151928
214.6684807256236
215.41151927437642
216.13133786848073
216.87437641723355
217.57097505668935
218.31401360544217
219.03383219954648
219.77687074829933
220.49668934240364
221.21650793650792
221.93632653061223
222.67936507936508
223.3991836734694
224.14222222222222
224.86204081632653
225.58185941043084
226.30167800453515
227.04471655328797
227.76453514739228
228.50757369614513
229.2041723356009
229.94721088435375
230.66702947845806
231.41006802721088
232.1298866213152
232.8497052154195
233.56952380952382
234.31256235827664
235.03238095238095
235.82185941043085
236.56489795918367
237.37759637188208
238.1902947845805
239.00299319727893
239.74603174603175
240.44263038548752
241.25532879818593
