0.09287981859410431
0.7662585034013606
1.4396371882086167
2.089795918367347
2.7631746031746034
3.3901133786848074
3.9706122448979593
4.597551020408163
5.224489795918367
5.804988662131519
6.3854875283446715
7.035646258503402
7.685804988662132
8.359183673469389
9.009342403628118
9.682721088435374
10.356099773242631
11.00625850340136
11.656417233560092
12.30657596371882
12.979954648526077
13.630113378684808
14.303492063492063
14.953650793650795
15.62702947845805
16.27718820861678
16.950566893424035
17.600725623582765
18.250884353741498
18.92426303854875
19.59764172335601
20.387120181405894
21.176598639455783
21.849977324263037
22.523356009070294
23.173514739229024
23.823673469387757
24.49705215419501
25.21687074829932
25.86702947845805
26.493968253968255
27.144126984126984
27.794285714285714
28.444444444444443
29.1178231292517
29.76798185941043
30.511020408163265
31.13795918367347
31.764897959183674
32.41505668934241
33.08843537414966
33.715374149659866
34.38875283446712
35.03891156462585
35.71229024943311
36.36244897959184
37.03582766439909
37.68598639455782
38.35936507936508
39.00952380952381
39.65968253968254
40.30984126984127
41.00643990929705
41.703038548752836
42.30675736961451
42.956916099773245
43.6302947845805
44.28045351473923
44.93061224489796
45.58077097505669
46.27736961451247
46.97396825396825
47.57768707482993
48.22784580498866
48.901224489795915
49.55138321995465
50.224761904761905
50.874920634920635
51.54829931972789
52.244897959183675
52.848616780045354
53.498775510204084
54.17215419501134
54.82231292517007
55.49569160997732
56.14585034013606
56.81922902494331
57.46938775510204
58.11954648526077
58.7697052154195
59.466303854875285
60.09324263038549
60.766621315192744
61.41678004535147
62.11337868480726
62.74031746031746
63.39047619047619
64.06385487528345
64.71401360544218
65.36417233560091
66.03755102040816
66.6877097505669
67.36108843537414
68.01124716553288
68.66140589569162
69.33478458049886
70.00816326530612
70.65832199546485
71.30848072562358
71.95863945578232
72.63201814058957
73.2821768707483
73.93233560090702
74.60571428571428
75.27909297052155
75.92925170068027
76.60263038548753
77.25278911564625
77.92616780045351
78.57632653061225
79.22648526077097
79.87664399092971
80.55002267573695
81.20018140589569
81.85034013605443
82.52371882086167
83.17387755102041
83.84725623582766
84.4974149659864
85.14757369614513
85.82095238095238
86.47111111111111
87.14448979591836
87.7946485260771
88.46802721088436
89.11818594104308
89.74512471655329
90.41850340136054
91.11510204081632
91.74204081632654
92.41541950113378
93.06557823129252
93.73895691609977
94.3891156462585
95.06249433106576
95.71265306122449
96.36281179138322
97.01297052154194
97.6863492063492
98.33650793650794
99.00988662131519
99.66004535147393
100.31020408163265
100.98358276643991
101.65696145124717
102.30712018140589
102.95727891156463
103.63065759637188
104.28081632653061
104.93097505668935
105.6043537414966
106.25451247165533
106.92789115646258
107.57804988662132
108.22820861678005
108.87836734693877
109.57496598639456
110.20190476190476
110.87528344671202
111.52544217687075
112.198820861678
112.84897959183674
113.49913832199546
114.1492970521542
114.82267573696146
115.47283446712018
116.14621315192744
116.79637188208616
117.46975056689342
118.11990929705216
118.79328798185941
119.44344671201814
120.09360544217687
120.76698412698413
121.41714285714286
122.06730158730159
122.74068027210885
123.39083900226757
124.06421768707483
124.71437641723357
125.38775510204081
126.03791383219955
126.7112925170068
127.36145124716553
128.01160997732427
128.661768707483
129.33514739229025
129.98530612244897
130.65868480725624
131.30884353741496
131.9590022675737
132.63238095238094
133.3057596371882
133.95591836734692
134.60607709750568
135.2562358276644
135.92961451247166
136.57977324263038
137.25315192743764
137.90331065759636
138.57668934240363
139.22684807256235
139.8770068027211
140.52716553287982
141.20054421768708
141.8507029478458
142.52408163265306
143.1742403628118
143.84761904761905
144.49777777777777
145.17115646258503
145.82131519274375
146.51791383219955
147.14485260770974
147.7950113378685
148.4451700680272
149.11854875283447
149.7687074829932
150.44208616780045
151.09224489795918
151.76562358276644
152.41578231292516
153.0659410430839
153.71609977324263
154.3894784580499
155.03963718820862
155.71301587301588
156.3631746031746
157.03655328798186
157.68671201814058
158.33687074829933
159.01024943310657
159.68362811791383
160.31056689342404
160.9839455782313
161.63410430839002
162.30748299319728
162.957641723356
163.60780045351473
164.281179138322
164.95455782312925
165.60471655328797
166.25487528344672
166.90503401360544
167.5784126984127
168.22857142857143
168.87873015873015
169.5521088435374
170.20226757369613
170.8756462585034
171.52580498866214
172.19918367346938
172.80290249433108
173.49950113378685
174.14965986394557
174.82303854875283
175.5196371882086
176.14657596371882
176.81995464852608
177.4701133786848
178.14349206349206
178.79365079365078
179.44380952380953
180.09396825396826
180.76734693877552
181.41750566893424
182.06766439909296
182.74104308390022
183.41442176870748
184.0645804988662
184.71473922902496
185.36489795918368
185.96861678004535
186.68843537414966
187.33859410430838
188.01197278911565
188.6853514739229
189.33551020408163
189.98566893424035
190.6590476190476
191.33242630385487
191.9825850340136
192.63274376417235
193.28290249433107
193.97950113378684
194.67609977324264
195.30303854875282
195.92997732426304
196.6033560090703
197.25351473922902
197.90367346938777
198.5538321995465
199.22721088435375
199.87736961451247
200.55074829931974
201.20090702947846
201.87428571428572
202.52444444444444
203.17460317460316
203.8247619047619
204.52136054421769
205.1482993197279
205.79845804988662
206.47183673469388
207.14521541950114
207.79537414965986
208.4455328798186
209.11891156462585
209.72263038548752
210.41922902494332
211.1158276643991
211.7427664399093
212.41614512471656
213.0663038548753
213.716462585034
214.38984126984127
215.06321995464853
215.71337868480725
216.36353741496598
217.01369614512473
217.68707482993196
218.3372335600907
219.01061224489797
219.6607709750567
220.33414965986395
220.98430839002268
221.65768707482994
222.30784580498866
222.98122448979592
223.60816326530613
224.28154195011336
224.93170068027212
225.6282993197279
226.2552380952381
226.90539682539682
227.57877551020408
228.25215419501134
228.90231292517007
229.5524716553288
230.20263038548754
230.8992290249433
231.52616780045352
232.17632653061224
232.8497052154195
233.52308390022677
234.1732426303855
234.8234013605442
235.47356009070296
236.1469387755102
236.79709750566894
237.47047619047618
238.12063492063493
238.7940136054422
239.4441723356009
240.04789115646258
240.74448979591835
241.41786848072562
242.06802721088437
242.7414058956916
243.39156462585035
244.06494331065758
244.71510204081633
245.3884807256236
