0.09287981859410431
0.5340589569160997
0.9520181405895691
1.3699773242630386
1.8808163265306121
2.36843537414966
2.8560544217687074
3.3668934240362813
3.8545124716553287
4.365351473922902
4.876190476190477
5.363809523809524
5.874648526077097
6.362267573696145
6.849886621315193
7.360725623582766
7.848344671201814
8.359183673469389
8.870022675736962
9.357641723356009
9.868480725623582
10.356099773242631
10.866938775510205
11.377777777777778
11.865396825396825
12.353015873015874
12.863854875283447
13.374693877551021
13.862312925170068
14.373151927437641
14.86077097505669
15.371609977324264
15.882448979591837
16.370068027210884
16.857687074829933
17.368526077097506
17.87936507936508
18.36698412698413
18.877823129251702
19.365442176870747
19.87628117913832
20.36390022675737
20.874739229024943
21.36235827664399
21.849977324263037
22.360816326530614
22.871655328798187
23.38249433106576
23.870113378684806
24.357732426303855
24.86857142857143
25.356190476190477
25.86702947845805
26.377868480725624
26.865487528344673
27.376326530612246
27.86394557823129
28.35156462585034
28.862403628117914
29.350022675736962
29.860861678004536
30.37170068027211
30.859319727891158
31.37015873015873
31.857777777777777
32.36861678004535
32.879455782312924
33.36707482993197
33.85469387755102
34.365532879818595
34.87637188208617
35.36399092970522
35.87482993197279
36.36244897959184
36.87328798185941
37.36090702947846
37.871746031746035
38.35936507936508
38.846984126984125
39.334603174603174
39.84544217687075
40.35628117913832
40.867120181405895
41.35473922902494
41.86557823129252
42.37641723356009
42.86403628117914
43.37487528344671
43.86249433106576
44.35011337868481
44.860952380952384
45.348571428571425
45.859410430839006
46.37024943310658
46.88108843537415
47.368707482993194
47.85632653061224
48.34394557823129
48.87800453514739
49.36562358276644
49.85324263038549
50.36408163265306
50.874920634920635
51.36253968253968
51.87337868480726
52.360997732426306
52.87183673469388
53.35945578231293
53.8702947845805
54.35791383219954
54.868752834467124
55.356371882086165
55.86721088435374
56.35482993197279
56.86566893424036
57.376507936507934
57.86412698412698
58.37496598639456
58.862585034013605
59.37342403628118
59.86104308390023
60.348662131519276
60.85950113378685
61.37034013605442
61.85795918367347
62.368798185941046
62.87963718820862
63.39047619047619
63.87809523809524
64.36571428571429
64.87655328798186
65.36417233560091
65.87501133786849
66.38585034013606
66.87346938775511
67.36108843537414
67.87192743764173
68.35954648526076
68.87038548752834
69.35800453514739
69.86884353741496
70.37968253968253
70.86730158730158
71.37814058956916
71.8657596371882
72.35337868480725
72.86421768707483
73.3750566893424
73.86267573696145
74.37351473922902
74.86113378684807
75.37197278911565
75.88281179138322
76.37043083900227
76.88126984126984
77.36888888888889
77.87972789115646
78.36734693877551
78.87818594104309
79.36580498866213
79.87664399092971
80.36426303854876
80.87510204081633
81.36272108843538
81.87356009070295
82.38439909297053
82.87201814058957
83.35963718820862
83.8704761904762
84.35809523809523
84.86893424036282
85.35655328798185
85.86739229024943
86.378231292517
86.86585034013605
87.37668934240362
87.86430839002267
88.35192743764172
88.8627664399093
89.37360544217687
89.86122448979592
90.37206349206349
90.88290249433106
91.37052154195011
91.85814058956916
92.36897959183673
92.87981859410431
93.36743764172336
93.87827664399093
94.36589569160998
94.87673469387755
95.3643537414966
95.87519274376417
96.36281179138322
96.82721088435375
97.29160997732426
97.75600907029478
98.24362811791383
98.7544671201814
99.26530612244898
99.75292517006802
100.24054421768707
100.7049433106576
101.16934240362812
101.63374149659865
102.1213605442177
102.60897959183673
103.1198185941043
103.60743764172335
104.0021768707483
104.4433560090703
104.88453514739228
105.37215419501133
105.85977324263038
106.37061224489796
106.858231292517
107.36907029478458
107.87990929705215
108.3675283446712
108.87836734693877
109.36598639455782
109.8768253968254
110.36444444444444
110.8520634920635
111.36290249433107
111.85052154195012
112.36136054421769
112.87219954648526
113.38303854875284
113.87065759637188
114.38149659863946
114.8691156462585
115.37995464852608
115.86757369614513
116.35519274376418
116.86603174603175
117.3536507936508
117.86448979591837
118.37532879818595
118.86294784580498
119.37378684807257
119.8614058956916
120.37224489795918
120.88308390022675
121.3707029478458
121.88154195011337
122.36916099773242
122.85678004535147
123.36761904761904
123.8552380952381
124.36607709750567
124.87691609977324
125.36453514739229
125.87537414965986
126.38621315192744
126.87383219954648
127.36145124716553
127.8722902494331
128.35990929705216
128.87074829931973
129.3815873015873
129.86920634920634
130.3800453514739
130.86766439909297
131.37850340136055
131.86612244897958
132.37696145124715
132.88780045351473
133.3754195011338
133.86303854875283
134.3738775510204
134.88471655328797
135.37233560090704
135.8831746031746
136.37079365079364
136.88163265306122
137.36925170068028
137.88009070294785
138.3677097505669
138.87854875283446
139.36616780045352
139.8770068027211
140.36462585034013
140.8522448979592
141.36308390022677
141.8507029478458
142.33832199546487
142.8259410430839
143.31356009070294
143.801179138322
144.28879818594103
144.7764172335601
145.26403628117913
145.7516553287982
146.23927437641723
146.7268934240363
