0.18575963718820862
0.6501587301587302
1.1145578231292517
1.5789569160997732
2.020136054421769
2.48453514739229
2.948934240362812
3.4133333333333336
3.877732426303855
4.342131519274377
4.806530612244898
5.270929705215419
5.735328798185941
6.199727891156463
6.664126984126984
7.1053061224489795
7.569705215419501
8.034104308390022
8.498503401360544
8.962902494331066
9.427301587301587
9.891700680272109
10.356099773242631
10.797278911564625
11.261678004535147
11.72607709750567
12.19047619047619
12.654875283446712
13.119274376417234
13.583673469387755
14.048072562358277
14.512471655328799
14.953650793650795
15.418049886621315
15.882448979591837
16.34684807256236
16.81124716553288
17.2756462585034
17.740045351473924
18.204444444444444
18.64562358276644
19.11002267573696
19.574421768707484
20.038820861678005
20.503219954648525
20.96761904761905
21.43201814058957
21.873197278911565
22.337596371882086
22.801995464852606
23.26639455782313
23.73079365079365
24.19519274376417
24.659591836734695
25.123990929705215
25.588390022675735
26.05278911564626
26.51718820861678
26.958367346938775
27.422766439909296
27.88716553287982
28.35156462585034
28.81596371882086
29.280362811791385
29.744761904761905
30.1859410430839
30.65034013605442
31.114739229024945
31.579138321995465
32.04353741496599
32.507936507936506
32.97233560090703
33.41351473922902
33.877913832199546
34.34231292517007
34.80671201814059
35.27111111111111
35.735510204081635
36.19990929705215
36.664308390022676
37.10548752834467
37.56988662131519
38.034285714285716
38.49868480725623
38.963083900226756
39.42748299319728
39.8918820861678
40.35628117913832
40.820680272108845
41.26185941043084
41.67981859410431
42.190657596371885
42.6550566893424
43.119455782312926
43.58385487528345
44.04825396825397
44.489433106575966
44.95383219954648
45.41823129251701
45.88263038548753
46.34702947845805
46.81142857142857
47.275827664399095
47.74022675736961
48.204625850340136
48.64580498866213
49.11020408163265
49.574603174603176
50.03900226757369
50.50340136054422
50.944580498866216
51.43219954648526
51.89659863945578
52.33777777777778
52.8021768707483
53.26657596371882
53.730975056689346
54.19537414965986
54.659773242630386
55.12417233560091
55.5653514739229
56.029750566893426
56.47092970521542
56.95854875283447
57.42294784580499
57.88734693877551
58.35174603174603
58.816145124716556
59.28054421768707
59.72172335600907
60.18612244897959
60.65052154195011
61.11492063492064
61.57931972789115
62.04371882086168
62.5081179138322
62.94929705215419
63.41369614512472
63.87809523809524
64.34249433106577
64.80689342403628
65.2712925170068
65.73569160997732
66.20009070294785
66.66448979591837
67.10566893424036
67.57006802721088
68.0344671201814
68.49886621315193
68.96326530612245
69.42766439909298
69.89206349206349
70.35646258503401
70.82086167800453
71.26204081632653
71.72643990929706
72.19083900226758
72.65523809523809
73.11963718820861
73.58403628117914
74.04843537414966
74.51283446712019
74.95401360544217
75.4184126984127
75.88281179138322
76.34721088435374
76.81160997732427
77.27600907029479
77.7404081632653
78.20480725623582
78.66920634920635
79.13360544217687
79.57478458049887
80.03918367346938
80.5035827664399
80.96798185941043
81.43238095238095
81.87356009070295
82.33795918367348
82.80235827664399
83.26675736961451
83.73115646258503
84.19555555555556
84.65995464852608
85.1243537414966
85.58875283446712
86.05315192743764
86.49433106575964
86.95873015873016
87.42312925170069
87.8875283446712
88.35192743764172
88.81632653061224
89.28072562358277
89.74512471655329
90.20952380952382
90.6507029478458
91.11510204081632
91.57950113378685
92.04390022675737
92.5082993197279
92.9726984126984
93.43709750566893
93.87827664399093
94.34267573696145
94.80707482993198
95.2714739229025
95.73587301587301
96.20027210884354
96.66467120181406
97.10585034013606
97.57024943310658
98.03464852607709
98.49904761904762
98.96344671201814
99.42784580498866
99.89224489795919
100.33342403628117
100.7978231292517
101.28544217687075
101.72662131519274
102.19102040816327
102.65541950113379
103.1198185941043
103.58421768707483
104.04861678004535
104.46657596371882
104.95419501133787
105.41859410430838
105.8829931972789
106.34739229024943
106.81179138321995
107.27619047619048
107.740589569161
108.18176870748299
108.66938775510204
109.11056689342404
109.57496598639456
110.03936507936508
110.50376417233561
110.96816326530612
111.43256235827664
111.89696145124717
112.36136054421769
112.80253968253969
113.2669387755102
113.73133786848072
114.19573696145125
114.66013605442177
115.10131519274377
115.56571428571428
116.05333333333333
116.49451247165533
116.95891156462585
117.42331065759637
117.8877097505669
118.35210884353741
118.81650793650793
119.2344671201814
119.72208616780046
120.18648526077098
120.6508843537415
121.11528344671201
121.57968253968254
122.04408163265306
122.50848072562358
122.94965986394558
123.43727891156463
123.90167800453514
124.34285714285714
124.80725623582767
125.27165532879819
125.73605442176871
126.20045351473922
126.64163265306122
127.12925170068027
127.57043083900227
128.03482993197278
128.4992290249433
128.96362811791383
129.42802721088435
129.89242630385488
130.3568253968254
130.82122448979592
131.2624036281179
131.72680272108843
132.19120181405896
132.65560090702948
133.12
133.561179138322
134.04879818594105
134.51319727891158
134.9775963718821
135.41877551020409
135.8831746031746
136.34757369614513
136.81197278911566
137.27637188208618
137.74077097505668
138.2051700680272
138.66956916099772
139.13396825396825
139.57514739229026
140.03954648526076
140.50394557823128
140.9683446712018
141.43274376417233
141.87392290249434
142.33832199546487
142.80272108843536
143.2671201814059
143.7315192743764
144.21913832199547
144.7067573696145
145.17115646258503
145.63555555555556
146.07673469387754
146.54113378684806
147.0055328798186
147.4467120181406
147.8878911564626
148.3522902494331
148.7934693877551
149.25786848072562
149.72226757369614
150.18666666666667
150.6510657596372
151.11546485260772
151.57986394557824
152.04426303854876
152.5086621315193
152.97306122448978
153.4374603174603
153.90185941043083
154.34303854875284
154.80743764172337
155.27183673469386
155.7362358276644
156.15419501133786
156.64181405895692
157.10621315192745
157.57061224489797
158.03501133786847
158.499410430839
158.96380952380952
159.42820861678004
159.89260770975056
160.3570068027211
160.8214058956916
161.28580498866214
161.72698412698412
162.19138321995464
162.65578231292517
163.1201814058957
163.58458049886622
164.04897959183674
164.51337868480726
164.95455782312925
165.41895691609977
165.8833560090703
166.34775510204082
166.81215419501135
167.27655328798187
167.7409523809524
168.2053514739229
168.6697505668934
169.11092970521543
169.57532879818595
170.03972789115647
170.504126984127
170.94530612244898
171.4097052154195
171.87410430839003
172.33850340136055
172.80290249433108
173.26730158730157
173.7317006802721
174.19609977324262
174.66049886621315
175.12489795918367
