0.2786394557823129
0.626938775510204
1.0216780045351475
1.3699773242630386
1.7182766439909296
2.043356009070295
2.4380952380952383
2.786394557823129
3.1346938775510202
3.4597732426303853
3.8312925170068026
4.179591836734694
4.527891156462585
4.876190476190477
5.270929705215419
5.61922902494331
5.9675283446712015
6.315827664399093
6.664126984126984
7.012426303854875
7.360725623582766
7.732244897959184
8.080544217687075
8.428843537414966
8.777142857142858
9.125442176870749
9.496961451247165
9.845260770975056
10.193560090702947
10.541859410430838
10.913378684807256
11.261678004535147
11.586757369614512
11.935056689342403
12.30657596371882
12.654875283446712
13.003174603174603
13.374693877551021
13.722993197278912
14.094512471655328
14.419591836734694
14.767891156462586
15.139410430839002
15.487709750566893
15.85922902494331
16.23074829931973
16.579047619047618
16.92734693877551
17.252426303854875
17.600725623582765
17.949024943310658
18.297324263038547
18.64562358276644
18.99392290249433
19.365442176870747
19.71374149659864
20.06204081632653
20.410340136054423
20.758639455782312
21.13015873015873
21.478458049886623
21.826757369614512
22.175056689342405
22.523356009070294
22.894875283446712
23.2431746031746
23.591473922902495
23.939773242630384
24.3112925170068
24.659591836734695
25.007891156462584
25.356190476190477
25.704489795918366
26.05278911564626
26.40108843537415
26.772607709750567
27.12090702947846
27.46920634920635
27.817505668934242
28.189024943310656
28.53732426303855
28.88562358276644
29.23392290249433
29.60544217687075
29.95374149659864
30.30204081632653
30.65034013605442
30.998639455782314
31.346938775510203
31.71845804988662
32.066757369614514
32.41505668934241
32.76335600907029
33.111655328798186
33.483174603174604
33.8314739229025
34.17977324263038
34.528072562358275
34.87637188208617
35.247891156462586
35.59619047619048
35.944489795918365
36.29278911564626
36.664308390022676
37.01260770975057
37.36090702947846
37.70920634920635
38.05750566893424
38.40580498866213
38.77732426303855
39.12562358276644
39.47392290249433
39.82222222222222
40.19374149659864
40.542040816326534
40.89034013605442
41.23863945578231
41.586938775510205
41.95845804988662
42.30675736961451
42.6550566893424
43.003356009070295
43.35165532879819
43.699954648526074
44.07147392290249
44.419773242630384
44.76807256235828
45.11637188208617
45.48789115646259
45.836190476190474
46.18448979591837
46.53278911564626
46.88108843537415
47.25260770975056
47.600907029478456
47.94920634920635
48.29750566893424
48.64580498866213
49.017324263038546
49.36562358276644
49.71392290249433
50.062222222222225
50.41052154195011
50.78204081632653
51.13034013605442
51.478639455782314
51.82693877551021
52.17523809523809
52.523537414965986
52.895056689342404
53.2433560090703
53.59165532879818
53.939954648526076
54.28825396825397
54.659773242630386
55.00807256235828
55.356371882086165
55.70467120181406
56.05297052154195
56.401269841269844
56.77278911564626
57.12108843537415
57.46938775510204
57.817687074829934
58.18920634920635
58.53750566893424
58.88580498866213
59.23410430839002
59.582403628117916
59.953922902494334
60.30222222222222
60.65052154195011
60.998820861678006
61.37034013605442
61.718639455782316
62.0669387755102
62.43845804988662
62.80997732426304
63.15827664399093
63.506575963718824
63.85487528344671
64.2031746031746
64.55147392290249
64.89977324263039
65.24807256235827
65.59637188208617
65.94467120181406
66.31619047619047
66.66448979591837
67.01278911564626
67.36108843537414
67.73260770975057
68.08090702947845
68.42920634920635
68.77750566893424
69.14902494331066
69.49732426303855
69.84562358276644
70.19392290249434
70.54222222222222
70.89052154195011
71.26204081632653
71.61034013605442
71.95863945578232
72.3069387755102
72.65523809523809
73.00353741496599
73.3750566893424
73.70013605442176
74.02521541950114
74.39673469387755
74.74503401360545
75.11655328798186
75.46485260770974
75.83637188208617
76.18467120181406
76.53297052154196
76.88126984126984
77.22956916099773
77.60108843537415
77.94938775510204
78.29768707482994
78.64598639455782
79.01750566893423
79.36580498866213
79.71410430839002
80.06240362811792
80.4107029478458
80.78222222222222
81.13052154195012
81.478820861678
81.8271201814059
82.17541950113379
82.52371882086167
82.87201814058957
83.24353741496599
83.59183673469387
83.94013605442177
84.28843537414966
84.65995464852608
85.00825396825397
85.35655328798185
85.70485260770975
86.07637188208616
86.42467120181406
86.77297052154195
87.12126984126984
87.46956916099774
87.81786848072562
88.18938775510205
88.53768707482993
88.88598639455782
89.23428571428572
89.5825850340136
89.95410430839003
90.30240362811791
90.6507029478458
90.9990022675737
91.34730158730159
91.71882086167801
92.0671201814059
92.41541950113378
92.76371882086168
93.11201814058957
93.48353741496598
93.83183673469388
94.18013605442177
94.52843537414967
94.87673469387755
95.22503401360544
95.59655328798186
95.94485260770975
96.29315192743765
96.64145124716553
97.01297052154194
97.36126984126984
97.70956916099773
98.05786848072562
98.40616780045352
98.77768707482993
99.12598639455783
99.47428571428571
99.8225850340136
100.1708843537415
100.54240362811791
100.89070294784581
101.2390022675737
101.58730158730158
101.93560090702948
102.28390022675737
102.63219954648527
103.00371882086168
103.35201814058956
103.70031746031746
104.04861678004535
104.42013605442177
104.76843537414966
105.11673469387755
105.46503401360545
105.83655328798186
106.18485260770976
106.53315192743764
106.88145124716553
107.22975056689343
107.60126984126984
107.94956916099773
108.29786848072563
108.64616780045351
108.99446712018141
109.36598639455782
109.71428571428571
110.06258503401361
110.4108843537415
110.7591836734694
111.10748299319728
111.47900226757369
111.80408163265307
112.17560090702948
112.52390022675738
112.89541950113379
113.24371882086167
113.59201814058957
113.94031746031746
114.28861678004534
114.63691609977325
114.98521541950113
115.35673469387756
115.70503401360544
116.07655328798187
116.42485260770975
116.77315192743764
117.12145124716554
117.46975056689342
117.81804988662131
118.16634920634921
118.53786848072562
118.88616780045352
119.2344671201814
119.58276643990929
119.95428571428572
120.3025850340136
120.6508843537415
120.99918367346939
121.34748299319727
121.7190022675737
122.06730158730159
122.41560090702947
122.76390022675737
123.11219954648526
123.48371882086168
123.83201814058957
124.18031746031745
124.52861678004535
124.87691609977324
125.24843537414966
125.59673469387755
125.94503401360544
126.29333333333334
126.64163265306122
126.98993197278912
127.36145124716553
127.70975056689342
128.05804988662132
128.4063492063492
128.77786848072563
129.12616780045352
129.4744671201814
129.8227664399093
130.1942857142857
130.5425850340136
130.89088435374148
131.2391836734694
131.6107029478458
131.98222222222222
132.3305215419501
132.678820861678
133.0271201814059
133.3754195011338
133.72371882086168
134.07201814058956
134.42031746031745
134.76861678004536
135.11691609977325
135.48843537414967
135.83673469387756
136.18503401360545
136.53333333333333
136.90485260770976
137.25315192743764
137.60145124716553
137.9497505668934
138.29804988662133
138.6463492063492
138.9946485260771
139.36616780045352
139.7144671201814
140.0627664399093
140.43428571428572
140.7825850340136
141.1308843537415
141.47918367346938
141.82748299319726
142.1990022675737
142.54730158730158
142.8956009070295
143.22068027210884
143.59219954648526
143.94049886621315
144.28879818594103
144.63709750566895
145.00861678004534
145.35691609977323
145.70521541950114
146.05351473922903
146.42503401360545
146.77333333333334
147.12163265306123
147.4699319727891
147.818231292517
148.18975056689342
148.5380498866213
148.8863492063492
149.2346485260771
149.6061678004535
149.95446712018142
150.3027664399093
150.6510657596372
150.99936507936508
151.34766439909296
151.69596371882085
152.06748299319727
152.41578231292516
152.76408163265307
153.13560090702947
153.48390022675736
153.83219954648527
154.18049886621316
154.52879818594104
154.87709750566893
155.24861678004535
155.59691609977324
155.96843537414966
156.3399546485261
156.68825396825397
157.03655328798186
157.38485260770975
157.73315192743763
158.08145124716555
158.45297052154194
158.80126984126983
159.14956916099774
159.52108843537414
159.86938775510205
160.21768707482994
160.58920634920634
160.9142857142857
161.2393650793651
161.58766439909297
161.93596371882086
162.28426303854874
162.63256235827666
163.00408163265305
163.35238095238094
163.72390022675737
164.07219954648525
164.42049886621317
164.76879818594105
165.11709750566894
165.48861678004536
165.83691609977325
166.20843537414967
166.55673469387756
166.8818140589569
167.25333333333333
167.60163265306122
167.9499319727891
168.29823129251702
168.6465306122449
168.9948299319728
169.3663492063492
169.7146485260771
170.06294784580498
170.41124716553287
170.75954648526078
171.13106575963718
171.47936507936507
171.82766439909298
172.17596371882087
172.5474829931973
172.89578231292518
173.24408163265306
173.59238095238095
173.94068027210884
174.28897959183672
174.66049886621315
175.00879818594103
175.35709750566895
175.70539682539683
176.05369614512472
176.42521541950114
176.77351473922903
177.14503401360545
177.51655328798185
177.86485260770976
178.21315192743765
178.56145124716554
178.90975056689342
179.2580498866213
179.6063492063492
179.9546485260771
180.302947845805
180.67446712018142
181.0227664399093
181.3710657596372
181.71936507936508
182.06766439909296
182.41596371882085
182.78748299319727
183.13578231292516
183.48408163265307
183.83238095238096
184.18068027210884
184.55219954648527
184.90049886621316
185.24879818594104
185.59709750566893
185.9453968253968
186.31691609977324
186.66521541950112
187.01351473922904
187.36181405895692
187.73333333333332
188.08163265306123
188.45315192743763
188.80145124716555
189.14975056689343
189.47482993197278
189.8231292517007
190.17142857142858
190.542947845805
190.8912471655329
191.23954648526077
191.58784580498866
191.93614512471655
192.30766439909297
192.65596371882086
193.00426303854874
193.35256235827666
193.70086167800454
194.04916099773243
194.42068027210885
194.76897959183674
195.11727891156463
195.4655782312925
195.83709750566894
196.18539682539682
196.5336961451247
196.8819954648526
197.2302947845805
197.6018140589569
197.95011337868482
198.2984126984127
198.6467120181406
199.01823129251702
199.3665306122449
199.7148299319728
200.06312925170067
200.41142857142856
200.75972789115647
201.13124716553287
201.47954648526078
201.82784580498867
202.17614512471656
202.52444444444444
202.89596371882087
203.24426303854875
203.59256235827664
203.94086167800452
204.28916099773244
204.66068027210883
205.00897959183675
205.35727891156463
205.70557823129252
206.0538775510204
206.42539682539683
206.77369614512472
207.1219954648526
207.4702947845805
207.8185941043084
208.1901133786848
208.53841269841269
208.8867120181406
209.23501133786849
209.58331065759637
209.9548299319728
210.30312925170068
210.65142857142857
210.99972789115645
211.37124716553288
