6.222947845804988
6.617687074829932
7.012426303854875
7.4071655328798185
7.778684807256236
8.17342403628118
8.568163265306122
8.962902494331066
9.357641723356009
9.752380952380953
10.12390022675737
10.518639455782314
10.913378684807256
11.3081179138322
11.679637188208616
12.07437641723356
12.469115646258503
12.863854875283447
13.235374149659863
13.630113378684808
14.048072562358277
14.44281179138322
14.86077097505669
15.27873015873016
15.696689342403628
16.114648526077097
16.532607709750568
16.950566893424035
17.345306122448978
17.740045351473924
18.134784580498867
18.52952380952381
18.92426303854875
19.319002267573698
19.71374149659864
20.085260770975058
20.456780045351476
20.874739229024943
21.292698412698414
21.71065759637188
22.151836734693877
22.569795918367348
22.987755102040815
23.405714285714286
23.800453514739228
24.19519274376417
24.56671201814059
24.938231292517006
25.309750566893424
25.704489795918366
26.076009070294784
26.470748299319727
26.865487528344673
27.260226757369615
27.654965986394558
28.0497052154195
28.444444444444443
28.81596371882086
29.210702947845807
29.60544217687075
30.00018140589569
30.394920634920634
30.789659863945577
31.161179138321994
31.555918367346937
31.950657596371883
32.3221768707483
32.71691609977324
33.111655328798186
33.50639455782313
33.90113378684807
34.27265306122449
34.66739229024943
35.062131519274374
35.43365079365079
35.828390022675734
36.22312925170068
36.617868480725626
37.01260770975057
37.40734693877551
37.802086167800454
38.196825396825396
38.59156462585034
38.963083900226756
39.334603174603174
39.72934240362812
40.100861678004534
40.49560090702948
40.89034013605442
41.28507936507936
41.67981859410431
42.074557823129254
42.44607709750567
42.81759637188209
43.21233560090703
43.58385487528345
44.00181405895692
44.373333333333335
44.7912925170068
45.186031746031745
45.53433106575964
45.952290249433105
46.34702947845805
46.78820861678005
47.13650793650794
47.53124716553288
47.9027664399093
48.29750566893424
48.692244897959185
49.08698412698413
49.458503401360545
49.85324263038549
50.24798185941043
50.64272108843537
51.037460317460315
51.43219954648526
51.82693877551021
52.19845804988662
52.59319727891157
52.98793650793651
53.38267573696145
53.75419501133787
54.14893424036281
54.543673469387755
54.9384126984127
55.309931972789116
55.70467120181406
56.099410430839
56.47092970521542
56.86566893424036
57.2604081632653
57.655147392290246
58.049886621315196
58.42140589569161
58.816145124716556
59.2108843537415
59.60562358276644
59.97714285714286
60.3718820861678
60.766621315192744
61.161360544217686
61.55609977324263
61.95083900226757
62.32235827664399
62.71709750566893
63.111836734693874
63.506575963718824
63.87809523809524
64.27283446712018
64.66757369614513
65.06231292517006
65.45705215419501
65.82857142857142
66.22331065759637
66.61804988662132
67.01278911564626
67.4075283446712
67.77904761904762
68.17378684807257
68.54530612244898
68.96326530612245
69.35800453514739
69.72952380952381
70.12426303854875
70.5190022675737
70.91374149659863
71.28526077097506
71.68
72.07473922902494
72.46947845804989
72.86421768707483
73.23573696145125
73.63047619047619
74.02521541950114
74.41995464852607
74.7914739229025
75.18621315192743
75.58095238095238
75.97569160997732
76.37043083900227
76.76517006802722
77.13668934240363
77.53142857142858
77.92616780045351
78.32090702947846
78.7156462585034
79.08716553287982
79.48190476190476
79.87664399092971
80.24816326530612
80.64290249433107
81.01442176870748
81.40916099773243
81.80390022675736
82.19863945578231
82.59337868480726
82.9881179138322
83.35963718820862
83.75437641723356
84.14911564625851
84.54385487528344
84.91537414965987
85.3101133786848
85.70485260770975
86.09959183673469
86.49433106575964
86.88907029478457
87.260589569161
87.65532879818593
88.05006802721088
88.44480725623583
88.81632653061224
89.2110657596372
89.60580498866213
89.97732426303855
90.37206349206349
90.76680272108844
91.16154195011337
91.55628117913832
91.95102040816326
92.36897959183673
92.74049886621316
93.15845804988662
93.52997732426304
93.87827664399093
94.27301587301588
94.66775510204081
95.06249433106576
95.4572335600907
95.82875283446712
96.22349206349206
96.61823129251701
97.01297052154194
97.38448979591837
97.7792290249433
98.17396825396825
98.56870748299319
98.96344671201814
99.35818594104309
99.7297052154195
100.12444444444445
100.51918367346939
100.89070294784581
101.30866213151927
101.6801814058957
102.07492063492063
102.44643990929706
102.84117913832199
103.23591836734694
103.67709750566894
104.07183673469387
104.4433560090703
104.81487528344671
105.20961451247166
105.6043537414966
105.97587301587302
106.34739229024943
106.71891156462586
107.11365079365079
107.55482993197279
107.94956916099773
108.32108843537415
108.69260770975056
109.11056689342404
109.48208616780046
109.8768253968254
110.24834467120182
110.64308390022676
111.0378231292517
111.43256235827664
111.80408163265307
112.22204081632653
112.59356009070295
112.96507936507936
113.35981859410431
113.75455782312925
114.12607709750567
114.54403628117913
114.93877551020408
115.31029478458049
115.68181405895692
116.07655328798187
116.4712925170068
116.9124716553288
117.30721088435374
117.70195011337869
118.0734693877551
118.46820861678005
118.81650793650793
119.21124716553288
119.58276643990929
119.97750566893424
120.37224489795918
120.76698412698413
121.16172335600908
121.55646258503401
121.95120181405896
122.32272108843537
122.71746031746032
123.11219954648526
123.5069387755102
123.90167800453514
124.29641723356009
124.6679365079365
125.06267573696145
125.45741496598639
125.82893424036281
126.22367346938775
126.6184126984127
127.01315192743765
127.40789115646258
127.77941043083901
128.17414965986396
128.5688888888889
128.94040816326532
129.33514739229025
129.7298866213152
130.12462585034012
130.5193650793651
130.91410430839002
131.28562358276645
131.68036281179138
132.07510204081632
132.44662131519274
132.84136054421768
133.23609977324264
133.63083900226758
134.04879818594105
134.42031746031745
134.8150566893424
135.1865759637188
135.58131519274377
135.95283446712017
136.37079365079364
136.74231292517007
137.137052154195
137.53179138321997
137.9265306122449
138.29804988662133
138.69278911564626
139.0875283446712
139.48226757369613
139.85378684807256
140.2485260770975
140.64326530612246
141.0380045351474
141.40952380952382
141.80426303854875
142.1990022675737
142.59374149659865
142.9884807256236
143.36
143.75473922902495
144.14947845804988
144.54421768707482
144.91573696145124
145.31047619047618
145.70521541950114
146.09995464852608
146.4714739229025
146.86621315192744
147.26095238095238
147.6556916099773
148.05043083900227
148.42195011337867
148.81668934240363
149.21142857142857
149.6061678004535
149.97768707482993
150.37242630385487
150.76716553287983
151.16190476190476
151.5566439909297
151.95138321995464
152.3461224489796
152.717641723356
153.11238095238096
153.5071201814059
153.90185941043083
154.27337868480726
154.6681179138322
155.06285714285715
155.43437641723355
155.82911564625851
156.22385487528345
156.6185941043084
157.01333333333332
157.40807256235829
157.77959183673468
158.17433106575965
158.54585034013604
158.940589569161
159.33532879818594
159.73006802721088
160.12480725623584
160.51954648526078
160.9142857142857
161.28580498866214
161.68054421768707
162.075283446712
162.47002267573697
162.84154195011337
163.23628117913833
163.60780045351473
164.0025396825397
164.39727891156463
164.79201814058956
165.18675736961453
165.58149659863946
165.9530158730159
166.34775510204082
166.74249433106576
167.1372335600907
167.53197278911566
167.90349206349205
168.32145124716553
168.69297052154195
169.0877097505669
169.4592290249433
169.85396825396825
170.2487074829932
170.64344671201815
171.03818594104308
171.43292517006802
171.80444444444444
172.19918367346938
172.59392290249434
172.96544217687074
173.3601814058957
173.8013605442177
174.1728798185941
174.56761904761905
174.93913832199547
175.3338775510204
175.70539682539683
176.1233560090703
176.51809523809524
176.91283446712018
177.26113378684806
177.65587301587303
178.05061224489796
178.4453514739229
178.81687074829932
179.21160997732426
179.6063492063492
180.00108843537416
180.37260770975055
180.79056689342403
181.16208616780045
181.5568253968254
181.9283446712018
182.32308390022675
182.7178231292517
183.11256235827665
183.48408163265307
183.878820861678
184.27356009070294
184.66829931972788
185.06303854875284
185.43455782312924
185.8292970521542
186.22403628117914
186.61877551020407
187.01351473922904
187.40825396825397
187.8029931972789
188.17451247165533
188.61569160997732
189.01043083900225
189.38195011337868
189.73024943310656
190.12498866213153
190.49650793650792
190.8912471655329
191.28598639455782
191.7039455782313
192.07546485260772
192.47020408163266
192.8649433106576
193.23646258503402
193.63120181405895
194.00272108843538
194.39746031746031
194.79219954648525
195.1869387755102
195.65133786848074
196.06929705215418
196.4175963718821
196.7891156462585
197.16063492063492
197.53215419501134
197.90367346938777
198.27519274376417
198.66993197278913
199.06467120181406
199.459410430839
199.85414965986394
200.2488888888889
200.64362811791383
201.03836734693877
201.4098866213152
201.80462585034013
202.19936507936507
202.59410430839003
202.96562358276643
203.3603628117914
203.75510204081633
204.14984126984126
204.54458049886622
204.91609977324262
205.31083900226758
205.70557823129252
206.10031746031746
206.4950566893424
206.86657596371882
207.26131519274375
207.65605442176872
208.05079365079365
208.42231292517008
208.817052154195
209.21179138321995
209.6065306122449
210.00126984126985
210.39600907029478
210.7675283446712
211.16226757369614
211.53378684807257
211.9285260770975
212.32326530612244
212.69478458049886
213.0895238095238
213.48426303854876
213.8790022675737
214.27374149659863
214.6917006802721
215.10965986394558
215.50439909297052
215.8526984126984
216.22421768707483
216.61895691609976
216.9904761904762
217.3619954648526
217.7799546485261
218.17469387755102
218.56943310657596
218.94095238095238
219.33569160997732
219.73043083900228
220.12517006802722
220.51990929705215
220.9146485260771
221.30938775510205
221.68090702947845
222.0756462585034
222.47038548752835
222.84190476190477
223.2366439909297
223.63138321995464
224.02612244897958
224.397641723356
224.76916099773243
225.1174603174603
225.4425396825397
225.83727891156462
226.30167800453515
226.71963718820862
227.1375963718821
227.53233560090703
227.92707482993197
228.3218140589569
228.67011337868482
229.08807256235826
229.48281179138323
229.85433106575962
230.31873015873015
