0.13931972789115646
0.6501587301587302
1.1609977324263039
1.6486167800453515
2.159455782312925
2.670294784580499
3.1811337868480725
3.6687528344671203
4.156371882086168
4.667210884353741
5.178049886621316
5.6656689342403626
6.199727891156463
6.6873469387755105
7.198185941043084
7.685804988662132
8.196643990929704
8.70748299319728
9.195102040816327
9.7059410430839
10.216780045351474
10.727619047619047
11.215238095238096
11.72607709750567
12.236916099773243
12.72453514739229
13.235374149659863
13.746213151927437
14.257052154195012
14.744671201814059
15.255510204081633
15.766349206349206
16.253968253968253
16.764807256235827
17.2756462585034
17.76326530612245
18.274104308390022
18.76172335600907
19.272562358276645
19.783401360544218
20.29424036281179
20.805079365079365
21.292698412698414
21.803537414965987
22.31437641723356
22.801995464852606
23.312834467120183
23.823673469387757
24.33451247165533
24.822131519274375
25.33297052154195
25.820589569160997
26.33142857142857
26.842267573696144
27.353106575963718
27.86394557823129
28.35156462585034
28.862403628117914
29.326802721088434
29.860861678004536
30.37170068027211
30.882539682539683
31.393378684807256
31.880997732426305
32.391836734693875
32.90267573696145
33.3902947845805
33.90113378684807
34.411972789115644
34.89959183673469
35.41043083900227
35.92126984126984
36.432108843537414
36.91972789115646
37.430566893424036
37.918185941043085
38.42902494331066
38.93986394557823
39.450702947845805
39.96154195011338
40.44916099773243
40.96
41.470839002267574
41.95845804988662
42.44607709750567
42.98013605442177
43.46775510204082
43.97859410430839
44.489433106575966
45.00027210884354
45.48789115646259
45.99873015873016
46.509569160997735
46.99718820861678
47.50802721088435
48.01886621315193
48.529705215419504
49.04054421768708
49.55138321995465
50.03900226757369
50.54984126984127
51.06068027210885
51.54829931972789
52.05913832199546
52.569977324263036
53.08081632653061
53.56843537414966
54.07927437641723
54.590113378684805
55.10095238095238
55.58857142857143
56.099410430839
56.58702947845805
57.09786848072562
57.608707482993196
58.11954648526077
58.60716553287982
59.11800453514739
59.628843537414966
60.13968253968254
60.62730158730159
61.13814058956916
61.648979591836735
62.15981859410431
62.64743764172336
63.15827664399093
63.64589569160998
64.15673469387755
64.6443537414966
65.15519274376418
65.64281179138322
66.1536507936508
66.66448979591837
67.17532879818594
67.68616780045352
68.19700680272109
68.68462585034014
69.19546485260771
69.70630385487529
70.21714285714286
70.70476190476191
71.21560090702948
71.72643990929706
72.2140589569161
72.72489795918368
73.23573696145125
73.74657596371883
74.23419501133787
74.74503401360545
75.25587301587302
75.74349206349207
76.25433106575964
76.76517006802722
77.25278911564625
77.76362811791383
78.27446712018141
78.78530612244899
79.27292517006802
79.7837641723356
80.29460317460317
80.78222222222222
81.29306122448979
81.80390022675736
82.31473922902494
82.80235827664399
83.31319727891156
83.82403628117913
84.31165532879818
84.82249433106576
85.33333333333333
85.8441723356009
86.35501133786848
86.84263038548752
87.3534693877551
87.84108843537415
88.35192743764172
88.8627664399093
89.35038548752834
89.86122448979592
90.37206349206349
90.88290249433106
91.39374149659864
91.88136054421769
92.39219954648526
92.87981859410431
93.39065759637188
93.90149659863945
94.41233560090703
94.9231746031746
95.41079365079365
95.92163265306122
96.40925170068027
96.92009070294785
97.43092970521542
97.94176870748299
98.42938775510204
98.94022675736962
99.45106575963719
99.96190476190476
100.47274376417234
100.96036281179138
101.47120181405896
101.98204081632653
102.4928798185941
102.98049886621315
103.49133786848073
104.0021768707483
104.48979591836735
105.00063492063492
105.5114739229025
105.99909297052154
106.50993197278912
107.02077097505669
107.53160997732427
108.01922902494331
108.53006802721089
109.04090702947846
109.55174603174603
110.03936507936508
110.55020408163266
111.06104308390023
111.54866213151928
112.05950113378685
112.57034013605443
113.05795918367347
113.56879818594105
114.07963718820862
114.5904761904762
115.07809523809524
115.58893424036282
116.07655328798187
116.58739229024944
117.09823129251701
117.58585034013605
118.09668934240362
118.6075283446712
119.11836734693877
119.60598639455782
120.11682539682539
120.62766439909296
121.13850340136054
121.62612244897959
122.13696145124716
122.64780045351473
123.1586394557823
123.64625850340136
124.15709750566893
124.64471655328798
125.15555555555555
125.66639455782312
126.1772335600907
126.66485260770975
127.17569160997732
127.6865306122449
128.17414965986396
128.68498866213153
129.1958276643991
129.68344671201814
130.1942857142857
130.70512471655329
131.21596371882086
131.72680272108843
132.2144217687075
132.72526077097507
133.23609977324264
133.72371882086168
134.23455782312925
134.74539682539682
135.2562358276644
135.74385487528346
136.25469387755103
136.7655328798186
137.25315192743764
137.76399092970522
138.2748299319728
138.78566893424036
139.2732879818594
139.78412698412697
140.29496598639454
140.80580498866212
141.29342403628118
141.80426303854875
142.31510204081633
142.8259410430839
143.31356009070294
143.8243990929705
144.31201814058957
144.82285714285715
145.33369614512472
145.82131519274375
146.35537414965987
146.86621315192744
147.35383219954647
147.8878911564626
148.37551020408162
148.86312925170068
149.37396825396826
149.88480725623583
150.3956462585034
150.90648526077098
151.39410430839
151.9049433106576
152.41578231292516
152.92662131519273
153.4142403628118
153.92507936507937
154.43591836734694
154.92353741496598
155.41115646258504
155.9219954648526
156.4328344671202
156.94367346938776
157.4312925170068
157.94213151927437
158.45297052154194
158.96380952380952
159.45142857142858
159.96226757369615
160.47310657596373
160.96072562358276
161.47156462585033
161.9824036281179
162.47002267573697
162.98086167800454
163.49170068027212
164.0025396825397
164.49015873015873
165.0009977324263
165.51183673469387
166.02267573696145
166.5102947845805
167.02113378684808
167.50875283446712
168.0195918367347
168.53043083900226
169.04126984126984
169.5521088435374
170.03972789115647
170.55056689342405
171.06140589569162
171.54902494331066
172.05986394557823
172.5707029478458
173.05832199546487
173.56916099773244
174.08
174.56761904761905
175.07845804988662
175.56607709750566
176.07691609977323
176.58775510204083
177.0985941043084
177.58621315192744
178.097052154195
178.60789115646259
179.11873015873016
179.6063492063492
180.11718820861677
180.62802721088434
181.1388662131519
181.6497052154195
182.13732426303855
182.62494331065759
183.1590022675737
183.66984126984127
184.1574603174603
184.64507936507937
185.15591836734694
185.66675736961452
186.1775963718821
186.66521541950112
187.1760544217687
187.68689342403627
188.19773242630384
188.6853514739229
189.19619047619048
189.70702947845805
190.21786848072563
190.70548752834466
191.21632653061224
191.7271655328798
192.21478458049887
192.72562358276645
193.23646258503402
193.7473015873016
194.23492063492063
194.7457596371882
195.25659863945577
195.76743764172335
196.2550566893424
196.76589569160998
197.27673469387756
197.78757369614513
198.27519274376417
198.76281179138323
199.2736507936508
199.78448979591838
200.29532879818595
200.80616780045352
201.29378684807256
201.78140589569162
202.3154648526077
202.80308390022677
203.31392290249434
203.8247619047619
204.3356009070295
204.82321995464852
205.3340589569161
205.79845804988662
206.33251700680273
206.8433560090703
207.35419501133788
207.86503401360545
208.37587301587303
208.86349206349206
209.37433106575963
209.8619501133787
210.37278911564627
210.88362811791384
211.39446712018142
211.88208616780045
212.41614512471656
212.9037641723356
213.39138321995466
213.90222222222224
214.4130612244898
214.92390022675738
215.43473922902496
215.922358276644
216.4564172335601
216.94403628117914
217.4548752834467
217.96571428571428
218.47655328798186
218.96417233560092
219.45179138321996
219.96263038548753
220.4734693877551
220.96108843537414
221.4719274376417
221.98276643990928
222.49360544217686
222.98122448979592
223.4920634920635
224.00290249433107
224.51374149659864
225.00136054421768
225.51219954648525
226.02303854875282
226.51065759637189
227.02149659863946
227.53233560090703
228.01995464852607
228.53079365079364
229.0416326530612
229.5524716553288
230.04009070294785
230.55092970521542
231.061768707483
231.54938775510203
232.0602267573696
232.57106575963718
233.08190476190475
233.56952380952382
234.0803628117914
234.59120181405896
