0.09287981859410431
0.5108390022675737
0.9287981859410431
1.3467573696145125
1.787936507936508
2.2291156462585033
2.693514739229025
3.1579138321995464
3.622312925170068
4.08671201814059
4.551111111111111
5.038730158730159
5.50312925170068
5.9675283446712015
6.455147392290249
6.919546485260771
7.383945578231293
7.848344671201814
8.312743764172335
8.777142857142858
9.264761904761905
9.729160997732427
10.193560090702947
10.634739229024943
11.122358276643991
11.586757369614512
12.07437641723356
12.538775510204081
13.003174603174603
13.467573696145125
13.931972789115646
14.396371882086168
14.86077097505669
15.348390022675737
15.81278911564626
16.27718820861678
16.741587301587302
17.205986394557822
17.69360544217687
18.15800453514739
18.622403628117915
19.086802721088436
19.574421768707484
20.038820861678005
20.503219954648525
20.96761904761905
21.455238095238094
21.91963718820862
22.38403628117914
22.84843537414966
23.336054421768708
23.800453514739228
24.264852607709752
24.729251700680273
25.193650793650793
25.68126984126984
26.145668934240362
26.610068027210886
27.074467120181406
27.538866213151927
28.003265306122447
28.46766439909297
28.93206349206349
29.396462585034012
29.860861678004536
30.34848072562358
30.812879818594105
31.277278911564625
31.741678004535146
32.20607709750567
32.670476190476194
33.158095238095235
33.62249433106576
34.08689342403628
34.5512925170068
35.03891156462585
35.50331065759637
35.9677097505669
36.432108843537414
36.89650793650794
37.36090702947846
37.8485260770975
38.31292517006803
38.77732426303855
39.24172335600907
39.70612244897959
40.19374149659864
40.658140589569165
41.12253968253968
41.586938775510205
42.05133786848072
42.515736961451246
43.003356009070295
43.46775510204082
43.932154195011336
44.39655328798186
44.860952380952384
45.348571428571425
45.81297052154195
46.25414965986395
46.74176870748299
47.22938775510204
47.69378684807256
48.15818594104309
48.6225850340136
49.08698412698413
49.55138321995465
50.03900226757369
50.50340136054422
50.96780045351474
51.43219954648526
51.89659863945578
52.360997732426306
52.848616780045354
53.31301587301587
53.777414965986395
54.24181405895692
54.72943310657596
55.193832199546485
55.65823129251701
56.122630385487525
56.58702947845805
57.05142857142857
57.51582766439909
58.00344671201814
58.46784580498866
58.93224489795919
59.396643990929704
59.86104308390023
60.348662131519276
60.81306122448979
61.27746031746032
61.74185941043084
62.20625850340136
62.69387755102041
63.15827664399093
63.622675736961455
64.08707482993198
64.55147392290249
65.03909297052154
65.50349206349206
65.96789115646258
66.45551020408163
66.91990929705216
67.38430839002268
67.84870748299319
68.31310657596372
68.77750566893424
69.24190476190476
69.72952380952381
70.21714285714286
70.65832199546485
71.12272108843537
71.5871201814059
72.05151927437642
72.51591836734694
72.98031746031747
73.46793650793651
73.93233560090702
74.39673469387755
74.86113378684807
75.34875283446712
75.81315192743764
76.27755102040817
76.74195011337868
77.2063492063492
77.67074829931973
78.15836734693877
78.6227664399093
79.08716553287982
79.55156462585035
80.01596371882086
80.5035827664399
80.96798185941043
81.43238095238095
81.89678004535148
82.361179138322
82.82557823129251
83.31319727891156
83.77759637188208
84.24199546485261
84.70639455782313
85.17079365079366
85.6584126984127
86.12281179138321
86.58721088435374
87.05160997732426
87.51600907029479
87.98040816326531
88.46802721088436
88.93242630385488
89.39682539682539
89.88444444444444
90.34884353741496
90.81324263038549
91.27764172335601
91.74204081632654
92.20643990929705
92.6940589569161
93.15845804988662
93.64607709750567
94.11047619047619
94.57487528344672
95.03927437641724
95.50367346938775
95.96807256235827
96.45569160997732
96.92009070294785
97.38448979591837
97.8488888888889
98.3132879818594
98.77768707482993
99.24208616780045
99.7297052154195
100.19410430839002
100.65850340136055
101.12290249433107
101.58730158730158
102.0517006802721
102.53931972789115
103.00371882086168
103.4681179138322
103.93251700680273
104.39691609977324
104.88453514739228
105.34893424036281
105.81333333333333
106.30095238095238
106.7653514739229
107.22975056689343
107.69414965986394
108.15854875283446
108.62294784580499
109.11056689342404
109.57496598639456
110.03936507936508
110.50376417233561
110.96816326530612
111.43256235827664
111.92018140589569
112.38458049886621
112.84897959183674
113.31337868480726
113.77777777777777
114.26539682539682
114.72979591836734
115.19419501133787
115.65859410430839
116.12299319727892
116.61061224489796
117.07501133786847
117.539410430839
118.00380952380952
118.46820861678005
118.93260770975057
119.37378684807257
119.83818594104308
120.3025850340136
120.76698412698413
121.23138321995465
121.7190022675737
122.20662131519275
122.67102040816326
123.1586394557823
123.62303854875283
124.08743764172335
124.55183673469388
125.0162358276644
125.50385487528345
125.96825396825396
126.43265306122449
126.89705215419501
127.38467120181406
127.84907029478458
128.3134693877551
128.77786848072563
129.24226757369615
129.70666666666668
130.1710657596372
130.65868480725624
131.12308390022676
131.58748299319728
132.0518820861678
132.53950113378684
133.00390022675737
133.4682993197279
133.93269841269841
134.39709750566894
134.88471655328797
135.3491156462585
135.81351473922902
136.27791383219954
136.74231292517007
137.18349206349205
137.69433106575963
138.15873015873015
138.62312925170068
139.0875283446712
139.55192743764172
140.01632653061225
140.50394557823128
140.9683446712018
141.43274376417233
141.89714285714285
142.38476190476192
142.84916099773244
143.31356009070294
143.77795918367346
144.24235827664398
144.7067573696145
145.19437641723357
145.6587755102041
146.1231746031746
146.5875736961451
147.05197278911564
147.5395918367347
148.00399092970522
148.46839002267575
148.93278911564627
149.39718820861677
149.88480725623583
150.34920634920636
150.81360544217688
151.2780045351474
151.74240362811793
152.20680272108842
152.69442176870749
153.158820861678
153.62321995464853
154.08761904761906
154.55201814058958
155.01641723356008
155.50403628117914
155.96843537414966
156.4328344671202
156.8972335600907
157.36163265306124
157.82603174603176
158.3136507936508
158.77804988662132
159.24244897959184
159.70684807256237
160.1712471655329
160.65886621315192
161.12326530612245
161.58766439909297
162.0520634920635
162.53968253968253
163.00408163265305
163.44526077097507
163.9328798185941
164.39727891156463
164.86167800453515
165.32607709750567
165.8136961451247
166.27809523809523
166.74249433106576
167.20689342403628
167.6712925170068
168.15891156462584
168.62331065759636
169.0877097505669
169.5521088435374
170.01650793650794
170.48090702947846
170.94530612244898
171.43292517006802
171.89732426303854
172.36172335600907
172.8261224489796
173.31374149659865
173.77814058956915
174.24253968253967
174.7069387755102
175.17133786848072
175.65895691609978
176.1233560090703
176.58775510204083
177.05215419501133
177.51655328798185
177.98095238095237
178.4453514739229
178.93297052154196
179.39736961451248
179.86176870748298
180.3261678004535
180.81378684807257
181.2781859410431
181.74258503401362
182.20698412698414
182.67138321995463
183.1590022675737
183.62340136054422
184.08780045351475
184.55219954648527
185.0165986394558
185.48099773242632
185.9453968253968
186.43301587301588
186.8974149659864
187.36181405895692
187.82621315192745
188.29061224489797
188.778231292517
189.24263038548753
189.70702947845805
190.17142857142858
190.6358276643991
191.12344671201814
191.58784580498866
192.05224489795918
192.5166439909297
192.98104308390023
193.44544217687076
193.9330612244898
194.39746031746031
194.86185941043084
195.32625850340136
195.7906575963719
196.27827664399092
196.74267573696144
197.20707482993197
197.6714739229025
198.13587301587302
198.53061224489795
198.92535147392292
199.32009070294785
199.78448979591838
200.2488888888889
200.71328798185942
201.17768707482992
201.66530612244898
202.1297052154195
202.59410430839003
203.05850340136055
203.5461224489796
204.0105215419501
204.47492063492064
204.93931972789116
205.40371882086168
205.8681179138322
206.35573696145124
206.82013605442177
207.2845351473923
207.74893424036281
208.23655328798185
208.67773242630386
209.1653514739229
209.62975056689342
210.09414965986394
210.55854875283447
211.0461678004535
