0.09287981859410431
0.5804988662131519
1.0681179138321995
1.5325170068027212
1.9969160997732427
2.461315192743764
2.9257142857142857
3.3901133786848074
3.877732426303855
4.342131519274377
4.806530612244898
5.270929705215419
5.758548752834467
6.222947845804988
6.6873469387755105
7.151746031746032
7.63936507936508
8.103764172335602
8.568163265306122
9.05578231292517
9.520181405895691
9.984580498866213
10.47219954648526
10.936598639455783
11.42421768707483
11.888616780045352
12.376235827664399
12.84063492063492
13.305034013605443
13.769433106575963
14.233832199546486
14.721451247165533
15.209070294784581
15.62702947845805
16.068208616780044
16.486167800453515
16.92734693877551
17.368526077097506
17.832925170068027
18.297324263038547
18.784943310657596
19.272562358276645
19.736961451247165
20.201360544217685
20.688979591836734
21.176598639455783
21.640997732426303
22.128616780045352
22.593015873015872
23.057414965986396
23.54503401360544
24.009433106575965
24.49705215419501
24.961451247165535
25.44907029478458
25.93668934240363
26.40108843537415
26.888707482993198
27.353106575963718
27.817505668934242
28.281904761904762
28.76952380952381
29.23392290249433
29.675102040816327
30.093061224489794
30.53424036281179
30.975419501133786
31.41659863945578
31.880997732426305
32.345396825396826
32.833015873015874
33.29741496598639
33.78503401360544
34.27265306122449
34.73705215419501
35.20145124716553
35.68907029478458
36.17668934240363
36.64108843537415
37.1287074829932
37.593106575963716
38.080725623582765
38.54512471655329
39.03274376417234
39.497142857142855
39.9847619047619
40.44916099773243
40.936780045351476
41.40117913832199
41.88879818594104
42.353197278911566
42.840816326530614
43.30521541950113
43.79283446712018
44.28045351473923
44.74485260770975
45.20925170068027
45.67365079365079
46.16126984126984
46.64888888888889
47.11328798185941
47.600907029478456
48.06530612244898
48.55292517006803
49.017324263038546
49.504943310657595
49.99256235827664
50.45696145124717
50.921360544217684
51.40897959183673
51.89659863945578
52.360997732426306
52.82539682539682
53.336235827664396
53.80063492063492
54.265034013605444
54.72943310657596
55.21705215419501
55.70467120181406
56.16907029478458
56.6334693877551
57.12108843537415
57.608707482993196
58.07310657596372
58.53750566893424
59.025124716553286
59.512743764172335
60.00036281179138
60.46476190476191
60.929160997732424
61.41678004535147
61.881179138322
62.368798185941046
62.83319727891156
63.32081632653061
63.785215419501135
64.27283446712018
64.7372335600907
65.22485260770975
65.68925170068027
66.17687074829932
66.64126984126985
67.1288888888889
67.5932879818594
68.08090702947845
68.54530612244898
69.03292517006803
69.49732426303855
69.9849433106576
70.44934240362812
70.93696145124717
71.40136054421768
71.88897959183673
72.35337868480725
72.8409977324263
73.30539682539683
73.79301587301588
74.2574149659864
74.74503401360545
75.2326530612245
75.697052154195
76.16145124716553
76.64907029478458
77.13668934240363
77.60108843537415
78.06548752834468
78.55310657596372
79.04072562358277
79.50512471655328
79.9695238095238
80.45714285714286
80.9447619047619
81.40916099773243
81.89678004535148
82.361179138322
82.84879818594105
83.31319727891156
83.77759637188208
84.26521541950113
84.75283446712018
85.2172335600907
85.68163265306123
86.16925170068028
86.65687074829933
87.12126984126984
87.58566893424036
88.07328798185941
88.56090702947846
89.02530612244898
89.51292517006803
89.97732426303855
90.44172335600906
90.92934240362811
91.41696145124716
91.88136054421769
92.34575963718821
92.83337868480726
93.29777777777778
93.78539682539683
94.27301587301588
94.76063492063491
95.22503401360544
95.68943310657596
96.17705215419501
96.64145124716553
97.12907029478458
97.5934693877551
98.08108843537416
98.54548752834467
99.03310657596371
99.49750566893424
99.98512471655329
100.44952380952381
100.93714285714286
101.40154195011338
101.88916099773243
102.37678004535148
102.84117913832199
103.30557823129251
103.76997732426304
104.18793650793651
104.6291156462585
105.0702947845805
105.5114739229025
105.97587301587302
106.44027210884354
106.90467120181405
107.36907029478458
107.85668934240363
108.32108843537415
108.8087074829932
109.27310657596372
109.73750566893425
110.22512471655328
110.6895238095238
111.17714285714285
111.64154195011338
112.12916099773243
112.59356009070295
113.081179138322
113.54557823129252
114.00997732426303
114.42793650793651
114.84589569160998
115.26385487528344
115.70503401360544
116.16943310657597
116.63383219954649
117.12145124716554
117.58585034013605
118.0734693877551
118.53786848072562
119.02548752834467
119.51310657596372
119.97750566893424
120.44190476190477
120.92952380952381
121.41714285714286
121.88154195011337
122.36916099773242
122.83356009070295
123.321179138322
123.78557823129252
124.27319727891157
124.73759637188209
125.22521541950114
125.68961451247165
126.1772335600907
126.64163265306122
127.12925170068027
127.5936507936508
128.08126984126983
128.54566893424035
129.03328798185942
129.49768707482994
129.98530612244897
130.4497052154195
130.93732426303856
131.40172335600906
131.88934240362812
132.35374149659864
132.84136054421768
133.3057596371882
133.79337868480727
134.2577777777778
134.74539682539682
135.20979591836735
135.69741496598638
136.1618140589569
136.64943310657597
137.1138321995465
137.57823129251702
138.06585034013605
138.53024943310658
139.0178684807256
139.48226757369613
139.9698866213152
140.45750566893423
140.92190476190476
141.38630385487528
141.87392290249434
142.36154195011338
142.8259410430839
143.29034013605443
143.801179138322
144.26557823129252
144.72997732426305
145.19437641723357
145.6819954648526
146.16961451247167
146.63401360544216
147.0984126984127
147.58603174603175
148.07365079365078
148.5380498866213
149.02566893424037
149.4900680272109
149.95446712018142
150.3956462585034
150.8368253968254
151.2780045351474
151.74240362811793
152.1835827664399
152.6247619047619
153.08916099773242
153.55356009070294
154.041179138322
154.5055782312925
154.99319727891157
155.4575963718821
155.94521541950112
156.40961451247165
156.87401360544217
157.3384126984127
157.80281179138322
158.3136507936508
158.80126984126983
159.2888888888889
159.75328798185942
160.21768707482994
160.70530612244897
161.1697052154195
161.65732426303856
162.12172335600906
162.60934240362812
163.07374149659864
163.53814058956917
164.0025396825397
164.46693877551022
164.9081179138322
165.34929705215418
165.76725623582766
166.18521541950113
166.64961451247166
167.1372335600907
167.60163265306122
168.06603174603174
168.5536507936508
169.04126984126984
169.50566893424036
169.97006802721089
170.45768707482992
170.92208616780044
171.38648526077097
171.87410430839003
172.36172335600907
172.8261224489796
173.31374149659865
173.77814058956915
174.24253968253967
174.73015873015873
175.19455782312926
175.6821768707483
176.14657596371882
176.63419501133788
177.0985941043084
177.58621315192744
178.05061224489796
178.5150113378685
178.979410430839
179.46702947845804
179.93142857142857
180.41904761904763
180.88344671201813
181.3710657596372
