0.09287981859410431
0.5108390022675737
0.905578231292517
1.3003174603174603
1.6950566893424037
2.089795918367347
2.461315192743764
2.8792743764172335
3.250793650793651
3.622312925170068
4.017052154195011
4.4117913832199545
4.806530612244898
5.201269841269841
5.596009070294785
5.9675283446712015
6.362267573696145
6.757006802721088
7.128526077097506
7.523265306122449
7.918004535147392
8.289523809523809
8.70748299319728
9.102222222222222
9.47374149659864
9.868480725623582
10.263219954648527
10.634739229024943
11.029478458049887
11.42421768707483
11.795736961451247
12.19047619047619
12.585215419501134
12.979954648526077
13.374693877551021
13.769433106575963
14.140952380952381
14.512471655328799
14.907210884353741
15.301950113378684
15.696689342403628
16.091428571428573
16.486167800453515
16.880907029478458
17.2756462585034
17.647165532879818
18.06512471655329
18.436643990929706
18.808163265306124
19.202902494331067
19.620861678004534
19.99238095238095
20.387120181405894
20.758639455782312
21.153378684807254
21.5481179138322
21.942857142857143
22.31437641723356
22.709115646258503
23.103854875283446
23.49859410430839
23.893333333333334
24.288072562358277
24.659591836734695
25.054331065759637
25.44907029478458
25.820589569160997
26.23854875283447
26.63328798185941
27.00480725623583
27.39954648526077
27.77106575963719
28.16580498866213
28.583764172335602
28.955283446712016
29.326802721088434
29.744761904761905
30.116281179138323
30.511020408163265
30.905759637188208
31.30049886621315
31.672018140589568
32.066757369614514
32.46149659863946
32.8562358276644
33.25097505668934
33.62249433106576
34.0172335600907
34.411972789115644
34.80671201814059
35.178231292517005
35.57297052154195
35.9677097505669
36.33922902494331
36.75718820861678
37.1287074829932
37.52344671201814
37.94140589569161
38.31292517006803
38.684444444444445
39.07918367346939
39.47392290249433
39.86866213151927
40.263401360544215
40.63492063492063
41.029659863945575
41.424399092970525
41.795918367346935
42.190657596371885
42.60861678004535
42.98013605442177
43.37487528344671
43.769614512471655
44.1643537414966
44.535873015873015
44.93061224489796
45.302131519274376
45.69687074829932
46.09160997732426
46.4863492063492
46.88108843537415
47.275827664399095
47.67056689342404
48.042086167800456
48.4368253968254
48.83156462585034
49.20308390022676
49.621043083900226
50.01578231292517
50.387301587301586
50.78204081632653
51.153560090702946
51.54829931972789
51.94303854875283
52.33777777777778
52.70929705215419
53.10403628117914
53.498775510204084
53.893514739229026
54.28825396825397
54.68299319727891
55.05451247165533
55.44925170068027
55.843990929705214
56.21551020408163
56.610249433106574
57.00498866213152
57.39972789115646
57.79446712018141
58.18920634920635
58.56072562358277
58.95546485260771
59.350204081632654
59.72172335600907
60.13968253968254
60.51120181405896
60.9059410430839
61.30068027210884
61.695419501133784
62.0669387755102
62.461678004535145
62.83319727891156
63.227936507936505
63.622675736961455
64.01741496598639
64.38893424036281
64.78367346938775
65.1784126984127
65.57315192743764
65.96789115646258
66.36263038548753
66.73414965986395
67.1288888888889
67.52362811791383
67.91836734693878
68.31310657596372
68.70784580498866
69.07936507936508
69.47410430839003
69.86884353741496
70.24036281179139
70.63510204081632
71.02984126984127
71.42458049886622
71.81931972789116
72.19083900226758
72.58557823129252
72.98031746031747
73.3750566893424
73.74657596371883
74.14131519274376
74.53605442176871
74.93079365079365
75.3255328798186
75.72027210884353
76.09179138321996
76.48653061224489
76.88126984126984
77.25278911564625
77.67074829931973
78.04226757369615
78.41378684807256
78.83174603174604
79.22648526077097
79.5980045351474
79.99274376417233
80.38748299319728
80.75900226757369
81.17696145124717
81.54848072562358
81.94321995464853
82.33795918367348
82.73269841269841
83.10421768707484
83.49895691609977
83.89369614512472
84.28843537414966
84.6831746031746
85.07791383219954
85.44943310657597
85.8441723356009
86.23891156462585
86.61043083900226
86.98195011337869
87.39990929705215
87.77142857142857
88.18938775510205
88.56090702947846
88.9556462585034
89.35038548752834
89.74512471655329
90.1166439909297
90.51138321995465
90.90612244897959
91.27764172335601
91.67238095238095
92.0671201814059
92.43863945578231
92.85659863945578
93.2281179138322
93.62285714285714
94.04081632653062
94.41233560090703
94.78385487528345
95.20181405895691
95.59655328798186
95.96807256235827
96.36281179138322
96.75755102040816
97.12907029478458
97.52380952380952
97.91854875283447
98.3132879818594
98.70802721088435
99.1027664399093
99.47428571428571
99.86902494331066
100.2637641723356
100.63528344671202
101.05324263038548
101.42476190476191
101.81950113378684
102.2142403628118
102.5857596371882
102.98049886621315
103.37523809523809
103.76997732426304
104.14149659863945
104.5362358276644
104.93097505668935
105.32571428571428
105.72045351473923
106.09197278911564
106.4867120181406
106.88145124716553
107.25297052154195
107.64770975056689
108.04244897959184
108.43718820861677
108.8087074829932
109.20344671201813
109.59818594104308
109.99292517006803
110.38766439909297
110.78240362811792
111.15392290249433
111.54866213151928
111.94340136054421
112.33814058956916
112.7328798185941
113.12761904761905
113.49913832199546
113.89387755102041
114.28861678004534
114.66013605442177
115.0548752834467
115.44961451247165
115.82113378684807
116.21587301587302
116.61061224489796
117.0053514739229
117.40009070294785
117.79482993197279
118.16634920634921
118.56108843537415
118.9558276643991
119.35056689342403
119.74530612244898
120.11682539682539
120.51156462585034
120.88308390022675
121.2778231292517
121.67256235827665
122.06730158730159
122.46204081632654
122.83356009070295
123.2282993197279
123.62303854875283
124.01777777777778
124.41251700680272
124.80725623582767
125.17877551020408
125.59673469387755
125.9914739229025
126.36299319727891
126.75773242630386
127.12925170068027
127.52399092970522
127.91873015873016
128.3134693877551
128.68498866213153
129.10294784580498
129.4744671201814
129.84598639455783
130.24072562358276
130.6354648526077
131.03020408163266
131.4249433106576
131.81968253968253
132.19120181405896
132.60916099773243
132.98068027210886
133.3754195011338
133.77015873015873
134.14167800453515
134.5364172335601
134.93115646258502
135.32589569161
135.69741496598638
136.09215419501135
136.48689342403628
136.88163265306122
137.27637188208618
137.64789115646258
138.04263038548754
138.43736961451248
138.8321088435374
139.20362811791384
139.59836734693877
139.9931065759637
140.38784580498867
140.7825850340136
141.15410430839003
141.54884353741497
141.9435827664399
142.33832199546487
142.7330612244898
143.10458049886623
143.49931972789116
143.8940589569161
144.26557823129252
144.66031746031746
145.0550566893424
145.42657596371882
145.8445351473923
146.21605442176872
146.63401360544216
147.0055328798186
147.377052154195
147.77179138321995
148.16653061224488
148.5380498866213
148.93278911564627
149.3275283446712
149.72226757369614
150.11700680272108
150.51174603174604
150.90648526077098
151.3012244897959
151.67274376417234
152.06748299319727
152.4622222222222
152.85696145124717
153.22848072562357
153.62321995464853
154.01795918367347
154.4126984126984
154.80743764172337
155.2021768707483
155.57369614512473
155.96843537414966
156.3399546485261
156.73469387755102
157.12943310657596
157.5241723356009
157.89569160997732
158.29043083900225
158.68517006802722
159.07990929705215
159.4746485260771
159.86938775510205
160.24090702947845
160.6356462585034
161.03038548752835
161.42512471655328
161.81986394557822
162.21460317460318
162.58612244897958
162.98086167800454
163.37560090702948
163.7471201814059
164.16507936507938
164.5598185941043
164.93133786848074
165.32607709750567
165.7208163265306
166.09233560090703
166.48707482993197
166.8818140589569
167.25333333333333
167.64807256235827
168.04281179138323
168.43755102040816
168.8322902494331
169.22702947845804
169.59854875283446
169.99328798185942
170.38802721088436
170.7827664399093
171.17750566893423
171.5722448979592
171.9437641723356
172.33850340136055
172.71002267573695
173.10476190476192
173.49950113378685
173.87102040816328
174.2657596371882
174.66049886621315
175.05523809523808
175.44997732426305
175.84471655328798
176.2162358276644
176.61097505668934
177.00571428571428
177.3772335600907
177.77197278911564
178.1667120181406
178.56145124716554
178.95619047619047
179.3277097505669
179.72244897959183
180.11718820861677
180.4887074829932
180.88344671201813
181.2781859410431
181.67292517006803
182.06766439909296
182.46240362811793
182.85714285714286
183.2286621315193
183.62340136054422
184.0413605442177
184.4128798185941
184.80761904761906
185.202358276644
185.59709750566893
185.96861678004535
186.3633560090703
186.7348752834467
187.12961451247165
187.5243537414966
187.91909297052155
188.29061224489797
188.6853514739229
189.08009070294784
189.47482993197278
189.86956916099774
190.26430839002268
190.6590476190476
191.05378684807258
191.4485260770975
191.84326530612245
192.26122448979592
192.65596371882086
193.0507029478458
193.44544217687076
193.8401814058957
194.25814058956917
194.6528798185941
195.07083900226758
195.4655782312925
195.88353741496599
196.30149659863946
196.71945578231293
197.11419501133787
197.5089342403628
197.90367346938777
198.2984126984127
198.69315192743764
199.08789115646258
199.48263038548754
199.87736961451247
200.2721088435374
200.66684807256235
201.0615873015873
201.45632653061224
201.85106575963718
202.24580498866214
202.64054421768708
203.03528344671201
203.43002267573695
203.8247619047619
204.2427210884354
