3.01859410430839
3.3901133786848074
3.8080725623582765
4.20281179138322
4.597551020408163
4.992290249433107
5.410249433106576
5.804988662131519
6.199727891156463
6.594467120181406
6.989206349206349
7.4071655328798185
7.801904761904762
8.196643990929704
8.591383219954649
9.009342403628118
9.404081632653062
9.822040816326531
10.216780045351474
10.611519274376418
11.00625850340136
11.400997732426303
11.795736961451247
12.19047619047619
12.60843537414966
13.003174603174603
13.397913832199546
13.79265306122449
14.187392290249432
14.605351473922903
15.000090702947846
15.394829931972788
15.789569160997733
16.207528344671204
16.602267573696146
16.99700680272109
17.39174603174603
17.809705215419502
18.204444444444444
18.575963718820862
18.99392290249433
19.388662131519276
19.783401360544218
20.201360544217685
20.59609977324263
20.990839002267574
21.385578231292516
21.78031746031746
22.175056689342405
22.569795918367348
22.987755102040815
23.38249433106576
23.777233560090703
24.19519274376417
24.589931972789117
24.98467120181406
25.379410430839002
25.774149659863944
26.16888888888889
26.586848072562358
26.9815873015873
27.376326530612246
27.77106575963719
28.189024943310656
28.583764172335602
28.978503401360545
29.373242630385487
29.791201814058958
30.1859410430839
30.580680272108843
30.975419501133786
31.393378684807256
31.7881179138322
32.182857142857145
32.57759637188209
32.995555555555555
33.3902947845805
33.78503401360544
34.17977324263038
34.57451247165533
34.9924716553288
35.38721088435374
35.781950113378684
36.19990929705215
36.594648526077094
36.989387755102044
37.384126984126986
37.77886621315193
38.196825396825396
38.59156462585034
38.98630385487528
39.381043083900224
39.77578231292517
40.19374149659864
40.58848072562358
40.983219954648526
41.37795918367347
41.795918367346935
42.190657596371885
42.58539682539683
42.98013605442177
43.37487528344671
43.79283446712018
44.18757369614512
44.582312925170065
44.977052154195015
45.39501133786848
45.789750566893424
46.18448979591837
46.672108843537416
47.159727891156464
47.57768707482993
47.9956462585034
48.39038548752834
48.78512471655329
49.20308390022676
49.5978231292517
49.99256235827664
50.41052154195011
50.80526077097505
51.2
51.594739229024945
51.98947845804989
52.38421768707483
52.77895691609977
53.173696145124715
53.59165532879818
53.98639455782313
54.4043537414966
54.79909297052154
55.193832199546485
55.58857142857143
55.98331065759637
56.37804988662131
56.79600907029479
57.19074829931973
57.58548752834467
57.980226757369614
58.37496598639456
58.792925170068024
59.187664399092974
59.582403628117916
59.97714285714286
60.395102040816326
60.78984126984127
61.207800453514736
61.602539682539685
62.02049886621315
62.415238095238095
62.80997732426304
63.20471655328798
63.59945578231292
63.994195011337865
64.38893424036281
64.80689342403628
65.20163265306122
65.59637188208617
65.99111111111111
66.38585034013606
66.780589569161
67.17532879818594
67.54684807256236
67.96480725623583
68.3827664399093
68.80072562358276
69.19546485260771
69.59020408163265
69.9849433106576
70.37968253968253
70.79764172335601
71.21560090702948
71.61034013605442
72.00507936507937
72.37659863945578
72.7481179138322
73.09641723356009
73.42149659863945
73.79301587301588
74.18775510204081
74.58249433106576
74.97723356009071
75.37197278911565
75.78993197278912
76.18467120181406
76.579410430839
76.97414965986394
77.39210884353741
77.78684807256236
78.20480725623582
78.59954648526077
78.99428571428571
79.38902494331066
79.7837641723356
80.17850340136054
80.59646258503402
80.99120181405895
81.3859410430839
81.75746031746031
82.17541950113379
82.59337868480726
82.9881179138322
83.38285714285715
83.77759637188208
84.19555555555556
84.5902947845805
84.96181405895692
85.37977324263039
85.77451247165533
86.16925170068028
86.58721088435374
86.98195011337869
87.37668934240362
87.77142857142857
88.14294784580498
88.58412698412698
88.97886621315193
89.37360544217687
89.76834467120182
90.18630385487528
90.58104308390023
90.97578231292518
91.39374149659864
91.78848072562359
92.18321995464852
92.601179138322
92.99591836734695
93.39065759637188
93.7621768707483
94.18013605442177
94.57487528344672
94.99283446712018
95.38757369614513
95.78231292517007
96.17705215419501
96.59501133786848
96.98975056689342
97.38448979591837
97.7792290249433
98.17396825396825
98.59192743764173
98.98666666666666
99.38140589569161
99.77614512471655
100.19410430839002
100.58884353741496
100.98358276643991
101.37832199546486
101.7730612244898
102.19102040816327
102.5857596371882
102.98049886621315
103.35201814058956
103.70031746031746
104.04861678004535
104.39691609977324
104.76843537414966
105.18639455782314
105.6043537414966
105.99909297052154
106.39383219954648
106.81179138321995
107.2065306122449
107.60126984126984
107.99600907029479
108.39074829931972
108.8087074829932
109.20344671201813
109.59818594104308
109.99292517006803
110.38766439909297
110.78240362811792
111.17714285714285
111.59510204081633
111.98984126984126
112.40780045351474
112.77931972789116
113.1740589569161
113.56879818594105
113.96353741496598
114.38149659863946
114.7762358276644
115.17097505668934
115.58893424036282
115.98367346938775
116.40163265306123
116.79637188208616
117.16789115646259
117.539410430839
117.8877097505669
118.25922902494331
118.63074829931973
119.00226757369614
119.3970068027211
119.79174603174603
120.18648526077098
120.58122448979591
120.97596371882086
121.39392290249432
121.78866213151927
122.18340136054422
122.60136054421768
122.99609977324263
123.39083900226757
123.78557823129252
124.18031746031745
124.59827664399093
124.99301587301588
125.38775510204081
125.78249433106576
126.1772335600907
126.57197278911565
126.98993197278912
127.38467120181406
127.77941043083901
128.17414965986396
128.5921088435374
128.98684807256237
129.3815873015873
129.77632653061224
130.1942857142857
130.58902494331065
130.9837641723356
131.37850340136055
131.79646258503402
132.19120181405896
132.5859410430839
132.98068027210886
133.3754195011338
133.77015873015873
134.1881179138322
134.58285714285714
134.9775963718821
135.39555555555555
135.7902947845805
136.18503401360545
136.60299319727892
136.99773242630386
137.3924716553288
137.78721088435375
138.1819501133787
138.57668934240363
138.9946485260771
139.38938775510204
139.78412698412697
140.17886621315193
140.55038548752833
140.9683446712018
141.38630385487528
141.78104308390022
142.1990022675737
142.59374149659865
142.9884807256236
143.38321995464852
143.77795918367346
144.17269841269842
144.59065759637187
144.98539682539683
145.38013605442177
145.7748752834467
146.16961451247167
146.5875736961451
146.98231292517008
147.377052154195
147.7950113378685
148.18975056689342
148.58448979591836
148.97922902494332
149.39718820861677
149.79192743764173
150.18666666666667
150.5814058956916
150.97614512471657
151.39410430839
151.78884353741498
152.1835827664399
152.57832199546485
152.99628117913832
153.36780045351475
153.78575963718822
154.18049886621316
154.5752380952381
154.99319727891157
155.3879365079365
155.78267573696147
156.1774149659864
156.59537414965988
156.9901133786848
157.38485260770975
157.77959183673468
158.17433106575965
158.56907029478458
158.98702947845806
159.381768707483
159.79972789115646
160.1944671201814
160.58920634920634
160.9839455782313
161.37868480725623
161.77342403628117
162.19138321995464
162.58612244897958
162.98086167800454
163.37560090702948
163.79356009070295
164.1882993197279
164.58303854875282
164.9777777777778
165.39573696145123
165.7904761904762
166.18521541950113
166.57995464852607
166.99791383219954
167.39265306122448
167.78739229024944
168.18213151927438
168.5768707482993
168.97160997732425
169.3663492063492
169.76108843537415
170.17904761904762
170.57378684807256
170.99174603174603
171.38648526077097
171.78122448979593
172.17596371882087
172.59392290249434
172.98866213151928
173.3834013605442
173.77814058956915
174.19609977324262
174.5908390022676
174.98557823129252
175.38031746031746
175.7750566893424
176.16979591836736
176.58775510204083
176.98249433106577
177.3772335600907
177.79519274376418
178.1899319727891
178.58467120181405
178.979410430839
179.37414965986395
179.76888888888888
180.18684807256236
180.5815873015873
180.99954648526077
181.3942857142857
181.78902494331066
182.1837641723356
182.57850340136054
182.996462585034
183.39120181405895
183.7859410430839
184.18068027210884
184.59863945578232
184.99337868480725
185.3881179138322
185.78285714285715
186.1775963718821
186.59555555555556
186.9902947845805
187.38503401360543
187.8029931972789
188.19773242630384
188.5924716553288
188.98721088435374
189.38195011337868
189.79990929705215
190.1946485260771
190.58938775510205
190.984126984127
191.37886621315192
191.7968253968254
192.19156462585033
192.5863038548753
192.98104308390023
193.3990022675737
193.79374149659864
194.18848072562358
194.5832199546485
195.001179138322
195.39591836734695
195.7906575963719
196.18539682539682
196.58013605442176
196.99809523809523
197.3928344671202
197.78757369614513
198.2055328798186
198.60027210884354
198.99501133786848
199.3897505668934
199.78448979591838
200.1792290249433
200.59718820861679
200.99192743764172
201.38666666666666
201.78140589569162
202.19936507936507
202.59410430839003
202.98884353741497
203.3835827664399
203.77832199546486
204.1730612244898
204.59102040816327
204.9857596371882
205.38049886621314
205.7752380952381
206.19319727891155
206.58793650793652
206.98267573696145
207.3774149659864
