0.09287981859410431
0.8823582766439909
1.6718367346938776
2.4380952380952383
3.2275736961451247
4.017052154195011
4.783310657596372
5.572789115646258
6.339047619047619
7.128526077097506
7.918004535147392
8.684263038548753
9.450521541950113
10.24
11.029478458049887
11.795736961451247
12.585215419501134
13.374693877551021
14.140952380952381
14.930430839002268
15.696689342403628
16.486167800453515
17.2756462585034
18.04190476190476
18.808163265306124
19.59764172335601
20.36390022675737
21.153378684807254
21.942857142857143
22.709115646258503
23.49859410430839
24.264852607709752
25.054331065759637
25.820589569160997
26.610068027210886
27.376326530612246
28.16580498866213
28.955283446712016
29.72154195011338
30.511020408163265
31.277278911564625
32.066757369614514
32.833015873015874
33.62249433106576
34.38875283446712
35.178231292517005
35.9677097505669
36.73396825396826
37.52344671201814
38.2897052154195
39.07918367346939
39.84544217687075
40.63492063492063
41.40117913832199
42.190657596371885
42.98013605442177
43.74639455782313
44.535873015873015
45.302131519274376
46.09160997732426
46.85786848072562
47.64734693877551
48.4368253968254
49.20308390022676
49.99256235827664
50.758820861678004
51.54829931972789
52.31455782312925
53.08081632653061
53.8702947845805
54.659773242630386
55.42603174603175
56.21551020408163
57.00498866213152
57.77124716553288
58.56072562358277
59.350204081632654
60.116462585034014
60.9059410430839
61.67219954648526
62.461678004535145
63.227936507936505
64.01741496598639
64.80689342403628
65.57315192743764
66.339410430839
67.1288888888889
67.91836734693878
68.68462585034014
69.47410430839003
70.24036281179139
71.02984126984127
71.79609977324263
72.58557823129252
73.3750566893424
74.14131519274376
74.93079365079365
75.697052154195
76.48653061224489
77.25278911564625
78.04226757369615
78.80852607709751
79.5980045351474
80.36426303854876
81.15374149659864
81.92
82.70947845804989
83.49895691609977
84.26521541950113
85.05469387755102
85.8441723356009
86.61043083900226
87.39990929705215
88.16616780045351
88.9556462585034
89.72190476190477
90.51138321995465
91.27764172335601
92.0671201814059
92.83337868480726
93.62285714285714
94.41233560090703
95.17859410430839
95.96807256235827
96.73433106575963
97.52380952380952
98.3132879818594
99.07954648526078
99.86902494331066
100.63528344671202
101.42476190476191
102.19102040816327
102.98049886621315
103.74675736961451
104.5362358276644
105.30249433106576
106.09197278911564
106.88145124716553
107.64770975056689
108.43718820861677
109.20344671201813
109.99292517006803
110.78240362811792
111.54866213151928
112.31492063492064
113.10439909297052
113.89387755102041
114.66013605442177
115.44961451247165
116.21587301587302
117.0053514739229
117.77160997732426
118.56108843537415
119.35056689342403
120.11682539682539
120.90630385487529
121.67256235827665
122.46204081632654
123.2282993197279
124.01777777777778
124.78403628117914
125.57351473922903
126.36299319727891
127.12925170068027
127.91873015873016
128.68498866213153
129.4744671201814
130.24072562358276
131.03020408163266
131.81968253968253
132.5859410430839
133.3754195011338
134.14167800453515
134.93115646258502
135.72063492063492
136.48689342403628
137.25315192743764
138.04263038548754
138.8088888888889
139.59836734693877
140.36462585034013
141.15410430839003
141.9435827664399
142.70984126984126
143.49931972789116
144.26557823129252
145.0550566893424
145.8445351473923
146.61079365079365
147.40027210884352
148.16653061224488
148.95600907029478
149.74548752834468
150.51174603174604
151.2780045351474
152.06748299319727
152.83374149659863
153.62321995464853
154.4126984126984
155.17895691609976
155.96843537414966
156.73469387755102
157.5241723356009
158.29043083900225
159.07990929705215
159.86938775510205
160.65886621315192
161.42512471655328
162.19138321995464
162.98086167800454
163.77034013605441
164.53659863945578
165.30285714285714
166.09233560090703
166.8818140589569
167.64807256235827
168.43755102040816
169.20380952380953
169.99328798185942
170.75954648526078
171.54902494331066
172.33850340136055
173.10476190476192
173.8942403628118
174.66049886621315
175.44997732426305
176.23945578231292
177.00571428571428
177.79519274376418
178.56145124716554
179.3509297052154
180.11718820861677
180.90666666666667
181.67292517006803
182.46240362811793
183.2286621315193
184.01814058956916
184.78439909297052
185.57387755102042
186.34013605442178
187.12961451247165
187.91909297052155
188.6853514739229
189.47482993197278
190.26430839002268
191.03056689342404
191.82004535147394
192.5863038548753
193.37578231292517
194.14204081632653
194.93151927437643
195.7209977324263
196.48725623582766
197.25351473922902
198.04299319727892
198.80925170068028
199.59873015873015
200.38820861678005
201.1544671201814
201.94394557823128
202.71020408163264
203.49968253968254
204.28916099773244
205.0554195011338
205.84489795918367
206.61115646258503
207.40063492063493
208.1668934240363
208.95637188208616
209.72263038548752
210.51210884353742
211.27836734693878
211.9981859410431
212.69478458049886
213.46104308390022
214.25052154195012
215.20253968253968
216.0152380952381
