0.11609977324263039
0.626938775510204
1.1609977324263039
1.8575963718820863
2.36843537414966
2.9024943310657596
3.4133333333333336
3.947392290249433
4.481451247165533
5.015510204081632
5.526349206349207
6.03718820861678
6.5712471655328795
7.082086167800454
7.592925170068027
8.126984126984127
8.661043083900227
9.195102040816327
9.7059410430839
10.216780045351474
10.750839002267574
11.284897959183674
11.795736961451247
12.236916099773243
12.678095238095239
13.188934240362812
13.699773242630386
14.140952380952381
14.582131519274377
15.116190476190477
15.62702947845805
16.16108843537415
16.69514739229025
17.205986394557822
17.740045351473924
18.250884353741498
18.76172335600907
19.29578231292517
19.89950113378685
20.526439909297054
21.037278911564627
21.5481179138322
22.0821768707483
22.6162358276644
23.173514739229024
23.684353741496597
24.19519274376417
24.706031746031748
25.240090702947846
25.75092970521542
26.261768707482993
26.70294784580499
27.144126984126984
27.654965986394558
28.0497052154195
28.53732426303855
29.071383219954647
29.58222222222222
30.116281179138323
30.65034013605442
31.161179138321994
31.695238095238096
32.20607709750567
32.71691609977324
33.25097505668934
33.78503401360544
34.319092970521545
34.853151927437644
35.34077097505669
35.87482993197279
36.385668934240364
36.89650793650794
37.430566893424036
37.8485260770975
38.2897052154195
38.8237641723356
39.381043083900224
39.91510204081633
40.4259410430839
40.936780045351476
41.44761904761905
41.98167800453515
42.49251700680272
43.003356009070295
43.53741496598639
44.07147392290249
44.6055328798186
45.11637188208617
45.65043083900227
46.16126984126984
46.672108843537416
47.206167800453514
47.71700680272109
48.27428571428572
48.808344671201816
49.295963718820865
49.83002267573696
50.340861678004536
50.85170068027211
51.33931972789116
51.82693877551021
52.2681179138322
52.77895691609977
53.22013605442177
53.661315192743764
54.17215419501134
54.868752834467124
55.40281179138322
55.93687074829932
56.447709750566894
56.98176870748299
57.53904761904762
58.049886621315196
58.583945578231294
59.09478458049887
59.60562358276644
60.116462585034014
60.62730158730159
61.161360544217686
61.695419501133784
62.22947845804989
62.71709750566893
63.25115646258504
63.785215419501135
64.2960544217687
64.80689342403628
65.34095238095239
65.87501133786849
66.40907029478458
66.94312925170068
67.45396825396826
67.96480725623583
68.4756462585034
69.0097052154195
69.5437641723356
70.05460317460317
70.58866213151927
71.12272108843537
71.63356009070294
72.16761904761904
72.67845804988661
73.18929705215419
73.63047619047619
74.07165532879819
74.58249433106576
75.11655328798186
75.62739229024943
76.16145124716553
76.69551020408163
77.2063492063492
77.7404081632653
78.25124716553287
78.76208616780045
79.29614512471656
79.83020408163266
80.36426303854876
80.87510204081633
81.3859410430839
81.92
82.4540589569161
82.96489795918367
83.47573696145125
84.00979591836735
84.54385487528344
85.07791383219954
85.58875283446712
86.09959183673469
86.63365079365079
87.14448979591836
87.67854875283447
88.18938775510205
88.72344671201814
89.25750566893424
89.76834467120182
90.30240362811791
90.81324263038549
91.32408163265306
91.85814058956916
92.27609977324263
92.71727891156462
93.15845804988662
93.59963718820862
94.11047619047619
94.64453514739229
95.08571428571429
95.52689342403629
96.03773242630386
96.57179138321996
97.10585034013606
97.63990929705216
98.15074829931973
98.6615873015873
99.17242630385488
99.70648526077098
100.21732426303855
100.75138321995465
101.28544217687075
101.81950113378684
102.33034013605442
102.77151927437642
103.23591836734694
103.72353741496599
104.21115646258504
104.67555555555556
105.13995464852607
105.62757369614512
106.16163265306122
106.69569160997733
107.2065306122449
107.740589569161
108.25142857142858
108.78548752834467
109.29632653061225
109.80716553287982
110.34122448979592
110.8520634920635
111.38612244897959
111.96662131519274
112.47746031746031
112.98829931972789
113.47591836734694
114.00997732426303
114.5208163265306
115.0548752834467
115.56571428571428
116.00689342403628
116.44807256235828
116.88925170068028
117.33043083900226
117.84126984126983
118.35210884353741
118.79328798185941
119.2344671201814
119.7685260770975
120.27936507936508
120.81342403628118
121.34748299319727
121.85832199546485
122.36916099773242
122.90321995464852
123.4140589569161
123.92489795918367
124.36607709750567
124.80725623582767
125.31809523809524
125.75927437641724
126.20045351473922
126.73451247165534
127.26857142857143
127.80263038548753
128.3134693877551
128.82430839002268
129.33514739229025
129.86920634920634
130.40326530612245
130.91410430839002
131.355283446712
131.79646258503402
132.3073015873016
132.84136054421768
133.3754195011338
133.90947845804988
134.42031746031745
134.95437641723356
135.46521541950113
135.9760544217687
136.51011337868482
137.0441723356009
137.57823129251702
138.0890702947846
138.59990929705216
139.13396825396825
139.64480725623582
140.1556462585034
140.6897052154195
141.1308843537415
141.57206349206348
142.08290249433108
142.52408163265306
142.96526077097505
143.47609977324262
144.01015873015874
144.54421768707482
145.0550566893424
145.5891156462585
146.09995464852608
146.63401360544216
147.14485260770974
147.67891156462585
148.21297052154196
148.74702947845805
149.25786848072562
149.7687074829932
150.3027664399093
150.81360544217688
151.32444444444445
151.76562358276644
152.20680272108842
152.717641723356
153.2517006802721
153.6928798185941
154.1340589569161
154.64489795918368
155.17895691609976
155.71301587301588
156.24707482993196
156.75791383219953
157.2687528344671
157.77959183673468
158.3136507936508
158.8477097505669
159.381768707483
159.89260770975056
160.42666666666668
160.93750566893425
161.44834467120182
161.9824036281179
162.49324263038548
163.0273015873016
163.53814058956917
164.07219954648525
164.60625850340136
165.11709750566894
165.6279365079365
166.1619954648526
166.67283446712017
167.20689342403628
167.7409523809524
168.27501133786848
168.78585034013605
169.29668934240362
169.83074829931974
170.3415873015873
170.8756462585034
171.38648526077097
171.92054421768708
172.45460317460316
172.98866213151928
173.49950113378685
174.01034013605442
174.521179138322
175.03201814058957
175.4964172335601
175.96081632653062
176.44843537414965
176.98249433106577
177.51655328798185
178.05061224489796
178.56145124716554
179.0722902494331
179.6063492063492
180.11718820861677
180.62802721088434
181.16208616780045
181.71936507936508
182.23020408163265
182.76426303854876
183.27510204081634
183.7859410430839
184.29678004535148
184.83083900226757
185.34167800453514
185.78285714285715
186.22403628117914
186.7348752834467
187.26893424036282
187.8029931972789
188.31383219954648
188.8478911564626
189.35873015873017
189.89278911564625
190.40362811791383
190.9144671201814
191.3556462585034
191.7968253968254
192.3308843537415
192.84172335600908
193.37578231292517
193.90984126984128
194.42068027210885
194.95473922902494
195.4655782312925
195.97641723356008
196.48725623582766
196.92843537414967
197.36961451247166
197.90367346938777
198.34485260770975
198.78603174603174
199.2968707482993
199.83092970521542
200.3649886621315
200.85260770975057
201.3402267573696
201.80462585034013
202.2922448979592
202.80308390022677
203.31392290249434
203.84798185941042
204.358820861678
204.86965986394557
205.35727891156463
205.82167800453516
206.28607709750568
206.82013605442177
207.35419501133788
207.86503401360545
208.37587301587303
208.9099319727891
209.42077097505668
209.93160997732426
210.46566893424037
210.9532879818594
211.44090702947847
211.9285260770975
212.41614512471656
212.92698412698414
213.46104308390022
213.9718820861678
214.48272108843537
214.99356009070294
215.52761904761905
216.03845804988663
216.5725170068027
217.10657596371883
217.6174149659864
218.15147392290248
218.66231292517006
219.19637188208617
219.70721088435374
220.21804988662132
220.75210884353743
221.2861678004535
221.82022675736962
222.3310657596372
222.84190476190477
223.35274376417235
223.86358276643992
224.3744217687075
224.88526077097507
225.39609977324264
225.93015873015872
226.4409977324263
