0.2089795918367347
0.603718820861678
0.9752380952380952
1.3467573696145125
1.7414965986394557
2.1130158730158732
2.48453514739229
2.8560544217687074
3.2275736961451247
3.599092970521542
3.9706122448979593
4.365351473922902
4.73687074829932
5.108390022675737
5.479909297052155
5.851428571428571
6.222947845804988
6.594467120181406
6.989206349206349
7.360725623582766
7.732244897959184
8.103764172335602
8.475283446712018
8.846802721088435
9.241541950113378
9.613061224489796
9.984580498866213
10.356099773242631
10.727619047619047
11.099138321995465
11.493877551020407
11.865396825396825
12.236916099773243
12.60843537414966
12.956734693877552
13.351473922902494
13.746213151927437
14.094512471655328
14.466031746031746
14.86077097505669
15.232290249433106
15.603809523809524
15.975328798185942
16.34684807256236
16.718367346938777
17.08988662131519
17.484625850340137
17.856145124716555
18.22766439909297
18.599183673469387
18.970702947845805
19.365442176870747
19.71374149659864
20.085260770975058
20.48
20.851519274376418
21.223038548752836
21.59455782312925
21.966077097505668
22.360816326530614
22.732335600907028
23.103854875283446
23.475374149659864
23.84689342403628
24.2184126984127
24.589931972789117
24.98467120181406
25.356190476190477
25.727709750566895
26.09922902494331
26.470748299319727
26.865487528344673
27.237006802721087
27.608526077097505
27.980045351473922
28.374784580498865
28.746303854875283
29.094603174603176
29.466122448979593
29.860861678004536
30.232380952380954
30.580680272108843
30.975419501133786
31.37015873015873
31.741678004535146
32.113197278911564
32.48471655328798
32.8562358276644
33.22775510204082
33.599274376417235
33.97079365079365
34.365532879818595
34.73705215419501
35.10857142857143
35.48009070294785
35.851609977324266
36.22312925170068
36.617868480725626
36.989387755102044
37.36090702947846
37.73242630385487
38.10394557823129
38.47546485260771
38.846984126984125
39.21850340136054
39.613242630385486
39.9847619047619
40.35628117913832
40.72780045351474
41.09931972789116
41.470839002267574
41.86557823129252
42.237097505668935
42.60861678004535
42.98013605442177
43.35165532879819
43.723174603174606
44.09469387755102
44.46621315192744
44.83773242630385
45.2324716553288
45.60399092970521
45.97551020408163
46.34702947845805
46.718548752834465
47.11328798185941
47.484807256235825
47.85632653061224
48.22784580498866
48.59936507936508
48.99410430839002
49.36562358276644
49.73714285714286
50.108662131519274
50.48018140589569
50.85170068027211
51.24643990929705
51.61795918367347
51.98947845804989
52.360997732426306
52.73251700680272
53.10403628117914
53.47555555555556
53.8702947845805
54.24181405895692
54.61333333333334
54.98485260770975
55.356371882086165
55.72789115646258
56.099410430839
56.47092970521542
56.86566893424036
57.23718820861678
57.608707482993196
57.980226757369614
58.35174603174603
58.72326530612245
59.11800453514739
59.48952380952381
59.86104308390023
60.232562358276645
60.60408163265306
60.97560090702948
61.3471201814059
61.74185941043084
62.11337868480726
62.48489795918368
62.85641723356009
63.227936507936505
63.59945578231292
63.97097505668934
64.34249433106577
64.7372335600907
65.10875283446713
65.48027210884354
65.85179138321996
66.22331065759637
66.61804988662132
66.98956916099773
67.36108843537414
67.73260770975057
68.10412698412698
68.4756462585034
68.87038548752834
69.24190476190476
69.61342403628117
69.9849433106576
70.37968253968253
70.75120181405896
71.12272108843537
71.4942403628118
71.8657596371882
72.23727891156463
72.60879818594104
72.98031746031747
73.35183673469388
73.7233560090703
74.11809523809524
74.48961451247166
74.86113378684807
75.2326530612245
75.60417233560091
75.97569160997732
76.34721088435374
76.71873015873015
77.1134693877551
77.48498866213151
77.85650793650794
78.22802721088435
78.59954648526077
78.97106575963718
79.36580498866213
79.73732426303854
80.10884353741497
80.48036281179138
80.8518820861678
81.22340136054422
81.59492063492064
81.96643990929705
82.361179138322
82.73269841269841
83.10421768707484
83.47573696145125
83.84725623582766
84.21877551020408
84.61351473922902
84.98503401360544
85.35655328798185
85.72807256235828
86.09959183673469
86.47111111111111
86.86585034013605
87.23736961451247
87.60888888888888
87.95718820861678
88.3287074829932
88.72344671201814
89.09496598639456
89.46648526077098
89.86122448979592
90.20952380952382
90.60426303854875
90.97578231292518
91.34730158730159
91.71882086167801
92.09034013605442
92.48507936507937
92.85659863945578
93.2281179138322
93.59963718820862
93.97115646258503
94.34267573696145
94.73741496598639
95.10893424036281
95.48045351473922
95.85197278911565
96.22349206349206
96.59501133786848
96.9665306122449
97.33804988662132
97.73278911564626
98.10430839002268
98.47582766439909
98.84734693877552
99.21886621315193
99.59038548752835
99.96190476190476
100.35664399092971
100.72816326530612
101.09968253968253
101.47120181405896
101.84272108843537
102.23746031746032
102.60897959183673
102.98049886621315
103.35201814058956
103.72353741496599
104.0950566893424
104.46657596371882
104.86131519274376
105.23283446712018
105.6043537414966
105.97587301587302
106.34739229024943
106.71891156462586
107.09043083900227
107.48517006802722
107.85668934240363
108.22820861678005
108.59972789115646
108.97124716553287
109.3427664399093
109.71428571428571
110.10902494331066
110.48054421768707
110.8520634920635
111.2235827664399
111.59510204081633
111.96662131519274
112.36136054421769
112.7328798185941
113.10439909297052
113.47591836734694
113.84743764172336
114.2421768707483
114.61369614512472
114.98521541950113
115.35673469387756
115.72825396825397
116.09977324263039
116.4712925170068
116.84281179138323
117.23755102040816
117.60907029478459
117.980589569161
118.35210884353741
118.74684807256236
119.11836734693877
119.4898866213152
119.8614058956916
120.23292517006803
120.60444444444444
120.97596371882086
121.34748299319727
121.7190022675737
122.11374149659864
122.48526077097506
122.85678004535147
123.2282993197279
123.5998185941043
123.97133786848073
124.34285714285714
124.73759637188209
125.1091156462585
125.48063492063493
125.85215419501134
126.22367346938775
126.6184126984127
126.98993197278912
127.36145124716553
127.73297052154194
128.10448979591837
128.4760090702948
128.8475283446712
129.21904761904761
129.59056689342404
129.98530612244897
130.3568253968254
130.72834467120182
131.09986394557822
131.49460317460318
131.86612244897958
132.237641723356
132.60916099773243
132.98068027210886
133.35219954648525
133.72371882086168
134.0952380952381
134.4667573696145
134.83827664399092
135.2330158730159
135.60453514739228
135.9760544217687
136.34757369614513
136.71909297052153
137.1138321995465
137.4853514739229
137.85687074829931
138.22839002267574
138.59990929705216
138.97142857142856
139.36616780045352
139.73768707482992
140.10920634920635
140.48072562358277
140.8522448979592
141.24698412698413
141.61850340136056
141.99002267573695
142.36154195011338
142.7330612244898
143.10458049886623
143.47609977324262
143.84761904761905
144.24235827664398
144.6138775510204
144.98539682539683
145.35691609977323
145.72843537414965
146.09995464852608
146.4714739229025
146.8429931972789
147.23773242630386
147.60925170068026
147.98077097505669
148.3522902494331
148.72380952380954
149.09532879818593
149.4900680272109
149.8615873015873
150.23310657596372
150.60462585034014
150.97614512471657
151.34766439909296
151.7191836734694
152.11392290249432
152.48544217687075
152.85696145124717
153.2517006802721
153.62321995464853
153.99473922902493
154.36625850340135
154.73777777777778
155.1092970521542
155.4808163265306
155.85233560090703
156.22385487528345
156.6185941043084
156.9901133786848
157.36163265306124
157.73315192743763
158.10467120181406
158.47619047619048
158.8477097505669
159.2192290249433
159.5675283446712
159.9390476190476
160.31056689342404
160.68208616780046
161.05360544217686
161.47156462585033
161.84308390022676
162.2378231292517
162.60934240362812
162.98086167800454
163.35238095238094
163.72390022675737
164.0954195011338
164.46693877551022
164.86167800453515
165.23319727891158
165.60471655328797
165.9762358276644
166.34775510204082
166.71927437641725
167.09079365079364
167.4855328798186
167.857052154195
168.22857142857143
168.60009070294785
168.97160997732425
169.34312925170067
169.73786848072564
170.10938775510203
170.48090702947846
170.85242630385488
171.22394557823128
171.5954648526077
171.96698412698413
172.36172335600907
172.7332426303855
173.10476190476192
173.4762811791383
173.87102040816328
174.24253968253967
174.6140589569161
174.98557823129252
175.35709750566895
175.72861678004534
176.10013605442177
176.4716553287982
176.84317460317462
177.23791383219955
177.60943310657598
177.98095238095237
178.3524716553288
178.72399092970522
179.09551020408162
179.49024943310658
179.86176870748298
180.2332879818594
180.60480725623583
180.97632653061225
181.34784580498865
181.71936507936508
182.11410430839
182.48562358276644
182.85714285714286
183.2286621315193
183.60018140589568
183.9717006802721
184.34321995464853
184.73795918367347
185.1094784580499
185.48099773242632
185.8525170068027
186.22403628117914
186.61877551020407
186.9902947845805
187.36181405895692
187.73333333333332
188.10485260770974
188.47637188208617
188.8478911564626
189.219410430839
189.59092970521542
189.98566893424035
190.35718820861678
190.7287074829932
191.10022675736963
191.47174603174602
191.866485260771
192.23800453514738
192.6095238095238
192.98104308390023
193.35256235827666
193.72408163265305
194.09560090702948
194.4671201814059
194.86185941043084
195.23337868480726
195.60489795918366
195.97641723356008
196.37115646258502
196.74267573696144
197.11419501133787
197.4857142857143
197.8572335600907
198.22875283446712
198.60027210884354
198.97179138321997
199.34331065759636
199.73804988662133
200.10956916099772
200.45786848072564
200.85260770975057
201.224126984127
201.5956462585034
201.96716553287982
202.36190476190475
202.73342403628118
203.1049433106576
203.476462585034
203.84798185941042
204.21950113378685
204.59102040816327
204.96253968253967
205.35727891156463
205.72879818594103
206.10031746031746
206.47183673469388
206.8433560090703
