0.09287981859410431
0.5108390022675737
0.9752380952380952
1.4164172335600906
1.811156462585034
2.2291156462585033
2.693514739229025
3.1579138321995464
3.622312925170068
4.08671201814059
4.574331065759637
5.038730158730159
5.50312925170068
5.9675283446712015
6.431927437641724
6.896326530612245
7.383945578231293
7.848344671201814
8.312743764172335
8.777142857142858
9.241541950113378
9.729160997732427
10.193560090702947
10.65795918367347
11.122358276643991
11.586757369614512
12.051156462585034
12.538775510204081
13.003174603174603
13.467573696145125
13.931972789115646
14.396371882086168
14.883990929705215
15.348390022675737
15.81278911564626
16.27718820861678
16.764807256235827
17.22920634920635
17.69360544217687
18.15800453514739
18.622403628117915
19.086802721088436
19.551201814058956
20.038820861678005
20.503219954648525
20.96761904761905
21.43201814058957
21.89641723356009
22.38403628117914
22.84843537414966
23.312834467120183
23.777233560090703
24.264852607709752
24.729251700680273
25.193650793650793
25.658049886621317
26.122448979591837
26.586848072562358
27.074467120181406
27.538866213151927
28.003265306122447
28.46766439909297
28.93206349206349
29.396462585034012
29.88408163265306
30.34848072562358
30.812879818594105
31.277278911564625
31.741678004535146
32.229297052154195
32.69369614512472
33.158095238095235
33.62249433106576
34.08689342403628
34.57451247165533
35.03891156462585
35.50331065759637
35.9677097505669
36.432108843537414
36.91972789115646
37.384126984126986
37.8485260770975
38.31292517006803
38.77732426303855
39.24172335600907
39.70612244897959
40.19374149659864
40.658140589569165
41.12253968253968
41.586938775510205
42.05133786848072
42.53895691609977
43.003356009070295
43.46775510204082
43.932154195011336
44.39655328798186
44.88417233560091
45.348571428571425
45.81297052154195
46.27736961451247
46.76498866213152
47.22938775510204
47.69378684807256
48.15818594104309
48.6225850340136
49.08698412698413
49.55138321995465
50.03900226757369
50.50340136054422
50.96780045351474
51.43219954648526
51.89659863945578
52.38421768707483
52.848616780045354
53.31301587301587
53.777414965986395
54.24181405895692
54.706213151927436
55.193832199546485
55.65823129251701
56.122630385487525
56.58702947845805
57.05142857142857
57.53904761904762
58.00344671201814
58.46784580498866
58.93224489795919
59.396643990929704
59.88426303854875
60.348662131519276
60.81306122448979
61.27746031746032
61.67219954648526
62.0669387755102
62.461678004535145
62.92607709750567
63.39047619047619
63.85487528344671
64.31927437641724
64.78367346938775
65.2712925170068
65.73569160997732
66.17687074829932
66.66448979591837
67.1288888888889
67.5932879818594
68.05768707482993
68.54530612244898
69.0097052154195
69.47410430839003
69.93850340136055
70.40290249433106
70.89052154195011
71.35492063492063
71.81931972789116
72.28371882086168
72.77133786848073
73.23573696145125
73.70013605442176
74.16453514739229
74.62893424036281
75.09333333333333
75.58095238095238
76.0453514739229
76.50975056689343
76.92770975056689
77.34566893424036
77.78684807256236
78.22802721088435
78.66920634920635
79.11038548752835
79.57478458049887
80.03918367346938
80.5035827664399
80.96798185941043
81.43238095238095
81.92
82.38439909297053
82.84879818594105
83.31319727891156
83.77759637188208
84.26521541950113
84.72961451247166
85.19401360544218
85.6584126984127
86.12281179138321
86.58721088435374
87.07482993197279
87.53922902494331
88.00362811791383
88.46802721088436
88.93242630385488
89.42004535147392
89.88444444444444
90.34884353741496
90.81324263038549
91.27764172335601
91.74204081632654
92.20643990929705
92.6940589569161
93.15845804988662
93.62285714285714
94.08725623582767
94.57487528344672
95.03927437641724
95.50367346938775
95.96807256235827
96.4324716553288
96.89687074829932
97.38448979591837
97.8488888888889
98.3132879818594
98.77768707482993
99.26530612244898
99.7297052154195
100.19410430839002
100.65850340136055
101.12290249433107
101.58730158730158
102.07492063492063
102.53931972789115
103.00371882086168
103.4681179138322
103.93251700680273
104.39691609977324
104.88453514739228
105.34893424036281
105.81333333333333
106.27773242630386
106.7653514739229
107.22975056689343
107.69414965986394
108.20498866213151
108.73904761904762
109.2498866213152
109.7839455782313
110.27156462585035
110.73596371882086
111.20036281179138
111.68798185941043
112.15238095238095
112.61678004535148
113.081179138322
113.54557823129252
114.03319727891156
114.49759637188208
114.9619954648526
115.42639455782313
115.89079365079365
116.35519274376418
116.84281179138323
117.30721088435374
117.77160997732426
118.23600907029478
118.70040816326531
119.16480725623583
119.65242630385488
120.11682539682539
120.58122448979591
121.04562358276644
121.51002267573696
121.97442176870749
122.46204081632654
122.92643990929706
123.39083900226757
123.8552380952381
124.31963718820862
124.80725623582767
125.27165532879819
125.73605442176871
126.20045351473922
126.66485260770975
127.1524716553288
127.61687074829932
128.08126984126983
128.54566893424035
129.01006802721088
129.4744671201814
129.96208616780046
130.426485260771
130.89088435374148
131.3320634920635
131.75002267573697
132.19120181405896
132.60916099773243
133.0271201814059
133.4682993197279
133.93269841269841
134.39709750566894
134.88471655328797
135.3491156462585
135.81351473922902
136.27791383219954
136.74231292517007
137.2067120181406
137.69433106575963
138.15873015873015
138.62312925170068
139.0875283446712
139.55192743764172
140.03954648526076
140.50394557823128
140.9683446712018
141.43274376417233
141.9203628117914
142.38476190476192
142.84916099773244
143.31356009070294
143.77795918367346
144.26557823129252
144.72997732426305
145.19437641723357
145.6587755102041
146.1231746031746
146.5875736961451
147.05197278911564
147.5395918367347
148.00399092970522
148.46839002267575
148.93278911564627
149.4204081632653
149.88480725623583
150.34920634920636
150.81360544217688
151.2780045351474
151.76562358276644
152.23002267573696
152.69442176870749
153.158820861678
153.62321995464853
154.08761904761906
154.5752380952381
155.03963718820862
155.50403628117914
155.96843537414966
156.4328344671202
156.8972335600907
157.38485260770975
157.84925170068027
158.3136507936508
158.77804988662132
159.24244897959184
159.70684807256237
160.1944671201814
160.65886621315192
161.12326530612245
161.58766439909297
