0.06965986394557823
0.46439909297052157
0.8823582766439909
1.3003174603174603
1.7414965986394557
2.2058956916099772
2.670294784580499
3.1346938775510202
3.599092970521542
4.063492063492063
4.527891156462585
4.992290249433107
5.456689342403628
5.897868480725624
6.362267573696145
6.849886621315193
7.337505668934241
7.825124716553288
8.312743764172335
8.753922902494331
9.195102040816327
9.659501133786849
10.147120181405896
10.588299319727891
11.00625850340136
11.470657596371883
11.935056689342403
12.376235827664399
12.770975056689343
13.235374149659863
13.699773242630386
14.164172335600908
14.628571428571428
15.069750566893424
15.534149659863946
15.998548752834466
16.50938775510204
16.973786848072564
17.438185941043084
17.902585034013605
18.36698412698413
18.83138321995465
19.272562358276645
19.736961451247165
20.154920634920636
20.59609977324263
21.037278911564627
21.478458049886623
21.89641723356009
22.337596371882086
22.801995464852606
23.26639455782313
23.73079365079365
24.19519274376417
24.636371882086166
25.10077097505669
25.541950113378686
26.02956916099773
26.586848072562358
27.144126984126984
27.631746031746033
28.16580498866213
28.63020408163265
29.094603174603176
29.53578231292517
30.00018140589569
30.418140589569163
30.83609977324263
31.230839002267572
31.71845804988662
32.229297052154195
32.69369614512472
33.158095238095235
33.62249433106576
34.08689342403628
34.528072562358275
34.94603174603174
35.43365079365079
35.898049886621315
36.36244897959184
36.85006802721088
37.314467120181405
37.77886621315193
38.22004535147392
38.638004535147395
39.12562358276644
39.63646258503401
40.100861678004534
40.56526077097506
41.00643990929705
41.4940589569161
41.95845804988662
42.42285714285714
42.86403628117914
43.30521541950113
43.79283446712018
44.257233560090704
44.698412698412696
45.16281179138322
45.60399092970521
46.04517006802721
46.53278911564626
46.99718820861678
47.4615873015873
47.925986394557825
48.39038548752834
48.83156462585034
49.295963718820865
49.76036281179138
50.224761904761905
50.6659410430839
51.13034013605442
51.57151927437642
52.05913832199546
52.54675736961451
53.03437641723356
53.47555555555556
53.939954648526076
54.381133786848075
54.84553287981859
55.309931972789116
55.77433106575964
56.23873015873016
56.70312925170068
57.167528344671204
57.63192743764172
58.096326530612245
58.53750566893424
59.00190476190476
59.466303854875285
59.9307029478458
60.395102040816326
60.85950113378685
61.30068027210884
61.78829931972789
62.252698412698415
62.69387755102041
63.227936507936505
63.69233560090703
64.15673469387755
64.62113378684808
65.06231292517006
65.50349206349206
65.96789115646258
66.40907029478458
66.85024943310657
67.3146485260771
67.77904761904762
68.24344671201814
68.70784580498866
69.17224489795919
69.61342403628117
70.0778231292517
70.54222222222222
71.00662131519275
71.47102040816327
71.9354195011338
72.3998185941043
72.86421768707483
73.32861678004535
73.76979591836735
74.23419501133787
74.69859410430838
75.16299319727891
75.62739229024943
76.09179138321996
76.55619047619048
76.99736961451246
77.46176870748299
77.92616780045351
78.39056689342404
78.85496598639456
79.31936507936508
79.7837641723356
80.2249433106576
80.68934240362812
81.15374149659864
81.61814058956917
82.08253968253969
82.5469387755102
83.01133786848072
83.47573696145125
83.94013605442177
84.38131519274377
84.84571428571428
85.3101133786848
85.77451247165533
86.23891156462585
86.70331065759638
87.1677097505669
87.63210884353741
88.09650793650793
88.56090702947846
89.00208616780046
89.46648526077098
89.93088435374149
90.39528344671201
90.83646258503401
91.30086167800454
91.76526077097506
92.22965986394559
92.6940589569161
93.15845804988662
93.62285714285714
94.08725623582767
94.55165532879819
95.03927437641724
95.57333333333334
96.15383219954649
96.61823129251701
97.08263038548753
97.54702947845804
98.01142857142857
98.47582766439909
98.91700680272109
99.2885260770975
99.7297052154195
100.31020408163265
100.77460317460317
101.2390022675737
101.70340136054422
102.14458049886622
102.60897959183673
103.07337868480725
103.53777777777778
104.0021768707483
104.46657596371882
104.93097505668935
105.39537414965986
105.83655328798186
106.30095238095238
106.67247165532879
107.11365079365079
107.69414965986394
108.15854875283446
108.62294784580499
109.08734693877551
109.55174603174603
109.99292517006803
110.48054421768707
110.94494331065759
111.38612244897959
111.85052154195012
112.31492063492064
112.77931972789116
113.24371882086167
113.7081179138322
114.1492970521542
114.61369614512472
115.07809523809524
115.54249433106575
116.00689342403628
116.4712925170068
116.93569160997733
117.40009070294785
117.84126984126983
118.21278911564626
118.56108843537415
119.00226757369614
119.46666666666667
119.93106575963719
120.39546485260772
120.85986394557823
121.32426303854875
121.76544217687075
122.22984126984127
122.6942403628118
123.18185941043085
123.62303854875283
124.08743764172335
124.55183673469388
125.0162358276644
125.48063492063493
125.94503401360544
126.40943310657596
126.87383219954648
127.33823129251701
127.80263038548753
128.24380952380952
128.661768707483
129.07972789115647
129.544126984127
130.03174603174602
130.5193650793651
131.00698412698412
131.47138321995465
131.9590022675737
132.4234013605442
132.86458049886622
133.3057596371882
133.77015873015873
134.2577777777778
134.69895691609977
135.14013605442176
135.60453514739228
136.0457142857143
136.48689342403628
136.9512925170068
137.41569160997733
137.88009070294785
138.32126984126984
138.78566893424036
139.2732879818594
139.7144671201814
140.20208616780045
140.66648526077097
141.1308843537415
141.59528344671202
142.036462585034
142.52408163265306
142.9884807256236
143.47609977324262
143.94049886621315
144.4281179138322
144.8692970521542
145.33369614512472
145.79809523809524
146.26249433106577
146.7268934240363
147.16807256235828
147.6324716553288
148.09687074829932
148.58448979591836
149.02566893424037
149.4900680272109
149.93124716553288
150.3956462585034
150.81360544217688
151.2780045351474
151.74240362811793
152.1835827664399
152.64798185941044
153.13560090702947
153.57678004535148
154.01795918367347
154.482358276644
154.99319727891157
155.4808163265306
155.94521541950112
156.38639455782314
156.85079365079366
157.29197278911565
157.75637188208617
158.2207709750567
158.68517006802722
159.14956916099774
159.61396825396827
160.07836734693876
160.56598639455783
161.05360544217686
161.51800453514738
161.9824036281179
162.44680272108843
162.91120181405896
163.35238095238094
163.79356009070295
164.23473922902494
164.67591836734695
165.11709750566894
165.58149659863946
166.04589569160999
166.5102947845805
166.99791383219954
167.46231292517007
167.9267120181406
168.36789115646258
168.8090702947846
169.25024943310657
169.7146485260771
170.20226757369613
170.6898866213152
171.15428571428572
171.61868480725624
172.08308390022677
172.5474829931973
173.03510204081633
173.4762811791383
173.94068027210884
174.40507936507936
174.89269841269842
175.3338775510204
175.7750566893424
176.23945578231292
176.72707482993198
177.16825396825396
177.6326530612245
178.097052154195
178.56145124716554
179.00263038548752
179.46702947845804
179.93142857142857
180.3958276643991
180.86022675736962
181.32462585034014
181.78902494331066
182.20698412698414
182.62494331065759
183.0893424036281
183.55374149659863
184.01814058956916
184.48253968253968
184.99337868480725
185.48099773242632
185.9453968253968
186.40979591836734
186.85097505668935
187.31537414965987
187.7797732426304
188.2441723356009
188.70857142857142
189.14975056689343
189.61414965986395
190.07854875283448
190.542947845805
191.0073469387755
191.47174603174602
191.93614512471655
192.40054421768707
192.8649433106576
193.32934240362812
193.7705215419501
194.23492063492063
194.69931972789115
195.16371882086167
195.6281179138322
196.09251700680272
196.55691609977325
197.02131519274377
197.4857142857143
197.92689342403628
198.3912925170068
198.85569160997733
199.32009070294785
199.78448979591838
200.2488888888889
200.69006802721088
201.1544671201814
201.61886621315193
202.08326530612246
202.54766439909298
203.0120634920635
203.476462585034
203.94086167800452
204.40526077097505
204.86965986394557
205.31083900226758
205.7752380952381
206.2396371882086
206.70403628117913
207.16843537414965
207.63283446712018
208.0740136054422
208.53841269841269
209.0028117913832
209.46721088435373
209.93160997732426
210.39600907029478
210.83718820861677
211.32480725623583
211.78920634920635
212.23038548752834
212.69478458049886
213.15918367346939
213.6235827664399
214.08798185941043
214.55238095238096
