0.23219954648526078
0.6733786848072563
1.1377777777777778
1.5789569160997732
2.043356009070295
2.48453514739229
2.9257142857142857
3.3668934240362813
3.8080725623582765
4.272471655328798
4.713650793650793
5.178049886621316
5.61922902494331
6.060408163265306
6.501587301587302
6.965986394557823
7.4071655328798185
7.848344671201814
8.289523809523809
8.753922902494331
9.195102040816327
9.636281179138322
10.077460317460318
10.541859410430838
10.983038548752834
11.42421768707483
11.888616780045352
12.329795918367347
12.770975056689343
13.235374149659863
13.676553287981859
14.117732426303855
14.582131519274377
15.023310657596372
15.441269841269841
15.928888888888888
16.370068027210884
16.81124716553288
17.252426303854875
17.716825396825396
18.15800453514739
18.599183673469387
19.06358276643991
19.504761904761907
19.9459410430839
20.387120181405894
20.851519274376418
21.292698412698414
21.73387755102041
22.175056689342405
22.639455782312925
23.08063492063492
23.521814058956917
23.962993197278912
24.427392290249433
24.891791383219953
25.33297052154195
25.75092970521542
26.21532879818594
26.656507936507936
27.12090702947846
27.562086167800455
28.003265306122447
28.46766439909297
28.88562358276644
29.280362811791385
29.791201814058958
30.25560090702948
30.743219954648527
31.161179138321994
31.579138321995465
32.02031746031746
32.46149659863946
32.92589569160998
33.3902947845805
33.8314739229025
34.29587301587301
34.73705215419501
35.178231292517005
35.619410430839004
36.060589569160996
36.501768707482995
36.96616780045351
37.40734693877551
37.8485260770975
38.2897052154195
38.75410430839002
39.19528344671202
39.63646258503401
40.100861678004534
40.542040816326534
41.00643990929705
41.44761904761905
41.88879818594104
42.32997732426304
42.77115646258503
43.23555555555556
43.699954648526074
44.14113378684807
44.6055328798186
45.04671201814059
45.48789115646259
45.92907029478458
46.37024943310658
46.81142857142857
47.275827664399095
47.71700680272109
48.15818594104309
48.6225850340136
49.0637641723356
49.504943310657595
49.946122448979594
50.387301587301586
50.828480725623585
51.2928798185941
51.757278911564626
52.19845804988662
52.63963718820862
53.08081632653061
53.52199546485261
53.9631746031746
54.427573696145124
54.868752834467124
55.309931972789116
55.77433106575964
56.21551020408163
56.679909297052156
57.12108843537415
57.56226757369615
57.980226757369614
58.44462585034014
58.909024943310655
59.37342403628118
59.81460317460318
60.25578231292517
60.69696145124716
61.13814058956916
61.602539682539685
62.04371882086168
62.48489795918368
62.92607709750567
63.39047619047619
63.831655328798185
64.2960544217687
64.7372335600907
65.1784126984127
65.64281179138322
66.08399092970521
66.52517006802721
66.96634920634921
67.43074829931973
67.87192743764173
68.31310657596372
68.77750566893424
69.21868480725624
69.65986394557824
70.10104308390022
70.54222222222222
71.00662131519275
71.44780045351474
71.88897959183673
72.35337868480725
72.79455782312925
73.23573696145125
73.67691609977324
74.11809523809524
74.58249433106576
75.02367346938776
75.46485260770974
75.92925170068027
76.37043083900227
76.81160997732427
77.25278911564625
77.71718820861678
78.15836734693877
78.59954648526077
79.04072562358277
79.50512471655328
79.94630385487528
80.38748299319728
80.82866213151928
81.29306122448979
81.73424036281179
82.17541950113379
82.63981859410431
83.0809977324263
83.5221768707483
83.98657596371882
84.42775510204082
84.86893424036282
85.33333333333333
85.79773242630385
86.23891156462585
86.68009070294785
87.12126984126984
87.58566893424036
88.02684807256236
88.46802721088436
88.90920634920634
89.37360544217687
89.81478458049887
90.25596371882087
90.69714285714285
91.13832199546485
91.60272108843537
92.04390022675737
92.48507936507937
92.92625850340136
93.39065759637188
93.80861678004536
94.27301587301588
94.73741496598639
95.17859410430839
95.61977324263039
96.06095238095239
96.5253514739229
96.9665306122449
97.4077097505669
97.87210884353742
98.3132879818594
98.7544671201814
99.1956462585034
99.66004535147393
100.07800453514739
100.51918367346939
100.98358276643991
101.44798185941043
101.91238095238096
102.35356009070294
102.79473922902494
103.23591836734694
103.70031746031746
104.14149659863945
104.58267573696145
105.02385487528345
105.48825396825397
105.92943310657597
106.37061224489796
106.81179138321995
107.25297052154195
107.69414965986394
108.13532879818594
108.57650793650794
109.04090702947846
109.48208616780046
109.94648526077097
110.4108843537415
110.8520634920635
111.29324263038549
111.757641723356
112.198820861678
112.64
113.081179138322
113.52235827664398
113.98675736961451
114.45115646258503
114.8691156462585
115.31029478458049
115.77469387755102
116.21587301587302
116.68027210884354
117.12145124716554
117.56263038548752
118.02702947845805
118.46820861678005
118.90938775510205
119.35056689342403
119.81496598639455
120.23292517006803
120.69732426303855
121.13850340136054
121.60290249433106
122.04408163265306
122.48526077097506
122.94965986394558
123.39083900226757
123.83201814058957
124.27319727891157
124.73759637188209
125.17877551020408
125.61995464852608
126.0843537414966
126.5255328798186
126.96671201814058
127.40789115646258
127.84907029478458
128.3134693877551
128.77786848072563
129.21904761904761
129.66022675736963
130.1014058956916
130.5425850340136
130.9837641723356
131.40172335600906
131.88934240362812
132.35374149659864
132.79492063492063
133.23609977324264
133.67727891156463
134.1184580498866
134.55963718820863
135.0008163265306
135.46521541950113
135.90639455782312
136.3243537414966
136.74231292517007
137.25315192743764
137.71755102040817
138.15873015873015
138.62312925170068
139.0643083900227
139.50548752834467
139.94666666666666
140.38784580498867
140.8522448979592
141.3166439909297
141.7578231292517
142.1990022675737
142.6401814058957
143.0813605442177
143.52253968253967
143.9637188208617
144.4281179138322
144.8692970521542
145.31047619047618
145.7748752834467
146.21605442176872
146.68045351473924
147.12163265306123
147.58603174603175
148.02721088435374
148.46839002267575
148.90956916099773
149.35074829931972
149.79192743764173
150.25632653061226
150.69750566893424
151.13868480725623
151.60308390022675
152.04426303854876
152.48544217687075
152.92662131519273
153.36780045351475
153.83219954648527
154.27337868480726
154.73777777777778
155.17895691609976
155.62013605442178
156.06131519274376
156.50249433106575
156.96689342403627
157.40807256235829
157.84925170068027
158.3136507936508
158.75482993197278
159.2192290249433
159.66040816326532
160.1015873015873
160.5427664399093
161.0071655328798
161.44834467120182
161.8895238095238
162.35392290249433
162.79510204081632
163.23628117913833
163.67746031746032
164.1186394557823
164.58303854875282
165.02421768707484
165.46539682539682
165.92979591836735
166.37097505668933
166.83537414965986
167.27655328798187
167.71773242630385
168.15891156462584
168.60009070294785
169.06448979591838
169.50566893424036
169.97006802721089
170.41124716553287
170.85242630385488
171.29360544217687
171.7580045351474
172.19918367346938
172.6403628117914
173.08154195011338
173.52272108843536
173.98712018140588
174.4282993197279
174.86947845804988
175.31065759637187
175.7750566893424
176.23945578231292
176.68063492063493
177.12181405895691
177.5629931972789
178.0041723356009
178.46857142857144
178.90975056689342
179.3509297052154
179.79210884353742
180.25650793650794
180.69768707482993
181.1388662131519
181.58004535147393
182.04444444444445
182.48562358276644
182.92680272108842
183.39120181405895
183.83238095238096
184.29678004535148
184.73795918367347
185.17913832199545
185.62031746031747
186.084716553288
186.52589569160997
186.96707482993196
187.40825396825397
187.8726530612245
188.31383219954648
188.75501133786847
189.19619047619048
189.660589569161
190.101768707483
190.542947845805
190.984126984127
191.4485260770975
191.8897052154195
192.3308843537415
192.795283446712
193.23646258503402
193.677641723356
194.14204081632653
194.5832199546485
195.02439909297053
195.4655782312925
195.92997732426304
196.37115646258502
196.81233560090703
197.25351473922902
197.71791383219954
198.15909297052156
198.62349206349205
199.06467120181406
199.50585034013605
199.94702947845806
200.38820861678005
200.85260770975057
201.29378684807256
201.73496598639457
202.17614512471656
202.61732426303854
203.08172335600906
203.52290249433108
203.98730158730157
204.4284807256236
204.8928798185941
205.3340589569161
205.7752380952381
206.2164172335601
206.65759637188208
207.1219954648526
207.56317460317462
208.0043537414966
208.46875283446713
208.9099319727891
209.35111111111112
209.81551020408162
210.25668934240363
210.69786848072562
211.1158276643991
211.58022675736962
212.04462585034014
212.48580498866212
212.92698412698414
213.39138321995466
213.83256235827665
214.27374149659863
214.71492063492065
215.15609977324263
215.62049886621315
216.06167800453514
216.52607709750566
216.96725623582768
217.40843537414966
217.84961451247165
