0.2089795918367347
0.6965986394557823
1.18421768707483
1.6486167800453515
2.136235827664399
2.6238548752834467
3.111473922902494
3.599092970521542
4.08671201814059
4.551111111111111
5.015510204081632
5.50312925170068
5.9675283446712015
6.455147392290249
6.942766439909297
7.430385487528345
7.918004535147392
8.359183673469389
8.846802721088435
9.334421768707482
9.822040816326531
10.309659863945578
10.7740589569161
11.377777777777778
11.95827664399093
12.469115646258503
12.956734693877552
13.444353741496599
13.908752834467121
14.396371882086168
14.86077097505669
15.301950113378684
15.789569160997733
16.300408163265306
16.764807256235827
17.2756462585034
17.740045351473924
18.22766439909297
18.692063492063493
19.202902494331067
19.690521541950112
20.17814058956916
20.619319727891156
21.106938775510205
21.61777777777778
22.0821768707483
22.54657596371882
23.127074829931974
23.73079365079365
24.241632653061224
24.729251700680273
25.193650793650793
25.68126984126984
26.16888888888889
26.656507936507936
27.12090702947846
27.608526077097505
28.07292517006803
28.560544217687074
29.048163265306123
29.512562358276643
29.976961451247167
30.464580498866212
30.95219954648526
31.41659863945578
31.90421768707483
32.391836734693875
32.8562358276644
33.34385487528345
33.8314739229025
34.319092970521545
34.78349206349206
35.294331065759636
35.75873015873016
36.22312925170068
36.6875283446712
37.198367346938774
37.6627664399093
38.15038548752835
38.638004535147395
39.12562358276644
39.59002267573696
40.054421768707485
40.56526077097506
41.029659863945575
41.517278911564624
42.00489795918367
42.4692970521542
42.93369614512471
43.42131519274376
43.90893424036281
44.373333333333335
44.860952380952384
45.348571428571425
45.81297052154195
46.300589569161
46.76498866213152
47.22938775510204
47.71700680272109
48.204625850340136
48.692244897959185
49.179863945578234
49.66748299319728
50.1318820861678
50.61950113378685
51.08390022675737
51.57151927437642
52.05913832199546
52.54675736961451
53.03437641723356
53.52199546485261
53.98639455782313
54.474013605442174
54.96163265306122
55.44925170068027
55.913650793650795
56.401269841269844
56.888888888888886
57.376507936507934
57.84090702947846
58.30530612244898
58.792925170068024
59.25732426303855
59.72172335600907
60.20934240362812
60.69696145124716
61.207800453514736
61.67219954648526
62.15981859410431
62.64743764172336
63.111836734693874
63.5762358276644
64.06385487528345
64.55147392290249
65.03909297052154
65.50349206349206
65.99111111111111
66.47873015873016
66.94312925170068
67.4075283446712
67.91836734693878
68.40598639455783
68.87038548752834
69.33478458049886
69.84562358276644
70.33324263038548
70.79764172335601
71.28526077097506
71.7728798185941
72.23727891156463
72.72489795918368
73.18929705215419
73.65369614512471
74.16453514739229
74.65215419501133
75.11655328798186
75.58095238095238
76.06857142857143
76.55619047619048
77.020589569161
77.50820861678004
77.99582766439909
78.46022675736961
78.94784580498866
79.43546485260771
79.89986394557823
80.38748299319728
80.87510204081633
81.36272108843538
81.8271201814059
82.29151927437641
82.77913832199546
83.26675736961451
83.75437641723356
84.24199546485261
84.70639455782313
85.19401360544218
85.6584126984127
86.14603174603175
86.61043083900226
87.09804988662131
87.58566893424036
88.07328798185941
88.53768707482993
89.02530612244898
89.4897052154195
89.97732426303855
90.4649433106576
90.95256235827664
91.41696145124716
91.90458049886621
92.39219954648526
92.87981859410431
93.34421768707483
93.83183673469388
94.31945578231293
94.80707482993198
95.2714739229025
95.73587301587301
96.22349206349206
96.71111111111111
97.19873015873016
97.6863492063492
98.15074829931973
98.63836734693878
99.12598639455783
99.59038548752835
100.05478458049886
100.54240362811791
101.03002267573696
101.51764172335601
102.00526077097506
102.46965986394558
102.95727891156463
103.44489795918368
103.9092970521542
104.39691609977324
104.88453514739228
105.34893424036281
105.81333333333333
106.3241723356009
106.78857142857143
107.27619047619048
107.76380952380953
108.22820861678005
108.69260770975056
109.20344671201813
109.66784580498866
110.13224489795918
110.64308390022676
111.10748299319728
111.59510204081633
112.05950113378685
112.5471201814059
113.03473922902495
113.52235827664398
113.98675736961451
114.47437641723356
114.93877551020408
115.42639455782313
115.91401360544218
116.40163265306123
116.88925170068028
117.3536507936508
117.84126984126983
118.30566893424036
118.77006802721088
119.25768707482993
119.72208616780046
120.2097052154195
120.69732426303855
121.20816326530613
121.67256235827665
122.16018140589568
122.62458049886621
123.11219954648526
123.5998185941043
124.08743764172335
124.5750566893424
125.03945578231293
125.50385487528345
125.9914739229025
126.47909297052155
126.94349206349206
127.43111111111111
127.91873015873016
128.3831292517007
128.87074829931973
129.35836734693876
129.84598639455783
130.31038548752835
130.79800453514738
131.28562358276645
131.75002267573697
132.237641723356
132.72526077097507
133.18965986394556
133.67727891156463
134.14167800453515
134.6292970521542
135.11691609977325
135.60453514739228
136.0689342403628
136.55655328798187
137.0209523809524
137.50857142857143
137.99619047619046
138.460589569161
138.94820861678005
139.43582766439908
139.9002267573696
140.38784580498867
140.8754648526077
141.33986394557823
141.82748299319726
142.31510204081633
