0.0
0.34829931972789113
0.7198185941043084
1.0448979591836736
1.4164172335600906
1.7414965986394557
2.089795918367347
2.4380952380952383
2.786394557823129
3.111473922902494
3.4597732426303853
3.8080725623582765
4.156371882086168
4.504671201814059
4.85297052154195
5.201269841269841
5.5495691609977325
5.897868480725624
6.222947845804988
6.5712471655328795
6.919546485260771
7.267845804988662
7.592925170068027
7.9412244897959186
8.289523809523809
8.6378231292517
8.986122448979591
9.334421768707482
9.682721088435374
10.031020408163265
10.379319727891156
10.704399092970522
11.052698412698414
11.400997732426303
11.749297052154194
12.097596371882085
12.445895691609977
12.794195011337868
13.119274376417234
13.467573696145125
13.815873015873017
14.140952380952381
14.489251700680272
14.837551020408164
15.185850340136055
15.534149659863946
15.882448979591837
16.23074829931973
16.579047619047618
16.904126984126986
17.252426303854875
17.57750566893424
17.949024943310658
18.274104308390022
18.64562358276644
18.99392290249433
19.342222222222222
19.690521541950112
20.01560090702948
20.36390022675737
20.712199546485262
21.060498866213152
21.408798185941045
21.757097505668934
22.0821768707483
22.430476190476192
22.77877551020408
23.103854875283446
23.45215419501134
23.777233560090703
24.14875283446712
24.49705215419501
24.845351473922904
25.193650793650793
25.541950113378686
25.890249433106575
26.23854875283447
26.586848072562358
26.93514739229025
27.28344671201814
27.631746031746033
27.956825396825398
28.305124716553287
28.606984126984127
28.93206349206349
29.280362811791385
29.6518820861678
30.023401360544216
30.37170068027211
30.72
31.068299319727892
31.393378684807256
31.741678004535146
32.08997732426304
32.43827664399093
32.78657596371882
33.13487528344671
33.483174603174604
33.80825396825397
34.15655328798186
34.50485260770975
34.853151927437644
35.20145124716553
35.5265306122449
35.87482993197279
36.22312925170068
36.57142857142857
36.91972789115646
37.268027210884355
37.61632653061225
37.964625850340134
38.2897052154195
38.638004535147395
38.98630385487528
39.334603174603174
39.65968253968254
40.03120181405896
40.379501133786846
40.72780045351474
41.07609977324263
41.424399092970525
41.77269841269841
42.120997732426304
42.44607709750567
42.79437641723356
43.14267573696145
43.490975056689344
43.816054421768705
44.1643537414966
44.535873015873015
44.860952380952384
45.186031746031745
45.53433106575964
45.88263038548753
46.23092970521542
46.57922902494331
46.9275283446712
47.25260770975056
47.62412698412698
47.972426303854874
48.32072562358277
48.66902494331066
48.99410430839002
49.342403628117914
49.69070294784581
50.03900226757369
50.36408163265306
50.712380952380954
51.08390022675737
51.43219954648526
51.78049886621315
52.10557823129252
52.453877551020405
52.8021768707483
53.15047619047619
53.47555555555556
53.823854875283445
54.17215419501134
54.52045351473923
54.84553287981859
55.193832199546485
55.54213151927438
55.89043083900227
56.23873015873016
56.58702947845805
56.93532879818594
57.2604081632653
57.608707482993196
57.95700680272109
58.30530612244898
58.63038548752834
58.978684807256236
59.32698412698413
59.675283446712015
60.02358276643991
60.348662131519276
60.69696145124716
61.045260770975055
61.39356009070295
61.74185941043084
62.09015873015873
62.43845804988662
62.78675736961451
63.135056689342406
63.48335600907029
63.80843537414966
64.15673469387755
64.50503401360544
64.85333333333334
65.20163265306122
65.54993197278911
65.87501133786849
66.22331065759637
66.57160997732426
66.91990929705216
67.26820861678004
67.61650793650794
67.9415873015873
68.28988662131519
68.63818594104309
68.98648526077098
69.31156462585034
69.65986394557824
70.00816326530612
70.35646258503401
70.70476190476191
71.0530612244898
71.37814058956916
71.72643990929706
72.07473922902494
72.42303854875283
72.77133786848073
73.11963718820861
73.44471655328798
73.8162358276644
74.16453514739229
74.51283446712019
74.86113378684807
75.20943310657596
75.53451247165533
75.88281179138322
76.20789115646258
76.55619047619048
76.90448979591837
77.25278911564625
77.62430839002268
77.94938775510204
78.29768707482994
78.64598639455782
78.99428571428571
79.34258503401361
79.66766439909297
80.03918367346938
80.38748299319728
80.71256235827664
81.06086167800453
81.40916099773243
81.75746031746031
82.10575963718821
82.43083900226758
82.80235827664399
83.15065759637189
83.47573696145125
83.82403628117913
84.17233560090703
84.52063492063492
84.86893424036282
85.2172335600907
85.56553287981859
85.91383219954649
86.23891156462585
86.58721088435374
86.93551020408164
87.28380952380952
87.63210884353741
87.95718820861678
88.30548752834467
88.65378684807256
88.97886621315193
89.32716553287982
89.6754648526077
90.00054421768708
90.34884353741496
90.69714285714285
91.02222222222223
91.39374149659864
91.74204081632654
92.09034013605442
92.43863945578231
92.78693877551021
93.1352380952381
93.46031746031746
93.80861678004536
94.15691609977324
94.50521541950113
94.8302947845805
95.20181405895691
95.52689342403629
95.87519274376417
96.22349206349206
96.57179138321996
96.94331065759637
97.29160997732426
97.61668934240363
97.96498866213152
98.3132879818594
98.6615873015873
99.00988662131519
99.35818594104309
99.68326530612245
100.03156462585034
100.37986394557824
100.72816326530612
101.07646258503401
101.42476190476191
101.74984126984127
102.09814058956916
102.44643990929706
102.79473922902494
103.14303854875284
103.49133786848073
103.83963718820861
104.18793650793651
104.51301587301587
104.86131519274376
105.20961451247166
105.55791383219955
105.8829931972789
106.25451247165533
106.60281179138322
106.92789115646258
107.27619047619048
107.62448979591836
107.97278911564626
108.32108843537415
108.64616780045351
108.99446712018141
109.36598639455782
109.69106575963718
110.03936507936508
110.38766439909297
110.73596371882086
111.06104308390023
111.38612244897959
111.757641723356
112.1059410430839
112.45424036281179
112.77931972789116
113.12761904761905
113.47591836734694
113.82421768707484
114.17251700680272
114.5208163265306
114.8691156462585
115.21741496598639
115.54249433106575
115.89079365079365
116.23909297052154
116.58739229024944
116.9124716553288
117.28399092970521
117.63229024943311
117.980589569161
118.30566893424036
118.65396825396826
119.00226757369614
119.35056689342403
119.69886621315193
120.04716553287982
120.39546485260772
120.72054421768708
121.06884353741496
121.41714285714286
121.76544217687075
122.09052154195011
122.43882086167801
122.7871201814059
123.13541950113378
123.48371882086168
123.83201814058957
124.18031746031745
124.52861678004535
124.87691609977324
125.2019954648526
125.5502947845805
125.92181405895691
126.24689342403629
126.59519274376417
126.94349206349206
127.26857142857143
127.61687074829932
127.9651700680272
128.3134693877551
128.63854875283448
128.98684807256237
129.3119274376417
129.68344671201814
130.0085260770975
130.3568253968254
130.70512471655329
131.05342403628117
131.40172335600906
131.75002267573697
132.07510204081632
132.44662131519274
132.79492063492063
133.12
133.44507936507935
133.81659863945578
134.14167800453515
134.48997732426304
134.83827664399092
135.1865759637188
135.53487528344672
135.85995464852607
136.20825396825396
136.55655328798187
136.92807256235827
137.25315192743764
137.57823129251702
137.9497505668934
138.29804988662133
138.6463492063492
138.97142857142856
139.31972789115648
139.66802721088436
139.9931065759637
140.34140589569162
140.6897052154195
141.01478458049885
141.36308390022677
141.71138321995466
142.08290249433108
142.43120181405897
142.7562811791383
143.10458049886623
143.4528798185941
143.801179138322
144.14947845804988
144.47455782312926
144.84607709750566
145.17115646258503
145.54267573696146
145.89097505668934
146.21605442176872
146.5643537414966
146.9126530612245
147.23773242630386
147.58603174603175
147.93433106575964
148.28263038548752
148.6309297052154
148.97922902494332
149.3275283446712
149.65260770975055
150.00090702947847
150.34920634920636
150.69750566893424
151.04580498866213
151.39410430839
