0.09287981859410431
0.6501587301587302
1.3699773242630386
2.020136054421769
2.670294784580499
3.274013605442177
3.9938321995464854
4.713650793650793
5.38702947845805
6.060408163265306
6.757006802721088
7.500045351473923
8.150204081632653
8.846802721088435
9.543401360544218
10.263219954648527
10.936598639455783
11.609977324263038
12.30657596371882
13.049614512471654
13.699773242630386
14.396371882086168
15.09297052154195
15.74312925170068
16.486167800453515
17.182766439909297
17.856145124716555
18.575963718820862
19.249342403628116
19.969160997732427
20.64253968253968
21.36235827664399
22.01251700680272
22.732335600907028
23.405714285714286
24.125532879818593
24.79891156462585
25.495510204081633
26.192108843537415
26.911927437641722
27.58530612244898
28.258684807256238
28.955283446712016
29.675102040816327
30.34848072562358
31.045079365079363
31.741678004535146
32.43827664399093
33.111655328798186
33.80825396825397
34.50485260770975
35.22467120181406
35.898049886621315
36.594648526077094
37.29124716553288
37.94140589569161
38.66122448979592
39.3578231292517
40.054421768707485
40.68136054421769
41.424399092970525
42.0281179138322
42.72471655328798
43.44453514739229
44.09469387755102
44.7912925170068
45.60399092970521
46.20770975056689
46.99718820861678
47.69378684807256
48.39038548752834
49.08698412698413
49.76036281179138
50.45696145124717
51.153560090702946
51.85015873015873
52.54675736961451
53.2433560090703
53.939954648526076
54.61333333333334
55.309931972789116
55.98331065759637
56.70312925170068
57.42294784580499
58.096326530612245
58.792925170068024
59.48952380952381
60.162902494331064
60.85950113378685
61.55609977324263
62.252698412698415
62.94929705215419
63.64589569160998
64.34249433106577
65.01587301587301
65.7124716553288
66.40907029478458
67.15210884353742
67.80226757369614
68.49886621315193
69.19546485260771
69.89206349206349
70.58866213151927
71.30848072562358
71.95863945578232
72.65523809523809
73.35183673469388
74.04843537414966
74.74503401360545
75.44163265306122
76.138231292517
76.85804988662132
77.53142857142858
78.22802721088435
78.90140589569161
79.62122448979592
80.29460317460317
80.99120181405895
81.68780045351474
82.38439909297053
83.05777777777777
83.75437641723356
84.45097505668934
85.14757369614513
85.8441723356009
86.51755102040816
87.21414965986395
87.93396825396826
88.6073469387755
89.32716553287982
90.00054421768708
90.72036281179139
91.39374149659864
92.09034013605442
92.78693877551021
93.50675736961452
94.18013605442177
94.87673469387755
95.55011337868481
96.26993197278911
96.94331065759637
97.63990929705216
98.33650793650794
99.05632653061224
99.70648526077098
100.40308390022676
101.09968253968253
101.81950113378684
102.4928798185941
103.16625850340137
103.86285714285714
104.58267573696145
105.25605442176871
105.9526530612245
106.64925170068027
107.34585034013605
108.01922902494331
108.73904761904762
109.41242630385487
110.13224489795918
110.80562358276644
111.50222222222222
112.198820861678
112.89541950113379
113.56879818594105
114.26539682539682
114.9619954648526
115.68181405895692
116.35519274376418
117.05179138321995
117.74839002267574
118.44498866213152
119.11836734693877
119.72208616780046
120.51156462585034
121.23138321995465
121.9047619047619
122.60136054421768
123.29795918367347
124.01777777777778
124.69115646258503
125.36453514739229
126.06113378684807
126.80417233560091
127.45433106575963
128.15092970521542
128.8475283446712
129.544126984127
130.21750566893425
130.82122448979592
131.6107029478458
132.3073015873016
133.00390022675737
133.70049886621314
134.3738775510204
135.0936961451247
135.7902947845805
136.46367346938774
137.16027210884354
137.88009070294785
138.55346938775511
139.2500680272109
139.94666666666666
140.64326530612246
141.3166439909297
142.0132426303855
142.70984126984126
143.40643990929706
144.10303854875283
144.7764172335601
145.4962358276644
146.19283446712018
146.88943310657595
147.58603174603175
148.259410430839
148.95600907029478
149.65260770975055
150.34920634920636
151.04580498866213
151.74240362811793
152.4390022675737
153.11238095238096
153.80897959183673
154.5055782312925
155.2021768707483
155.9219954648526
156.57215419501134
157.29197278911565
157.9653514739229
158.66195011337868
159.35854875283448
160.07836734693876
160.75174603174602
161.44834467120182
162.1449433106576
162.84154195011337
163.51492063492063
164.21151927437643
164.9081179138322
165.6279365079365
166.30131519274377
166.99791383219954
167.69451247165532
168.39111111111112
169.06448979591838
169.76108843537415
170.45768707482992
171.17750566893423
171.8508843537415
172.5474829931973
173.24408163265306
173.94068027210884
174.63727891156464
175.31065759637187
176.00725623582767
176.72707482993198
177.40045351473924
178.097052154195
178.77043083900227
179.49024943310658
180.16362811791385
180.86022675736962
181.5568253968254
182.2766439909297
182.95002267573696
183.64662131519273
184.34321995464853
185.06303854875284
185.7364172335601
186.40979591836734
187.10639455782314
187.82621315192745
188.49959183673468
189.19619047619048
189.89278911564625
190.61260770975056
191.28598639455782
191.95936507936509
192.65596371882086
193.35256235827666
194.04916099773243
194.7457596371882
195.442358276644
196.13895691609977
196.81233560090703
197.5089342403628
198.2055328798186
198.92535147392292
199.59873015873015
200.29532879818595
200.9687074829932
201.6885260770975
202.36190476190475
203.03528344671201
203.75510204081633
204.47492063492064
205.1482993197279
205.82167800453516
206.54149659863947
207.2148752834467
207.9114739229025
208.60807256235827
209.30467120181405
210.00126984126985
210.69786848072562
211.37124716553288
212.0910657596372
212.78766439909296
213.46104308390022
214.15764172335602
214.8542403628118
215.5740589569161
216.24743764172337
216.94403628117914
217.6406349206349
218.3372335600907
219.03383219954648
219.70721088435374
220.4038095238095
221.12362811791382
221.79700680272109
222.49360544217686
223.16698412698412
223.88680272108843
224.5601814058957
225.23356009070295
225.95337868480726
226.67319727891157
227.34657596371883
228.01995464852607
228.71655328798187
229.41315192743764
230.1097505668934
230.8063492063492
231.50294784580498
232.2227664399093
232.89614512471655
233.61596371882086
