0.09287981859410431
0.5572789115646258
0.9984580498866213
1.4396371882086167
1.9040362811791383
2.345215419501134
2.786394557823129
3.2275736961451247
3.6919727891156464
4.133151927437642
4.574331065759637
5.015510204081632
5.456689342403628
5.897868480725624
6.339047619047619
6.780226757369615
7.244625850340136
7.685804988662132
8.126984126984127
8.568163265306122
9.009342403628118
9.450521541950113
9.891700680272109
10.309659863945578
10.7740589569161
11.215238095238096
11.656417233560092
12.097596371882085
12.538775510204081
12.979954648526077
13.421133786848072
13.862312925170068
14.303492063492063
14.744671201814059
15.185850340136055
15.603809523809524
16.04498866213152
16.486167800453515
16.92734693877551
17.345306122448978
17.786485260770974
18.22766439909297
18.668843537414965
19.11002267573696
19.551201814058956
19.969160997732427
20.410340136054423
20.82829931972789
21.292698412698414
21.71065759637188
22.151836734693877
22.569795918367348
23.010975056689343
23.45215419501134
23.893333333333334
24.3112925170068
24.729251700680273
25.170430839002268
25.611609977324264
26.05278911564626
26.493968253968255
26.911927437641722
27.353106575963718
27.77106575963719
28.212244897959184
28.63020408163265
29.071383219954647
29.489342403628118
29.930521541950114
30.34848072562358
30.789659863945577
31.207619047619048
31.648798185941043
32.066757369614514
32.507936507936506
32.92589569160998
33.36707482993197
33.78503401360544
34.202993197278914
34.62095238095238
35.062131519274374
35.50331065759637
35.944489795918365
36.36244897959184
36.78040816326531
37.198367346938774
37.61632653061225
38.05750566893424
38.49868480725623
38.91664399092971
39.3578231292517
39.7990022675737
40.24018140589569
40.68136054421769
41.09931972789116
41.517278911564624
41.9352380952381
42.353197278911566
42.77115646258503
43.1891156462585
43.6302947845805
44.07147392290249
44.489433106575966
44.93061224489796
45.348571428571425
45.789750566893424
46.20770975056689
46.625668934240366
47.06684807256236
47.50802721088435
47.925986394557825
48.34394557823129
48.78512471655329
49.20308390022676
49.64426303854875
50.062222222222225
50.50340136054422
50.921360544217684
51.36253968253968
51.78049886621315
52.19845804988662
52.63963718820862
53.057596371882084
53.498775510204084
53.91673469387755
54.35791383219954
54.77587301587302
55.21705215419501
55.635011337868484
56.076190476190476
56.49414965986394
56.91210884353742
57.35328798185941
57.77124716553288
58.212426303854876
58.63038548752834
59.07156462585034
59.48952380952381
59.9307029478458
60.348662131519276
60.78984126984127
61.207800453514736
61.648979591836735
62.0669387755102
62.5081179138322
62.92607709750567
63.344036281179136
63.76199546485261
64.2031746031746
64.6443537414966
65.06231292517006
65.50349206349206
65.92145124716554
66.36263038548753
66.780589569161
67.19854875283447
67.63972789115647
68.08090702947845
68.49886621315193
68.94004535147393
69.35800453514739
69.77596371882086
70.21714285714286
70.63510204081632
71.07628117913832
71.4942403628118
71.91219954648525
72.35337868480725
72.79455782312925
73.21251700680273
73.63047619047619
74.04843537414966
74.48961451247166
74.90757369614512
75.34875283446712
75.7667120181406
76.16145124716553
76.62585034013605
77.06702947845805
77.48498866213151
77.92616780045351
78.34412698412699
78.78530612244899
79.20326530612245
79.62122448979592
80.06240362811792
80.5035827664399
80.92154195011338
81.36272108843538
81.78068027210884
82.22185941043084
82.63981859410431
83.05777777777777
83.49895691609977
83.91691609977325
84.35809523809523
84.7760544217687
85.2172335600907
85.6584126984127
86.07637188208616
86.49433106575964
86.93551020408164
87.3534693877551
87.77142857142857
88.21260770975057
88.63056689342403
89.0485260770975
89.4897052154195
89.93088435374149
90.34884353741496
90.79002267573696
91.20798185941042
91.64916099773242
92.0671201814059
92.48507936507937
92.92625850340136
93.36743764172336
93.78539682539683
94.22657596371882
94.64453514739229
95.08571428571429
95.52689342403629
95.94485260770975
96.38603174603175
96.80399092970522
97.22195011337868
97.63990929705216
98.05786848072562
98.49904761904762
98.94022675736962
99.35818594104309
99.79936507936507
100.21732426303855
100.63528344671202
101.07646258503401
101.49442176870748
101.93560090702948
102.35356009070294
102.79473922902494
103.21269841269842
103.65387755102041
104.07183673469387
104.48979591836735
104.93097505668935
105.37215419501133
105.79011337868481
106.20807256235828
106.64925170068027
107.06721088435374
107.50839002267574
107.9263492063492
108.34430839002268
108.78548752834467
109.22666666666667
109.64462585034013
110.08580498866213
110.50376417233561
110.94494331065759
111.47900226757369
111.98984126984126
112.43102040816326
112.87219954648526
113.29015873015874
113.73133786848072
114.1492970521542
114.5904761904762
115.00843537414966
115.42639455782313
115.86757369614513
116.28553287981859
116.72671201814059
117.14467120181406
117.58585034013605
118.00380952380952
118.44498866213152
118.86294784580498
119.28090702947846
119.72208616780046
120.14004535147393
120.58122448979591
120.99918367346939
121.44036281179139
121.85832199546485
122.29950113378685
122.74068027210885
123.1586394557823
123.57659863945578
124.01777777777778
124.43573696145124
124.87691609977324
125.29487528344671
125.73605442176871
126.15401360544217
126.57197278911565
127.01315192743765
127.43111111111111
127.8722902494331
128.29024943310657
128.73142857142858
129.14938775510205
129.59056689342404
130.0085260770975
130.4497052154195
130.86766439909297
131.28562358276645
131.72680272108843
132.1447619047619
132.5859410430839
133.00390022675737
133.44507936507935
133.86303854875283
134.30421768707484
134.72217687074829
135.1633560090703
135.58131519274377
136.02249433106576
136.44045351473923
136.88163265306122
137.2995918367347
137.71755102040817
138.15873015873015
138.57668934240363
139.0178684807256
139.43582766439908
139.8770068027211
140.29496598639454
140.73614512471656
141.15410430839003
141.59528344671202
142.08290249433108
142.57052154195011
143.03492063492064
143.49931972789116
143.94049886621315
144.35845804988662
144.7996371882086
145.21759637188208
145.6587755102041
146.07673469387754
146.51791383219955
146.93587301587303
147.35383219954647
147.77179138321995
148.21297052154196
148.6309297052154
149.07210884353742
149.4900680272109
149.93124716553288
150.34920634920636
150.79038548752834
151.20834467120181
151.6495238095238
152.0907029478458
152.5086621315193
152.92662131519273
153.36780045351475
153.78575963718822
154.2269387755102
154.64489795918368
155.08607709750567
155.50403628117914
155.94521541950112
156.3631746031746
156.8043537414966
157.19909297052155
157.64027210884353
158.058231292517
158.499410430839
158.940589569161
159.381768707483
159.79972789115646
160.24090702947845
160.68208616780046
161.1000453514739
161.54122448979592
161.9591836734694
162.37714285714284
162.81832199546486
163.23628117913833
163.67746031746032
164.0954195011338
164.51337868480726
164.93133786848074
165.37251700680272
165.7904761904762
166.23165532879818
166.64961451247166
167.09079365079364
167.50875283446712
167.9499319727891
168.36789115646258
168.8090702947846
169.22702947845804
169.66820861678005
170.08616780045352
170.504126984127
170.94530612244898
171.36326530612246
171.80444444444444
172.22240362811792
172.6635827664399
173.08154195011338
173.49950113378685
173.94068027210884
174.38185941043085
174.7998185941043
175.21777777777777
175.65895691609978
176.07691609977323
176.51809523809524
176.93605442176872
177.3772335600907
177.79519274376418
178.23637188208616
178.72399092970522
179.2348299319728
179.72244897959183
180.16362811791385
180.5815873015873
181.0227664399093
181.44072562358278
181.88190476190476
182.29986394557824
182.74104308390022
183.1590022675737
183.57696145124717
184.01814058956916
184.43609977324263
184.87727891156462
185.2952380952381
185.7364172335601
186.15437641723355
186.59555555555556
187.01351473922904
187.45469387755102
187.8726530612245
188.31383219954648
188.73179138321996
189.17297052154194
189.59092970521542
190.0321088435374
190.45006802721088
190.8912471655329
191.37886621315192
191.866485260771
192.30766439909297
192.7720634920635
193.21324263038548
193.6544217687075
194.07238095238094
194.51356009070295
194.93151927437643
195.3726984126984
195.7906575963719
196.23183673469387
196.64979591836735
197.09097505668933
197.5089342403628
197.95011337868482
198.36807256235826
198.80925170068028
199.22721088435375
199.66839002267574
200.0863492063492
200.5043083900227
200.94548752834467
201.36344671201815
201.78140589569162
202.2225850340136
202.64054421768708
203.08172335600906
203.49968253968254
203.94086167800452
204.358820861678
204.8
205.21795918367346
205.65913832199547
206.07709750566895
206.51827664399093
206.9362358276644
207.35419501133788
207.79537414965986
208.21333333333334
208.6312925170068
209.0724716553288
209.49043083900227
209.93160997732426
210.34956916099773
210.79074829931972
211.2087074829932
211.6498866213152
212.06784580498865
212.50902494331066
212.92698412698414
213.36816326530612
213.7861224489796
214.22730158730158
214.64526077097506
215.08643990929704
215.50439909297052
215.94557823129253
216.36353741496598
216.78149659863945
217.22267573696146
217.66385487528345
218.05859410430838
218.4997732426304
218.91773242630384
219.35891156462586
