0.3947392290249433
1.0681179138321995
1.7647165532879818
2.461315192743764
3.1346938775510202
3.7848526077097504
4.481451247165533
5.154829931972789
5.828208616780046
6.501587301587302
7.151746031746032
7.848344671201814
8.52172335600907
9.195102040816327
9.868480725623582
10.541859410430838
11.215238095238096
11.888616780045352
12.538775510204081
13.212154195011339
13.885532879818594
14.55891156462585
15.232290249433106
15.928888888888888
16.602267573696146
17.2756462585034
17.949024943310658
18.599183673469387
19.29578231292517
19.969160997732427
20.64253968253968
21.31591836734694
22.01251700680272
22.66267573696145
23.336054421768708
24.009433106575965
24.706031746031748
25.356190476190477
26.05278911564626
26.726167800453513
27.39954648526077
28.07292517006803
28.723083900226758
29.396462585034012
30.093061224489794
30.743219954648527
31.43981859410431
32.113197278911564
32.78657596371882
33.45995464852608
34.13333333333333
34.80671201814059
35.48009070294785
36.17668934240363
36.85006802721088
37.52344671201814
38.196825396825396
38.87020408163265
39.54358276643991
40.216961451247165
40.936780045351476
41.54049886621315
42.21387755102041
42.887256235827664
43.56063492063492
44.23401360544218
44.90739229024943
45.58077097505669
46.25414965986395
46.9275283446712
47.600907029478456
48.27428571428572
48.94766439909297
49.621043083900226
50.271201814058955
50.96780045351474
51.641179138321995
52.33777777777778
53.03437641723356
53.68453514739229
54.33469387755102
55.031292517006804
55.70467120181406
56.37804988662131
57.05142857142857
57.74802721088435
58.42140589569161
59.09478458049887
59.76816326530612
60.441541950113375
61.06848072562358
61.765079365079366
62.415238095238095
63.111836734693874
63.785215419501135
64.45859410430839
65.13197278911565
65.82857142857142
66.50195011337868
67.17532879818594
67.82548752834467
68.49886621315193
69.17224489795919
69.84562358276644
70.4261224489796
71.07628117913832
71.74965986394558
72.53913832199547
73.18929705215419
73.88589569160997
74.51283446712019
75.2326530612245
75.92925170068027
76.579410430839
77.25278911564625
77.92616780045351
78.59954648526077
79.29614512471656
79.9695238095238
80.61968253968254
81.29306122448979
81.96643990929705
82.5469387755102
83.31319727891156
83.98657596371882
84.6831746031746
85.35655328798185
86.02993197278911
86.70331065759638
87.37668934240362
88.07328798185941
88.74666666666667
89.39682539682539
90.07020408163265
90.74358276643991
91.41696145124716
92.11356009070295
92.78693877551021
93.46031746031746
94.13369614512472
94.87673469387755
95.50367346938775
96.15383219954649
96.80399092970522
97.500589569161
98.17396825396825
98.84734693877552
99.52072562358276
100.19410430839002
100.86748299319729
101.54086167800453
102.2142403628118
102.88761904761905
103.5609977324263
104.23437641723356
104.90775510204081
105.58113378684807
106.25451247165533
106.92789115646258
107.60126984126984
108.2746485260771
108.97124716553287
109.64462585034013
110.29478458049887
110.96816326530612
111.64154195011338
112.33814058956916
113.01151927437641
113.68489795918367
114.33505668934241
114.98521541950113
115.68181405895692
116.35519274376418
117.0053514739229
117.70195011337869
118.35210884353741
119.02548752834467
119.72208616780046
120.39546485260772
121.06884353741496
121.74222222222222
122.43882086167801
123.13541950113378
123.80879818594104
124.4821768707483
125.15555555555555
125.82893424036281
126.50231292517007
127.17569160997732
127.84907029478458
128.4760090702948
129.17260770975057
129.84598639455783
130.5193650793651
131.19274376417235
131.86612244897958
132.53950113378684
133.2128798185941
133.88625850340136
134.58285714285714
135.2562358276644
135.90639455782312
136.57977324263038
137.27637188208618
137.9497505668934
138.62312925170068
139.29650793650794
139.9698866213152
140.66648526077097
141.33986394557823
141.99002267573695
142.6634013605442
143.33678004535147
144.01015873015874
144.7067573696145
145.38013605442177
146.0302947845805
146.5643537414966
147.33061224489796
148.02721088435374
148.700589569161
149.37396825396826
150.04734693877552
150.72072562358278
151.3708843537415
152.06748299319727
152.717641723356
153.4142403628118
154.08761904761906
154.7609977324263
155.43437641723355
156.13097505668935
156.78113378684807
157.50095238095238
158.17433106575965
158.87092970521542
159.54430839002268
160.21768707482994
160.8910657596372
161.56444444444443
162.2378231292517
162.91120181405896
163.56136054421768
164.23473922902494
164.9081179138322
165.58149659863946
166.25487528344672
166.9514739229025
167.62485260770976
168.29823129251702
168.94839002267574
169.621768707483
170.29514739229026
170.9685260770975
171.64190476190475
172.31528344671202
172.98866213151928
173.66204081632654
174.3354195011338
175.00879818594103
175.6821768707483
176.35555555555555
177.02893424036282
177.70231292517008
178.37569160997734
179.04907029478457
179.74566893424037
180.3958276643991
181.04598639455781
181.74258503401362
182.41596371882085
183.11256235827665
183.76272108843537
184.45931972789117
185.1094784580499
185.78285714285715
186.4562358276644
187.12961451247165
187.8029931972789
188.47637188208617
189.17297052154194
189.8231292517007
190.49650793650792
191.19310657596372
191.866485260771
192.53986394557822
193.16680272108843
193.79374149659864
194.44390022675736
