0.09287981859410431
0.5572789115646258
1.0216780045351475
1.486077097505669
1.9504761904761905
2.414875283446712
2.8792743764172335
3.3436734693877552
3.8080725623582765
4.272471655328798
4.760090702947846
5.2477097505668935
5.712108843537415
6.176507936507937
6.640907029478458
7.128526077097506
7.616145124716553
8.103764172335602
8.568163265306122
9.05578231292517
9.543401360544218
10.00780045351474
10.495419501133787
10.95981859410431
11.400997732426303
11.842176870748299
12.283356009070294
12.747755102040816
13.212154195011339
13.676553287981859
14.140952380952381
14.605351473922903
15.046530612244897
15.51092970521542
15.975328798185942
16.46294784580499
16.92734693877551
17.39174603174603
17.856145124716555
18.320544217687075
18.784943310657596
19.249342403628116
19.736961451247165
20.224580498866214
20.688979591836734
21.153378684807254
21.640997732426303
22.128616780045352
22.569795918367348
23.034195011337868
23.49859410430839
23.986213151927437
24.450612244897957
24.91501133786848
25.402630385487527
25.890249433106575
26.354648526077096
26.842267573696144
27.30666666666667
27.77106575963719
28.212244897959184
28.65342403628118
29.1178231292517
29.58222222222222
30.046621315192745
30.511020408163265
30.998639455782314
31.48625850340136
31.927437641723355
32.391836734693875
32.8562358276644
33.32063492063492
33.78503401360544
34.249433106575964
34.71383219954649
35.20145124716553
35.68907029478458
36.17668934240363
36.64108843537415
37.10548752834467
37.54666666666667
38.01106575963719
38.47546485260771
38.963083900226756
39.450702947845805
39.91510204081633
40.379501133786846
40.867120181405895
41.33151927437642
41.795918367346935
42.26031746031746
42.72471655328798
43.21233560090703
43.67673469387755
44.14113378684807
44.6055328798186
45.069931972789114
45.53433106575964
46.021950113378686
46.4863492063492
46.95074829931973
47.41514739229025
47.87954648526077
48.34394557823129
48.808344671201816
49.31918367346939
49.80680272108844
50.29442176870748
50.758820861678004
51.22321995464853
51.687619047619044
52.15201814058957
52.61641723356009
53.10403628117914
53.56843537414966
54.03283446712018
54.497233560090706
54.96163265306122
55.42603174603175
55.913650793650795
56.401269841269844
56.842448979591836
57.30684807256236
57.77124716553288
58.2356462585034
58.700045351473925
59.16444444444444
59.628843537414966
60.09324263038549
60.58086167800454
61.045260770975055
61.50965986394558
61.9740589569161
62.43845804988662
62.902857142857144
63.36725623582767
63.85487528344671
64.31927437641724
64.78367346938775
65.24807256235827
65.7124716553288
66.17687074829932
66.64126984126985
67.1288888888889
67.5932879818594
68.05768707482993
68.52208616780045
68.98648526077098
69.47410430839003
69.93850340136055
70.40290249433106
70.86730158730158
71.3317006802721
71.79609977324263
72.28371882086168
72.7481179138322
73.21251700680273
73.67691609977324
74.14131519274376
74.62893424036281
75.09333333333333
75.55773242630386
76.02213151927438
76.48653061224489
76.97414965986394
77.43854875283446
77.90294784580499
78.36734693877551
78.83174603174604
79.31936507936508
79.7837641723356
80.24816326530612
80.71256235827664
81.17696145124717
81.64136054421769
82.12897959183674
82.59337868480726
83.05777777777777
83.5221768707483
83.98657596371882
84.47419501133787
84.9385941043084
85.40299319727892
85.86739229024943
86.33179138321995
86.819410430839
87.28380952380952
87.74820861678005
88.21260770975057
88.6770068027211
89.16462585034013
89.62902494331065
90.09342403628118
90.5578231292517
91.04544217687075
91.50984126984127
91.9742403628118
92.43863945578231
92.90303854875283
93.36743764172336
93.8550566893424
94.31945578231293
94.78385487528345
95.24825396825396
95.73587301587301
96.17705215419501
96.66467120181406
97.10585034013606
97.54702947845804
98.05786848072562
98.54548752834467
99.00988662131519
99.47428571428571
99.93868480725624
100.40308390022676
100.86748299319729
101.28544217687075
101.79628117913832
102.28390022675737
102.74829931972789
103.21269841269842
103.67709750566894
104.16471655328799
104.6291156462585
105.09351473922902
105.55791383219955
106.0455328798186
106.50993197278912
106.97433106575964
107.43873015873015
107.90312925170068
108.3675283446712
108.85514739229025
109.31954648526077
109.7839455782313
110.24834467120182
110.71274376417233
111.17714285714285
111.64154195011338
112.1059410430839
112.57034013605443
113.05795918367347
113.54557823129252
114.00997732426303
114.47437641723356
114.93877551020408
115.37995464852608
115.86757369614513
116.30875283446711
116.81959183673469
117.28399092970521
117.74839002267574
118.21278911564626
118.67718820861678
119.14158730158731
119.60598639455782
120.09360544217687
120.55800453514739
121.04562358276644
121.51002267573696
121.97442176870749
122.43882086167801
122.90321995464852
123.36761904761904
123.8552380952381
124.31963718820862
124.78403628117914
125.24843537414966
125.71283446712017
126.1772335600907
126.64163265306122
127.10603174603175
127.5936507936508
128.05804988662132
128.54566893424035
129.01006802721088
129.4744671201814
129.93886621315193
130.40326530612245
130.86766439909297
131.355283446712
131.81968253968253
132.28408163265306
132.74848072562358
133.2128798185941
133.67727891156463
134.16489795918366
134.6292970521542
135.04725623582766
135.55809523809523
136.0457142857143
136.51011337868482
136.97451247165532
137.43891156462584
137.90331065759636
138.3677097505669
138.85532879818595
139.31972789115648
139.78412698412697
140.2485260770975
140.71292517006802
141.17732426303854
141.6649433106576
142.12934240362813
142.59374149659865
143.05814058956915
143.5457596371882
143.9869387755102
144.47455782312926
144.93895691609978
145.35691609977323
145.8677551020408
146.33215419501133
146.8197732426304
147.2841723356009
147.74857142857144
148.21297052154196
148.67736961451246
149.16498866213152
149.62938775510204
150.09378684807257
150.5814058956916
151.04580498866213
151.51020408163265
151.97460317460317
152.4390022675737
152.90340136054422
153.39102040816326
153.85541950113378
154.3198185941043
154.78421768707483
155.24861678004535
155.7362358276644
156.2006349206349
156.66503401360544
157.12943310657596
157.59383219954648
158.08145124716555
158.54585034013604
159.01024943310657
159.4746485260771
159.9390476190476
160.40344671201814
160.8910657596372
161.3554648526077
161.81986394557822
162.28426303854874
162.7718820861678
163.23628117913833
163.70068027210885
164.16507936507938
164.62947845804987
165.0938775510204
165.58149659863946
166.04589569160999
166.5102947845805
166.97469387755103
167.43909297052153
167.9267120181406
168.39111111111112
168.85551020408164
169.31990929705216
169.7843083900227
170.27192743764172
170.73632653061225
171.20072562358277
171.6651247165533
172.15274376417233
172.61714285714285
173.08154195011338
173.5459410430839
174.01034013605442
174.49795918367346
174.96235827664398
175.4267573696145
175.89115646258503
176.35555555555555
176.84317460317462
177.3075736961451
177.77197278911564
178.23637188208616
178.70077097505668
179.1651700680272
179.65278911564627
180.11718820861677
180.5815873015873
181.0227664399093
181.48716553287983
181.9283446712018
182.39274376417234
182.85714285714286
183.32154195011339
183.7859410430839
184.25034013605443
184.71473922902496
185.17913832199545
185.64353741496598
186.1079365079365
186.57233560090702
187.03673469387755
187.47791383219953
187.94231292517006
188.38349206349207
188.8478911564626
189.31229024943312
189.7534693877551
190.21786848072563
190.68226757369615
191.14666666666668
191.6110657596372
192.05224489795918
192.49342403628117
192.9578231292517
193.3990022675737
193.8401814058957
194.30458049886622
194.7457596371882
195.21015873015872
195.65133786848074
196.09251700680272
196.5336961451247
196.97487528344672
197.4160544217687
197.8572335600907
198.27519274376417
198.76281179138323
199.22721088435375
199.69160997732428
200.1792290249433
200.66684807256235
201.1544671201814
201.61886621315193
202.08326530612246
202.54766439909298
203.03528344671201
203.52290249433108
204.0105215419501
204.47492063492064
204.93931972789116
205.38049886621314
205.8681179138322
206.33251700680273
206.82013605442177
207.30775510204083
207.77215419501132
208.23655328798185
208.70095238095237
209.1421315192744
209.58331065759637
210.02448979591836
210.46566893424037
210.90684807256235
211.34802721088437
211.78920634920635
212.20716553287983
212.6483446712018
213.0663038548753
213.50748299319727
213.92544217687075
214.36662131519273
214.7845804988662
215.22575963718822
215.64371882086166
216.06167800453514
216.50285714285715
216.94403628117914
217.3619954648526
217.8031746031746
218.22113378684807
218.70875283446713
219.2195918367347
219.6607709750567
220.12517006802722
220.58956916099774
221.1004081632653
221.6344671201814
222.0756462585034
222.49360544217686
222.93478458049887
223.35274376417235
223.79392290249433
224.2118820861678
224.6530612244898
225.07102040816326
225.51219954648525
225.93015873015872
226.3481179138322
226.78929705215418
227.2304761904762
227.64843537414967
228.08961451247166
228.50757369614513
228.94875283446711
229.3667120181406
229.78467120181406
230.22585034013605
230.64380952380952
231.061768707483
231.50294784580498
231.92090702947846
232.33886621315193
232.78004535147392
233.1980045351474
233.63918367346938
234.0803628117914
234.49832199546486
234.93950113378685
235.35746031746032
235.7986394557823
236.21659863945578
236.63455782312926
237.07573696145124
237.51691609977325
237.9348752834467
238.39927437641722
238.7940136054422
239.23519274376417
239.65315192743765
240.07111111111112
240.48907029478457
240.93024943310658
241.37142857142857
241.8358276643991
242.30022675736961
242.76462585034014
243.22902494331066
243.67020408163265
244.1578231292517
244.62222222222223
245.10984126984127
245.62068027210884
246.06185941043083
246.50303854875284
246.92099773242631
247.3621768707483
247.80335600907028
248.22131519274376
248.66249433106577
249.08045351473922
249.4984126984127
249.91637188208617
250.35755102040815
250.77551020408163
251.21668934240364
251.6346485260771
252.0758276643991
252.49378684807257
252.93496598639456
253.35292517006803
253.7708843537415
254.2120634920635
254.72290249433107
255.23374149659864
255.69814058956916
256.1857596371882
256.67337868480723
257.1609977324263
257.6253968253968
258.06657596371883
258.4845351473923
258.97215419501134
259.4597732426304
259.9473922902494
260.3653514739229
260.8065306122449
261.2709297052154
261.73532879818595
262.2461678004535
262.73378684807255
263.1981859410431
263.63936507936506
264.05732426303854
264.49850340136055
264.93968253968256
265.357641723356
265.798820861678
266.21678004535147
266.7043990929705
267.2152380952381
267.67963718820863
268.16725623582767
268.6548752834467
269.11927437641725
269.58367346938775
270.0480725623583
270.48925170068026
270.93043083900227
271.3716099773243
271.8592290249433
272.3700680272109
272.88090702947846
273.3685260770975
273.85614512471653
274.3437641723356
274.7849433106576
275.2261224489796
275.64408163265307
276.0852607709751
276.5032199546485
276.9443990929705
277.362358276644
277.78031746031746
278.2214965986395
278.66267573696143
279.05741496598637
279.4985941043084
279.91655328798186
280.35773242630387
280.77569160997734
281.2168707482993
281.6348299319728
282.0760090702948
282.49396825396826
282.9351473922903
283.3531065759637
283.7942857142857
284.2122448979592
284.63020408163266
285.07138321995467
285.5125623582766
285.9305215419501
286.3717006802721
286.7896598639456
287.20761904761906
287.648798185941
288.0667573696145
288.5079365079365
288.9491156462585
289.367074829932
289.80825396825395
290.2029931972789
290.6441723356009
291.0853514739229
291.5033106575964
291.92126984126986
292.3624489795918
292.7804081632653
293.2215873015873
293.6395464852608
294.1039455782313
294.59156462585037
295.0791836734694
295.56680272108844
296.05442176870747
296.5420408163265
297.0296598639456
297.4940589569161
297.9352380952381
298.3531972789116
298.79437641723354
299.23555555555555
299.653514739229
300.1179138321995
300.6055328798186
301.09315192743765
301.5111111111111
301.95229024943313
302.43990929705217
302.9275283446712
303.3919274376417
303.8795464852608
304.3439455782313
304.7851247165533
305.2030839002268
305.64426303854873
306.08544217687074
306.5034013605442
306.94458049886623
307.3625396825397
307.7804988662132
308.1984580498866
308.6396371882086
309.0808163265306
309.56843537414966
310.07927437641723
310.56689342403627
311.0545124716553
311.5421315192744
312.0297505668934
312.4941496598639
312.93532879818594
313.3532879818594
313.7944671201814
314.2124263038549
314.6303854875284
315.0715646258503
315.4895238095238
315.9307029478458
316.3718820861678
316.78984126984125
317.23102040816326
317.64897959183673
318.09015873015875
318.5081179138322
318.9260770975057
319.36725623582765
319.80843537414967
320.2031746031746
320.6443537414966
321.0623129251701
321.50349206349205
321.9214512471655
322.36263038548753
322.780589569161
323.22176870748297
323.63972789115644
324.08090702947845
324.4988662131519
324.94004535147394
325.3580045351474
325.7991836734694
326.21714285714285
326.6351020408163
327.07628117913833
327.54068027210883
328.02829931972786
328.51591836734696
328.9570975056689
329.444716553288
329.93233560090704
330.39673469387753
330.83791383219955
331.30231292517004
331.7667120181406
332.18467120181407
332.6258503401361
333.06702947845804
333.50820861678005
333.9261678004535
334.344126984127
334.78530612244896
335.20326530612243
335.64444444444445
336.0624036281179
336.50358276643993
336.9447619047619
337.36272108843536
337.8039002267574
338.22185941043085
338.6398185941043
339.0577777777778
339.4757369614513
339.91691609977323
340.35809523809525
340.7760544217687
341.2172335600907
341.63519274376415
342.0531519274376
342.49433106575964
342.9122902494331
343.3534693877551
343.7946485260771
344.21260770975056
344.65378684807257
345.07174603174604
345.4897052154195
345.907664399093
346.34884353741495
346.79002267573696
347.231201814059
347.64916099773245
348.06712018140587
348.48507936507934
348.9959183673469
349.5067573696145
349.9479365079365
350.41233560090706
350.8999546485261
351.3875736961451
351.87519274376416
352.3395918367347
352.78077097505667
353.2219501133787
353.63990929705216
354.08108843537417
354.49904761904764
354.96344671201814
355.42784580498864
355.8922448979592
356.3798639455782
356.82104308390024
357.30866213151927
357.7730612244898
358.2374603174603
358.7018594104308
359.1430385487528
359.63065759637186
360.0718367346939
360.48979591836735
360.93097505668936
361.34893424036284
361.7901133786848
362.20807256235827
362.6492517006803
363.06721088435376
363.5083900226757
363.9263492063492
364.3675283446712
364.7854875283447
365.2266666666667
365.64462585034016
366.0858049886621
366.5037641723356
366.92172335600907
367.3629024943311
367.80408163265304
368.2220408163265
368.68643990929706
369.1740589569161
369.66167800453513
370.10285714285715
370.56725623582764
371.00843537414966
371.44961451247167
371.96045351473924
372.4480725623583
372.9124716553288
373.3536507936508
373.7948299319728
374.2127891156463
374.65396825396823
375.0719274376417
375.5131065759637
375.9310657596372
376.34902494331067
376.7902040816327
377.2081632653061
377.6493424036281
378.0905215419501
378.5084807256236
378.94965986394556
379.36761904761903
379.7855782312925
380.2267573696145
380.644716553288
381.06267573696147
381.5038548752834
381.9218140589569
382.3629931972789
382.7809523809524
383.19891156462586
383.6400907029479
384.0580498866213
384.4992290249433
384.9404081632653
385.3583673469388
385.79954648526075
386.2175056689342
386.6354648526077
387.05342403628117
387.4946031746032
387.9357823129252
388.37696145124715
388.7717006802721
389.2128798185941
389.6308390022676
390.04879818594105
390.48997732426307
390.931156462585
391.3491156462585
391.7902947845805
392.208253968254
392.64943310657594
393.0673922902494
393.50857142857143
393.9265306122449
394.3444897959184
394.7856689342404
395.22684807256235
395.6448072562358
396.08598639455784
396.5039455782313
396.9219047619048
397.36308390022674
397.7810430839002
398.22222222222223
398.66340136054424
399.08136054421766
399.5225396825397
399.94049886621315
400.3584580498866
400.7764172335601
401.2175963718821
401.6355555555556
402.07673469387754
402.494693877551
402.935873015873
403.3538321995465
403.77179138322
404.21297052154193
404.65414965986395
405.0721088435374
405.51328798185943
405.93124716553285
406.37242630385487
406.79038548752834
407.23156462585035
407.6495238095238
408.0674829931973
408.50866213151926
408.9498412698413
409.36780045351475
409.7857596371882
410.2037188208617
410.64489795918365
411.0628571428571
411.50403628117914
411.9219954648526
412.3631746031746
412.78113378684805
413.22231292517006
413.64027210884353
414.08145124716555
414.499410430839
414.9173696145125
415.35854875283445
415.79972789115646
416.1944671201814
416.6356462585034
417.0536054421769
417.49478458049884
417.93596371882086
418.35392290249433
418.7718820861678
419.2130612244898
419.63102040816324
420.07219954648525
420.4901587301587
420.93133786848074
421.3492970521542
421.79047619047617
422.20843537414964
422.64961451247166
423.06757369614513
423.50875283446715
423.92671201814056
424.3678911564626
424.78585034013605
