0.09287981859410431
0.603718820861678
1.0913378684807256
1.555736961451247
2.043356009070295
2.507755102040816
2.995374149659864
3.4597732426303853
3.947392290249433
4.4117913832199545
4.899410430839002
5.363809523809524
5.851428571428571
6.315827664399093
6.8034467120181406
7.267845804988662
7.75546485260771
8.219863945578231
8.70748299319728
9.1718820861678
9.659501133786849
10.12390022675737
10.611519274376418
11.075918367346938
11.563537414965987
12.027936507936507
12.515555555555556
12.979954648526077
13.444353741496599
13.931972789115646
14.419591836734694
14.86077097505669
15.32517006802721
15.81278911564626
16.300408163265306
16.764807256235827
17.252426303854875
17.740045351473924
18.204444444444444
18.692063492063493
19.156462585034014
19.644081632653062
20.108480725623583
20.572879818594103
21.060498866213152
21.524897959183672
22.01251700680272
22.47691609977324
22.96453514739229
23.42893424036281
23.91655328798186
24.38095238095238
24.845351473922904
25.33297052154195
25.797369614512473
26.284988662131518
26.749387755102042
27.237006802721087
27.70140589569161
28.189024943310656
28.65342403628118
29.141043083900225
29.60544217687075
30.093061224489794
30.55746031746032
31.02185941043084
31.509478458049887
31.997097505668933
32.46149659863946
32.92589569160998
33.41351473922902
33.877913832199546
34.365532879818595
34.82993197278912
35.31755102040816
35.781950113378684
36.24634920634921
36.73396825396826
37.2215873015873
37.68598639455782
38.15038548752835
38.61478458049886
39.10240362811791
39.59002267573696
40.054421768707485
40.542040816326534
41.00643990929705
41.470839002267574
41.95845804988662
42.42285714285714
42.91047619047619
43.37487528344671
43.86249433106576
44.32689342403628
44.7912925170068
45.27891156462585
45.72009070294784
46.23092970521542
46.69532879818594
47.18294784580499
47.67056689342404
48.134965986394555
48.59936507936508
49.08698412698413
49.55138321995465
50.03900226757369
50.50340136054422
50.991020408163266
51.45541950113379
51.94303854875283
52.407437641723355
52.895056689342404
53.35945578231293
53.823854875283445
54.31147392290249
54.77587301587302
55.263492063492066
55.72789115646258
56.21551020408163
56.679909297052156
57.167528344671204
57.63192743764172
58.11954648526077
58.583945578231294
59.07156462585034
59.53596371882086
60.00036281179138
60.48798185941043
60.95238095238095
61.44
61.90439909297052
62.39201814058957
62.85641723356009
63.344036281179136
63.80843537414966
64.2960544217687
64.76045351473923
65.22485260770975
65.7124716553288
66.17687074829932
66.66448979591837
67.1288888888889
67.5932879818594
68.08090702947845
68.54530612244898
69.03292517006803
69.49732426303855
69.9849433106576
70.44934240362812
70.93696145124717
71.40136054421768
71.8657596371882
72.35337868480725
72.8409977324263
73.30539682539683
73.76979591836735
74.2574149659864
74.72181405895692
75.20943310657596
75.67383219954648
76.16145124716553
76.62585034013605
77.1134693877551
77.57786848072563
78.04226757369615
78.5298866213152
78.99428571428571
79.48190476190476
79.94630385487528
80.4107029478458
80.87510204081633
81.36272108843538
81.85034013605443
82.31473922902494
82.80235827664399
83.26675736961451
83.73115646258503
84.21877551020408
84.70639455782313
85.17079365079366
85.63519274376418
86.12281179138321
86.58721088435374
87.07482993197279
87.53922902494331
88.02684807256236
88.49124716553288
88.9556462585034
89.44326530612246
89.90766439909297
90.39528344671201
90.85968253968254
91.34730158730159
91.81170068027211
92.29931972789116
92.76371882086168
93.2281179138322
93.71573696145124
94.18013605442177
94.64453514739229
95.13215419501134
95.59655328798186
96.06095238095239
96.54857142857144
97.03619047619047
97.500589569161
97.96498866213152
98.45260770975057
98.91700680272109
99.38140589569161
99.84580498866214
100.33342403628117
100.82104308390022
101.28544217687075
101.74984126984127
102.23746031746032
102.70185941043084
103.18947845804989
103.65387755102041
104.11827664399092
104.60589569160997
105.0702947845805
105.55791383219955
106.02231292517007
106.4867120181406
106.97433106575964
107.43873015873015
107.9263492063492
108.39074829931972
108.87836734693877
109.3427664399093
109.80716553287982
110.29478458049887
110.7591836734694
111.24680272108843
111.71120181405895
112.198820861678
112.66321995464853
113.15083900226757
113.6152380952381
114.07963718820862
114.54403628117913
115.03165532879818
115.51927437641723
115.98367346938775
116.44807256235828
116.93569160997733
117.40009070294785
117.8877097505669
118.35210884353741
118.83972789115646
119.30412698412698
119.79174603174603
120.25614512471655
120.72054421768708
121.20816326530613
121.67256235827665
122.16018140589568
122.62458049886621
123.08897959183673
123.57659863945578
124.0409977324263
124.52861678004535
124.99301587301588
125.48063492063493
125.94503401360544
126.40943310657596
126.89705215419501
127.36145124716553
127.84907029478458
128.3134693877551
128.80108843537414
129.26548752834466
129.75310657596373
130.21750566893425
130.70512471655329
131.1695238095238
131.63392290249433
132.12154195011337
132.5859410430839
133.05034013605442
133.53795918367348
134.002358276644
134.48997732426304
134.95437641723356
135.4419954648526
135.90639455782312
136.37079365079364
136.8584126984127
137.32281179138323
137.78721088435375
138.25160997732425
138.7392290249433
139.22684807256235
139.69124716553287
140.1556462585034
140.64326530612246
141.10766439909298
141.59528344671202
142.05968253968254
142.54730158730158
143.0117006802721
143.49931972789116
143.9637188208617
144.4281179138322
144.91573696145124
145.38013605442177
145.8677551020408
146.35537414965987
146.86621315192744
147.33061224489796
147.7950113378685
148.21297052154196
148.67736961451246
149.16498866213152
149.62938775510204
150.11700680272108
150.5814058956916
151.04580498866213
151.5334240362812
151.9978231292517
152.4622222222222
152.94984126984127
153.4142403628118
153.87863945578232
154.36625850340135
154.83065759637188
155.31827664399094
155.80589569160998
156.2702947845805
156.73469387755102
157.22231292517006
157.70993197278912
158.17433106575965
158.63873015873017
159.1263492063492
159.59074829931973
160.05514739229025
160.5427664399093
161.0071655328798
161.47156462585033
161.93596371882086
162.42358276643992
162.88798185941044
163.37560090702948
163.8632199546485
164.32761904761904
164.79201814058956
165.27963718820862
165.74403628117915
166.20843537414967
166.6960544217687
167.16045351473923
167.64807256235827
168.1124716553288
168.5768707482993
169.06448979591838
169.5288888888889
170.01650793650794
170.48090702947846
170.94530612244898
171.43292517006802
171.89732426303854
172.3849433106576
172.84934240362813
173.33696145124716
173.8013605442177
174.28897959183672
174.75337868480725
175.21777777777777
175.70539682539683
176.16979591836736
176.6574149659864
177.12181405895691
177.58621315192744
178.07383219954647
178.538231292517
179.00263038548752
179.46702947845804
179.9546485260771
180.41904761904763
180.90666666666667
181.3710657596372
181.85868480725622
182.32308390022675
182.78748299319727
183.27510204081634
183.73950113378686
184.2271201814059
184.69151927437642
185.15591836734694
185.64353741496598
186.1079365079365
186.57233560090702
187.0599546485261
187.5243537414966
188.01197278911565
188.47637188208617
188.9407709750567
189.42839002267573
189.89278911564625
190.35718820861678
190.84480725623584
191.30920634920636
191.7968253968254
192.26122448979592
192.72562358276645
193.19002267573697
193.677641723356
194.16526077097507
194.6296598639456
195.0940589569161
195.58167800453515
196.04607709750567
196.5104761904762
196.99809523809523
197.46249433106576
197.92689342403628
198.41451247165534
198.87891156462584
199.3665306122449
199.83092970521542
200.29532879818595
200.78294784580498
201.2473469387755
201.71174603174603
202.19936507936507
202.68698412698413
203.15138321995465
203.61578231292518
204.1034013605442
204.56780045351474
205.0554195011338
205.51981859410432
205.98421768707482
206.47183673469388
206.9362358276644
207.42385487528344
207.88825396825396
208.3526530612245
208.817052154195
209.30467120181405
209.76907029478457
210.2334693877551
210.72108843537416
211.18548752834468
211.67310657596371
212.13750566893424
212.60190476190476
213.0895238095238
213.55392290249432
214.01832199546485
214.5059410430839
214.97034013605443
215.45795918367347
215.922358276644
216.38675736961451
216.87437641723355
217.33877551020407
217.8031746031746
218.29079365079366
218.75519274376418
219.2195918367347
219.70721088435374
220.17160997732427
220.6360090702948
221.12362811791382
221.58802721088435
222.0756462585034
222.54004535147394
223.00444444444443
223.4920634920635
223.95646258503402
224.42086167800454
224.88526077097507
225.3728798185941
225.83727891156462
226.3248979591837
226.78929705215418
227.2536961451247
227.74131519274377
228.2057142857143
228.67011337868482
229.15773242630385
229.62213151927438
230.0865306122449
230.57414965986393
231.03854875283446
231.52616780045352
231.99056689342405
232.45496598639457
232.9425850340136
233.40698412698413
233.87138321995465
234.3590022675737
234.8234013605442
235.31102040816327
235.7754195011338
236.23981859410432
236.72743764172336
237.19183673469388
237.6562358276644
238.14385487528344
