0.09287981859410431
0.5340589569160997
0.9752380952380952
1.4164172335600906
1.8575963718820863
2.2987755102040817
2.716734693877551
3.1579138321995464
3.599092970521542
4.017052154195011
4.458231292517007
4.899410430839002
5.317369614512471
5.758548752834467
6.199727891156463
6.617687074829932
7.058866213151927
7.500045351473923
7.9412244897959186
8.382403628117913
8.800362811791382
9.241541950113378
9.659501133786849
10.100680272108843
10.541859410430838
10.983038548752834
11.42421768707483
11.842176870748299
12.283356009070294
12.72453514739229
13.142494331065759
13.583673469387755
14.02485260770975
14.466031746031746
14.907210884353741
15.348390022675737
15.766349206349206
16.207528344671204
16.648707482993196
17.066666666666666
17.507845804988662
17.949024943310658
18.390204081632653
18.808163265306124
19.249342403628116
19.690521541950112
20.108480725623583
20.54965986394558
20.990839002267574
21.43201814058957
21.849977324263037
22.291156462585032
22.732335600907028
23.173514739229024
23.591473922902495
24.03265306122449
24.473832199546486
24.891791383219953
25.33297052154195
25.75092970521542
26.192108843537415
26.63328798185941
27.074467120181406
27.492426303854874
27.93360544217687
28.374784580498865
28.81596371882086
29.257142857142856
29.675102040816327
30.116281179138323
30.55746031746032
30.975419501133786
31.41659863945578
31.857777777777777
32.298956916099776
32.71691609977324
33.158095238095235
33.599274376417235
34.0172335600907
34.4584126984127
34.89959183673469
35.34077097505669
35.75873015873016
36.19990929705215
36.64108843537415
37.08226757369614
37.50022675736962
37.94140589569161
38.38258503401361
38.800544217687076
39.24172335600907
39.68290249433107
40.12408163265306
40.542040816326534
40.983219954648526
41.424399092970525
41.84235827664399
42.283537414965984
42.72471655328798
43.14267573696145
43.58385487528345
44.02503401360544
44.46621315192744
44.90739229024943
45.3253514739229
45.7665306122449
46.20770975056689
46.625668934240366
47.06684807256236
47.50802721088435
47.94920634920635
48.36716553287982
48.808344671201816
49.24952380952381
49.69070294784581
50.108662131519274
50.54984126984127
50.96780045351474
51.40897959183673
51.85015873015873
52.291337868480724
52.73251700680272
53.15047619047619
53.59165532879818
54.03283446712018
54.474013605442174
54.89197278911565
55.33315192743764
55.77433106575964
56.21551020408163
56.6334693877551
57.0746485260771
57.51582766439909
57.933786848072565
58.37496598639456
58.816145124716556
59.25732426303855
59.675283446712015
60.116462585034014
60.53442176870748
60.97560090702948
61.41678004535147
61.85795918367347
62.27591836734694
62.71709750566893
63.15827664399093
63.59945578231292
64.01741496598639
64.45859410430839
64.89977324263039
65.34095238095239
65.75891156462585
66.20009070294785
66.64126984126985
67.08244897959183
67.5004081632653
67.9415873015873
68.3827664399093
68.80072562358276
69.24190476190476
69.68308390022676
70.12426303854875
70.56544217687075
70.98340136054422
71.42458049886622
71.8657596371882
72.28371882086168
72.72489795918368
73.16607709750566
73.60725623582766
74.02521541950114
74.46639455782314
74.8843537414966
75.3255328798186
75.7667120181406
76.20789115646258
76.62585034013605
77.06702947845805
77.50820861678004
77.94938775510204
78.39056689342404
78.80852607709751
79.2497052154195
79.6908843537415
80.1320634920635
80.55002267573695
80.99120181405895
81.43238095238095
81.85034013605443
82.29151927437641
82.73269841269841
83.15065759637189
83.59183673469387
84.03301587301587
84.47419501133787
84.89215419501134
85.33333333333333
85.77451247165533
86.21569160997733
86.63365079365079
87.07482993197279
87.51600907029479
87.93396825396826
88.37514739229024
88.81632653061224
89.25750566893424
89.6754648526077
90.1166439909297
90.53460317460318
90.97578231292518
91.41696145124716
91.85814058956916
92.29931972789116
92.71727891156462
93.15845804988662
93.59963718820862
94.04081632653062
94.45877551020408
94.89995464852608
95.34113378684808
95.75909297052154
96.20027210884354
96.64145124716553
97.08263038548753
97.500589569161
97.94176870748299
98.38294784580499
98.82412698412699
99.24208616780045
99.68326530612245
100.12444444444445
100.54240362811791
100.98358276643991
101.42476190476191
101.84272108843537
102.28390022675737
102.72507936507937
103.16625850340137
103.58421768707483
104.02539682539683
104.46657596371882
104.90775510204081
105.32571428571428
105.76689342403628
106.20807256235828
106.64925170068027
107.06721088435374
107.50839002267574
107.94956916099773
108.3675283446712
108.8087074829932
109.2498866213152
109.69106575963718
110.10902494331066
110.55020408163266
110.96816326530612
111.40934240362812
111.85052154195012
112.29170068027211
112.7328798185941
113.15083900226757
113.59201814058957
114.03319727891156
114.45115646258503
114.89233560090703
115.33351473922903
115.77469387755102
116.19265306122449
116.63383219954649
117.07501133786847
117.49297052154195
117.93414965986395
118.37532879818595
118.81650793650793
119.25768707482993
119.6756462585034
120.11682539682539
120.55800453514739
120.97596371882086
121.41714285714286
121.85832199546485
122.27628117913832
122.71746031746032
123.1586394557823
123.5998185941043
124.01777777777778
124.45895691609978
124.90013605442176
125.34131519274376
125.75927437641724
126.20045351473922
126.64163265306122
127.0595918367347
127.5007709750567
127.94195011337868
128.3831292517007
128.80108843537414
129.24226757369615
129.68344671201814
130.1014058956916
130.5425850340136
130.9837641723356
131.4249433106576
131.84290249433107
132.28408163265306
132.72526077097507
133.16643990929705
133.58439909297053
134.0255782312925
134.443537414966
134.9079365079365
135.32589569161
135.76707482993197
136.20825396825396
136.62621315192743
137.06739229024944
137.50857142857143
137.9497505668934
138.3677097505669
138.8088888888889
139.2500680272109
139.69124716553287
140.10920634920635
140.55038548752833
140.99156462585034
141.40952380952382
141.8507029478458
142.2918820861678
142.7330612244898
143.15102040816328
143.59219954648526
144.01015873015874
144.45133786848072
144.89251700680273
145.33369614512472
145.7748752834467
146.19283446712018
146.63401360544216
147.07519274376418
147.49315192743765
147.93433106575964
148.37551020408162
148.81668934240363
149.2346485260771
149.6758276643991
150.11700680272108
150.5581859410431
150.97614512471657
151.41732426303855
151.85850340136054
152.276462585034
152.717641723356
153.158820861678
153.6
154.041179138322
154.45913832199545
154.90031746031747
155.34149659863945
155.75945578231293
156.2006349206349
156.64181405895692
157.0829931972789
157.50095238095238
157.94213151927437
158.38331065759638
158.82448979591837
159.24244897959184
159.68362811791383
160.1015873015873
160.5427664399093
160.9839455782313
161.42512471655328
161.86630385487527
162.28426303854874
162.72544217687076
163.16662131519274
163.60780045351473
164.0257596371882
164.46693877551022
164.9081179138322
165.32607709750567
165.76725623582766
166.20843537414967
166.64961451247166
167.06757369614513
167.50875283446712
167.9499319727891
168.36789115646258
168.8090702947846
169.25024943310657
169.69142857142856
170.10938775510203
170.55056689342405
170.99174603174603
171.4097052154195
171.8508843537415
172.2920634920635
172.7332426303855
173.15120181405896
173.59238095238095
174.01034013605442
174.4515192743764
174.89269841269842
175.3338775510204
175.7750566893424
176.19301587301587
176.63419501133788
177.07537414965986
177.51655328798185
177.93451247165532
178.37569160997734
178.81687074829932
179.2580498866213
179.67600907029478
180.11718820861677
180.55836734693878
180.97632653061225
181.41750566893424
181.85868480725622
182.2766439909297
182.7178231292517
183.1590022675737
183.60018140589568
184.01814058956916
184.45931972789117
184.90049886621316
185.31845804988663
185.75963718820861
186.2008163265306
186.6419954648526
187.0599546485261
187.50113378684807
187.94231292517006
188.38349206349207
188.80145124716555
189.24263038548753
189.68380952380951
190.12498866213153
190.542947845805
190.984126984127
191.42530612244897
191.84326530612245
192.28444444444443
192.72562358276645
193.14358276643992
193.5847619047619
194.0259410430839
194.4671201814059
194.88507936507938
195.32625850340136
195.76743764172335
196.20861678004536
196.64979591836735
197.06775510204082
197.5089342403628
197.95011337868482
198.3912925170068
198.80925170068028
199.25043083900226
199.69160997732428
200.10956916099772
200.55074829931974
200.99192743764172
201.4098866213152
201.85106575963718
202.2922448979592
202.73342403628118
203.15138321995465
203.59256235827664
204.03374149659865
204.47492063492064
204.8928798185941
205.3340589569161
205.7752380952381
206.19319727891155
206.63437641723357
207.07555555555555
207.51673469387754
207.934693877551
208.37587301587303
208.79383219954647
209.23501133786849
209.67619047619047
210.11736961451248
210.53532879818593
210.97650793650794
211.39446712018142
211.8356462585034
212.2768253968254
212.69478458049886
213.13596371882088
213.55392290249432
213.9718820861678
214.4130612244898
214.83102040816325
215.24897959183673
215.6669387755102
216.1081179138322
216.52607709750566
216.94403628117914
217.3619954648526
217.7799546485261
218.19791383219956
218.615873015873
219.05705215419502
219.4750113378685
219.86975056689343
220.2877097505669
220.70566893424035
221.12362811791382
221.5415873015873
