0.09287981859410431
0.5804988662131519
1.0913378684807256
1.6021768707482993
2.1130158730158732
2.5774149659863945
3.0650340136054424
3.5526530612244898
4.017052154195011
4.527891156462585
4.992290249433107
5.479909297052155
5.9675283446712015
6.455147392290249
6.919546485260771
7.4071655328798185
7.894784580498866
8.382403628117913
8.870022675736962
9.357641723356009
9.845260770975056
10.332879818594105
10.797278911564625
11.284897959183674
11.72607709750567
12.213696145124716
12.701315192743763
13.188934240362812
13.676553287981859
14.187392290249432
14.698231292517006
15.185850340136055
15.650249433106575
16.114648526077097
16.579047619047618
17.066666666666666
17.57750566893424
18.04190476190476
18.52952380952381
19.040362811791383
19.504761904761907
20.01560090702948
20.503219954648525
20.990839002267574
21.455238095238094
21.942857142857143
22.407256235827663
22.894875283446712
23.38249433106576
23.870113378684806
24.357732426303855
24.86857142857143
25.309750566893424
25.774149659863944
26.23854875283447
26.726167800453513
27.213786848072562
27.70140589569161
28.189024943310656
28.676643990929705
29.164263038548754
29.6518820861678
30.162721088435376
30.65034013605442
31.13795918367347
31.62557823129252
32.066757369614514
32.55437641723356
33.065215419501136
33.55283446712018
34.06367346938776
34.528072562358275
34.9924716553288
35.48009070294785
35.9677097505669
36.432108843537414
36.94294784580499
37.430566893424036
37.89496598639456
38.38258503401361
38.87020408163265
39.3578231292517
39.7990022675737
40.30984126984127
40.820680272108845
41.308299319727894
41.795918367346935
42.26031746031746
42.74793650793651
43.23555555555556
43.74639455782313
44.210793650793654
44.698412698412696
45.139591836734695
45.60399092970521
46.11482993197279
46.625668934240366
47.09006802721088
47.57768707482993
48.06530612244898
48.55292517006803
49.04054421768708
49.52816326530612
50.01578231292517
50.48018140589569
50.96780045351474
51.45541950113379
51.94303854875283
52.43065759637188
52.91827664399093
53.38267573696145
53.8702947845805
54.35791383219954
54.84553287981859
55.33315192743764
55.797551020408164
56.28517006802721
56.77278911564626
57.23718820861678
57.74802721088435
58.2356462585034
58.72326530612245
59.187664399092974
59.675283446712015
60.162902494331064
60.65052154195011
61.13814058956916
61.62575963718821
62.09015873015873
62.577777777777776
63.0421768707483
63.55301587301587
64.04063492063491
64.52825396825396
64.99265306122449
65.50349206349206
65.96789115646258
66.47873015873016
66.91990929705216
67.43074829931973
67.91836734693878
68.3827664399093
68.87038548752834
69.38122448979591
69.84562358276644
70.31002267573696
70.77442176870748
71.28526077097506
71.81931972789116
72.28371882086168
72.77133786848073
73.25895691609978
73.7233560090703
74.23419501133787
74.72181405895692
75.18621315192743
75.67383219954648
76.138231292517
76.579410430839
77.06702947845805
77.5546485260771
78.06548752834468
78.5298866213152
79.01750566893423
79.52834467120181
79.99274376417233
80.48036281179138
80.9447619047619
81.45560090702948
81.94321995464853
82.43083900226758
82.91845804988662
83.38285714285715
83.8704761904762
84.35809523809523
84.84571428571428
85.33333333333333
85.82095238095238
86.30857142857143
86.79619047619047
87.28380952380952
87.74820861678005
88.2358276643991
88.72344671201814
89.2110657596372
89.6754648526077
90.16308390022675
90.6507029478458
91.11510204081632
91.60272108843537
92.09034013605442
92.55473922902495
93.08879818594104
93.55319727891157
94.04081632653062
94.52843537414967
95.0160544217687
95.48045351473922
95.96807256235827
96.4324716553288
96.94331065759637
97.43092970521542
97.91854875283447
98.40616780045352
98.87056689342404
99.33496598639456
99.8225850340136
100.33342403628117
100.82104308390022
101.30866213151927
101.7730612244898
102.26068027210884
102.74829931972789
103.23591836734694
103.72353741496599
104.21115646258504
104.67555555555556
105.13995464852607
105.65079365079364
106.11519274376417
106.60281179138322
107.09043083900227
107.57804988662132
108.06566893424036
108.57650793650794
109.04090702947846
109.50530612244899
109.99292517006803
110.48054421768707
110.96816326530612
111.45578231292517
111.94340136054421
112.43102040816326
112.89541950113379
113.38303854875284
113.87065759637188
114.35827664399093
114.82267573696146
115.33351473922903
115.79791383219954
116.28553287981859
116.77315192743764
117.26077097505669
117.74839002267574
118.23600907029478
118.72362811791383
119.21124716553288
119.69886621315193
120.14004535147393
120.62766439909296
121.13850340136054
121.62612244897959
122.09052154195011
122.57814058956916
123.06575963718821
123.55337868480726
124.0409977324263
124.52861678004535
124.99301587301588
125.48063492063493
125.96825396825396
126.45587301587301
126.94349206349206
127.43111111111111
127.89551020408163
128.3831292517007
128.89396825396827
129.3815873015873
129.84598639455783
130.33360544217686
130.82122448979592
131.28562358276645
131.77324263038548
132.237641723356
132.74848072562358
133.2128798185941
133.72371882086168
134.1881179138322
134.65251700680273
135.1633560090703
135.65097505668933
136.11537414965986
136.60299319727892
137.09061224489795
137.57823129251702
138.06585034013605
138.55346938775511
139.0178684807256
139.52870748299318
139.9931065759637
140.48072562358277
140.9683446712018
141.45596371882087
141.9435827664399
142.43120181405897
142.918820861678
143.42965986394557
143.8940589569161
144.35845804988662
144.84607709750566
145.33369614512472
145.82131519274375
146.30893424036282
146.77333333333334
147.26095238095238
147.7253514739229
148.21297052154196
148.700589569161
149.18820861678006
149.6758276643991
150.16344671201813
150.6510657596372
151.13868480725623
151.60308390022675
152.0907029478458
152.55510204081634
153.0659410430839
153.55356009070294
154.041179138322
154.52879818594104
154.99319727891157
155.4808163265306
155.94521541950112
156.4328344671202
156.92045351473922
157.40807256235829
157.91891156462586
158.38331065759638
158.87092970521542
159.35854875283448
159.84616780045351
160.33378684807255
160.8214058956916
161.28580498866214
161.75020408163266
162.2378231292517
162.74866213151927
163.2130612244898
163.70068027210885
164.1882993197279
164.67591836734695
165.163537414966
165.65115646258502
166.13877551020408
166.62639455782312
167.09079365079364
167.5784126984127
168.08925170068028
168.5536507936508
169.04126984126984
169.5288888888889
170.01650793650794
170.504126984127
170.99174603174603
171.45614512471656
171.9437641723356
172.43138321995465
172.89578231292518
173.3834013605442
173.8942403628118
174.3586394557823
174.82303854875283
175.31065759637187
175.82149659863944
176.28589569160997
176.77351473922903
177.26113378684806
177.7255328798186
178.21315192743765
178.70077097505668
179.18839002267575
179.67600907029478
180.16362811791385
180.65124716553288
181.1388662131519
181.62648526077098
182.0908843537415
182.57850340136054
183.0661224489796
183.55374149659863
184.01814058956916
184.50575963718822
184.99337868480725
185.48099773242632
185.9918367346939
186.4562358276644
186.94385487528345
187.43147392290248
187.91909297052155
188.40671201814058
188.8711111111111
189.35873015873017
189.8463492063492
190.31074829931973
190.7983673469388
191.30920634920636
191.77360544217686
192.26122448979592
192.72562358276645
193.23646258503402
193.70086167800454
194.18848072562358
194.67609977324264
195.1869387755102
195.65133786848074
196.13895691609977
196.6033560090703
197.11419501133787
197.5785941043084
198.06621315192743
198.5538321995465
199.04145124716553
199.5290702947846
199.9934693877551
200.48108843537415
200.9687074829932
201.4331065759637
201.92072562358277
202.4083446712018
202.91918367346938
203.3835827664399
203.87120181405896
204.358820861678
204.84643990929706
205.3340589569161
205.79845804988662
206.28607709750568
206.77369614512472
207.23809523809524
207.72571428571428
208.21333333333334
208.70095238095237
209.18857142857144
209.67619047619047
210.16380952380953
210.65142857142857
211.13904761904763
211.62666666666667
212.0910657596372
212.57868480725622
213.0663038548753
213.55392290249432
214.04154195011338
214.52916099773242
215.01678004535148
215.481179138322
215.96879818594104
216.4564172335601
216.94403628117914
217.43165532879817
217.8960544217687
218.38367346938776
218.8712925170068
219.35891156462586
219.8465306122449
220.33414965986395
220.79854875283448
221.2861678004535
221.77378684807258
222.28462585034015
222.74902494331064
223.2366439909297
223.70104308390023
224.18866213151927
224.72272108843538
225.23356009070295
225.74439909297053
226.2552380952381
226.76607709750567
227.27691609977325
227.81097505668933
228.2985941043084
228.80943310657597
229.32027210884354
229.85433106575962
230.38839002267574
230.92244897959185
231.45650793650793
231.944126984127
232.38530612244898
232.89614512471655
233.36054421768708
233.8481632653061
234.3590022675737
234.8234013605442
235.31102040816327
235.82185941043085
