0.09287981859410431
0.44117913832199546
0.7894784580498866
1.1377777777777778
1.486077097505669
1.8343764172335602
2.182675736961451
2.5541950113378684
2.9257142857142857
3.297233560090703
3.6687528344671203
4.040272108843538
4.4117913832199545
4.806530612244898
5.178049886621316
5.5495691609977325
5.921088435374149
6.292607709750567
6.664126984126984
7.035646258503402
7.4071655328798185
7.778684807256236
8.17342403628118
8.544943310657596
8.916462585034013
9.287981859410431
9.659501133786849
10.031020408163265
10.402539682539683
10.797278911564625
11.168798185941043
11.54031746031746
11.911836734693878
12.283356009070294
12.654875283446712
13.02639455782313
13.397913832199546
13.79265306122449
14.164172335600908
14.535691609977324
14.907210884353741
15.301950113378684
15.673469387755102
16.04498866213152
16.416507936507937
16.81124716553288
17.182766439909297
17.531065759637187
17.902585034013605
18.274104308390022
18.64562358276644
19.040362811791383
19.435102040816325
19.806621315192743
20.154920634920636
20.54965986394558
20.921179138321996
21.31591836734694
21.66421768707483
22.035736961451246
22.430476190476192
22.801995464852606
23.173514739229024
23.56825396825397
24.055873015873015
24.450612244897957
24.822131519274375
25.21687074829932
25.588390022675735
25.93668934240363
26.308208616780046
26.70294784580499
27.074467120181406
27.46920634920635
27.817505668934242
28.212244897959184
28.583764172335602
28.955283446712016
29.30358276643991
29.698321995464852
30.06984126984127
30.464580498866212
30.812879818594105
31.207619047619048
31.60235827664399
31.950657596371883
32.298956916099776
32.69369614512472
33.065215419501136
33.45995464852608
33.80825396825397
34.202993197278914
34.57451247165533
34.94603174603174
35.294331065759636
35.68907029478458
36.060589569160996
36.432108843537414
36.80362811791383
37.198367346938774
37.56988662131519
37.94140589569161
38.31292517006803
38.684444444444445
39.05596371882086
39.450702947845805
39.7990022675737
40.170521541950116
40.56526077097506
40.936780045351476
41.308299319727894
41.67981859410431
42.05133786848072
42.42285714285714
42.79437641723356
43.1891156462585
43.58385487528345
43.932154195011336
44.30367346938775
44.698412698412696
45.069931972789114
45.44145124716553
45.789750566893424
46.18448979591837
46.556009070294785
46.9275283446712
47.29904761904762
47.67056689342404
48.06530612244898
48.4368253968254
48.808344671201816
49.179863945578234
49.574603174603176
49.92290249433107
50.29442176870748
50.68916099773243
51.06068027210885
51.45541950113379
51.803718820861675
52.17523809523809
52.569977324263036
52.94149659863945
53.289795918367346
53.68453514739229
54.05605442176871
54.427573696145124
54.77587301587302
55.17061224489796
55.54213151927438
55.913650793650795
56.28517006802721
56.679909297052156
57.05142857142857
57.42294784580499
57.79446712018141
58.16598639455783
58.53750566893424
58.909024943310655
59.28054421768707
59.675283446712015
60.04680272108843
60.41832199546485
60.78984126984127
61.18458049886621
61.55609977324263
61.92761904761905
62.27591836734694
62.67065759637188
63.0421768707483
63.41369614512472
63.785215419501135
64.15673469387755
64.52825396825396
64.89977324263039
65.2712925170068
65.66603174603175
66.03755102040816
66.43229024943311
66.780589569161
67.17532879818594
67.54684807256236
67.91836734693878
68.26666666666667
68.66140589569162
69.03292517006803
69.40444444444445
69.77596371882086
70.17070294784581
70.54222222222222
70.89052154195011
71.26204081632653
71.65678004535147
72.02829931972789
72.3998185941043
72.77133786848073
73.16607709750566
73.53759637188209
73.88589569160997
74.2574149659864
74.65215419501133
75.02367346938776
75.4184126984127
75.7667120181406
76.16145124716553
76.53297052154196
76.90448979591837
77.27600907029479
77.6475283446712
78.01904761904763
78.39056689342404
78.76208616780045
79.1568253968254
79.52834467120181
79.89986394557823
80.27138321995464
80.66612244897959
81.037641723356
81.40916099773243
81.75746031746031
82.15219954648526
82.5469387755102
82.8952380952381
83.26675736961451
83.63827664399093
84.00979591836735
84.38131519274377
84.75283446712018
85.14757369614513
85.54231292517007
85.91383219954649
86.26213151927438
86.65687074829933
87.02839002267574
87.39990929705215
87.77142857142857
88.14294784580498
88.53768707482993
88.88598639455782
89.25750566893424
89.65224489795918
90.0237641723356
90.39528344671201
90.76680272108844
91.13832199546485
91.5330612244898
91.90458049886621
92.25287981859411
92.64761904761905
93.01913832199547
93.39065759637188
93.7621768707483
94.13369614512472
94.52843537414967
94.87673469387755
95.24825396825396
95.64299319727891
96.01451247165532
96.40925170068027
96.75755102040816
97.15229024943311
97.52380952380952
97.89532879818594
98.24362811791383
98.63836734693878
99.00988662131519
99.40462585034014
99.75292517006802
100.12444444444445
100.49596371882086
100.86748299319729
101.2390022675737
101.63374149659865
102.00526077097506
102.37678004535148
102.74829931972789
103.1198185941043
103.51455782312925
103.88607709750566
104.23437641723356
104.6291156462585
105.00063492063492
105.39537414965986
105.74367346938776
106.1384126984127
106.4867120181406
106.88145124716553
107.25297052154195
107.64770975056689
107.99600907029479
108.39074829931972
108.73904761904762
109.11056689342404
109.48208616780046
109.8768253968254
110.24834467120182
110.61986394557823
110.99138321995464
111.38612244897959
111.73442176870748
112.12916099773243
112.52390022675738
112.87219954648526
113.22049886621315
113.6152380952381
113.98675736961451
114.35827664399093
114.72979591836734
115.1245351473923
115.51927437641723
115.86757369614513
116.21587301587302
116.61061224489796
116.98213151927438
117.37687074829932
117.72517006802721
118.11990929705216
118.49142857142857
118.86294784580498
119.2344671201814
119.60598639455782
120.00072562358277
120.37224489795918
120.72054421768708
121.11528344671201
121.51002267573696
121.85832199546485
122.22984126984127
122.60136054421768
122.97287981859411
123.34439909297052
123.71591836734694
124.11065759637188
124.4821768707483
124.85369614512472
125.22521541950114
125.59673469387755
125.96825396825396
126.36299319727891
126.7112925170068
127.10603174603175
127.5007709750567
127.8722902494331
128.220589569161
128.61532879818594
128.98684807256237
129.35836734693876
129.70666666666668
130.1014058956916
130.49614512471655
130.84444444444443
131.21596371882086
131.58748299319728
131.98222222222222
132.35374149659864
132.72526077097507
133.09678004535147
133.49151927437643
133.83981859410432
134.2113378684807
134.60607709750568
134.9775963718821
135.37233560090704
135.72063492063492
136.11537414965986
136.48689342403628
136.83519274376417
137.2067120181406
137.60145124716553
137.97297052154195
138.34448979591838
138.69278911564626
139.0875283446712
139.45904761904762
139.83056689342405
140.20208616780045
140.5968253968254
140.9683446712018
141.33986394557823
141.71138321995466
142.08290249433108
142.47764172335602
142.8259410430839
143.19746031746033
143.59219954648526
143.9637188208617
144.33523809523808
144.7067573696145
145.10149659863944
145.47301587301587
145.8445351473923
146.19283446712018
146.5875736961451
146.95909297052154
147.35383219954647
147.7021315192744
148.07365079365078
148.4451700680272
148.83990929705215
149.18820861678006
149.582947845805
149.95446712018142
150.34920634920636
150.69750566893424
151.09224489795918
151.4637641723356
151.83528344671203
152.20680272108842
152.57832199546485
152.94984126984127
153.3213605442177
153.6928798185941
154.08761904761906
154.45913832199545
154.83065759637188
155.2021768707483
155.57369614512473
155.94521541950112
156.31673469387755
156.68825396825397
157.0829931972789
157.45451247165533
157.82603174603176
158.19755102040816
158.56907029478458
158.940589569161
159.3121088435374
159.68362811791383
160.07836734693876
160.47310657596373
160.84462585034012
161.19292517006804
161.56444444444443
161.93596371882086
162.30748299319728
162.6790022675737
163.07374149659864
163.46848072562358
163.84
164.1882993197279
164.58303854875282
164.95455782312925
165.32607709750567
165.6975963718821
166.0691156462585
166.46385487528346
166.81215419501135
167.18367346938774
167.5784126984127
167.9499319727891
168.32145124716553
168.69297052154195
169.06448979591838
169.4592290249433
169.83074829931974
170.17904761904762
170.57378684807256
170.94530612244898
171.3168253968254
171.6883446712018
172.05986394557823
172.45460317460316
172.80290249433108
173.17442176870748
173.56916099773244
173.94068027210884
174.31219954648526
174.68371882086169
175.07845804988662
175.44997732426305
175.82149659863944
176.16979591836736
176.5645351473923
176.93605442176872
177.3075736961451
177.67909297052154
178.07383219954647
178.4453514739229
178.79365079365078
179.1651700680272
179.53668934240363
179.93142857142857
180.302947845805
180.67446712018142
181.06920634920635
181.44072562358278
181.78902494331066
182.16054421768706
182.55528344671202
182.92680272108842
183.29832199546485
183.66984126984127
184.0645804988662
184.43609977324263
184.80761904761906
185.15591836734694
185.52743764172337
185.9221768707483
186.29369614512473
186.66521541950112
187.0599546485261
187.43147392290248
187.7797732426304
188.1512925170068
188.54603174603176
188.91755102040815
189.28907029478458
189.660589569161
190.05532879818594
190.42684807256236
190.7983673469388
191.1698866213152
191.5414058956916
191.93614512471655
192.30766439909297
192.65596371882086
193.0507029478458
193.42222222222222
193.79374149659864
194.16526077097507
194.53678004535146
194.9082993197279
195.2798185941043
195.65133786848074
196.04607709750567
196.4175963718821
196.7891156462585
197.16063492063492
197.53215419501134
197.92689342403628
198.2984126984127
198.6467120181406
199.04145124716553
199.41297052154195
199.78448979591838
200.15600907029477
200.5275283446712
200.89904761904762
201.27056689342405
201.64208616780044
202.0368253968254
202.4083446712018
202.77986394557823
203.15138321995465
203.52290249433108
203.89442176870747
204.28916099773244
204.66068027210883
205.03219954648526
205.40371882086168
205.7752380952381
206.1467573696145
206.51827664399093
206.91301587301587
207.2845351473923
207.65605442176872
208.0275736961451
208.39909297052154
208.77061224489796
209.1421315192744
209.51365079365078
209.8851700680272
210.25668934240363
210.62820861678006
211.022947845805
211.37124716553288
211.7659863945578
212.13750566893424
212.50902494331066
212.8805442176871
213.27528344671202
213.64680272108845
214.01832199546485
214.38984126984127
214.7613605442177
215.1328798185941
215.50439909297052
215.87591836734694
216.27065759637188
216.61895691609976
217.01369614512473
217.38521541950112
217.75673469387755
218.10503401360543
218.4997732426304
218.8712925170068
219.24281179138322
219.61433106575964
219.98585034013607
220.35736961451246
220.75210884353743
221.1004081632653
221.49514739229025
221.86666666666667
222.2614058956916
222.6097052154195
223.00444444444443
223.37596371882086
223.74748299319728
224.1190022675737
224.4905215419501
224.86204081632653
225.23356009070295
225.60507936507938
225.9998185941043
226.37133786848074
226.74285714285713
227.09115646258505
227.48589569160998
227.88063492063492
228.25215419501134
228.62367346938777
229.0184126984127
229.38993197278913
229.76145124716552
230.13297052154195
230.50448979591837
230.87600907029477
231.2475283446712
231.61904761904762
232.01378684807256
232.38530612244898
232.7568253968254
233.1283446712018
233.49986394557823
233.87138321995465
234.24290249433108
234.61442176870747
235.00916099773244
235.38068027210883
235.7754195011338
236.12371882086168
236.4952380952381
236.88997732426304
237.26149659863947
237.63301587301586
238.0045351473923
238.39927437641722
238.74757369614514
239.11909297052154
239.49061224489796
239.8853514739229
240.25687074829932
240.62839002267575
240.99990929705214
241.3946485260771
241.7661678004535
242.11446712018142
242.50920634920635
242.88072562358278
243.25224489795917
243.6237641723356
243.99528344671202
244.36680272108845
244.73832199546484
245.10984126984127
245.4813605442177
245.85287981859412
246.24761904761905
246.61913832199548
246.99065759637188
247.38539682539684
247.75691609977324
248.10521541950112
248.49995464852609
248.87147392290248
249.2429931972789
249.61451247165533
249.98603174603176
250.35755102040815
250.72907029478458
251.100589569161
251.49532879818594
251.86684807256236
252.2615873015873
252.60988662131518
253.00462585034015
253.37614512471654
253.72444444444446
254.09596371882085
254.49070294784582
254.86222222222221
255.23374149659864
255.60526077097506
256.0
256.3715192743764
256.74303854875285
257.0913378684807
257.48607709750564
257.8575963718821
258.25233560090703
258.60063492063495
258.97215419501134
259.34367346938774
259.7151927437642
260.0867120181406
260.4814512471655
260.852970521542
261.2477097505669
261.59600907029477
261.9907482993197
262.36226757369616
262.73378684807255
263.08208616780047
263.4768253968254
263.8483446712018
264.24308390022674
264.59138321995465
264.9861224489796
265.357641723356
265.72916099773244
266.0774603174603
266.4721995464853
266.8437188208617
267.2384580498866
267.58675736961453
267.98149659863947
268.35301587301586
268.7245351473923
269.0728344671202
269.4675736961451
269.83909297052156
270.2338321995465
270.58213151927436
270.97687074829935
271.34839002267574
271.71990929705214
272.0914285714286
272.462947845805
272.8344671201814
273.2292063492063
273.57750566893424
273.9722448979592
274.3437641723356
274.715283446712
275.0868027210884
275.45832199546487
275.82984126984127
276.2245804988662
276.5728798185941
276.96761904761905
277.33913832199545
277.7106575963719
278.0821768707483
278.4536961451247
278.82521541950115
279.2199546485261
279.56825396825394
279.96299319727893
280.33451247165533
280.7060317460317
281.0775510204082
281.4490702947846
281.820589569161
282.21532879818596
282.5636281179138
282.95836734693876
283.3298866213152
283.7014058956916
284.072925170068
284.44444444444446
284.81596371882085
285.2107029478458
285.5590022675737
285.95374149659864
286.32526077097504
286.6967800453515
287.0682993197279
287.4630385487528
287.8345578231293
288.20607709750567
288.5543764172336
288.92589569161
289.2974149659864
289.66893424036283
290.06367346938777
290.43519274376416
290.8067120181406
291.20145124716555
291.5497505668934
291.94448979591834
