0.11609977324263039
0.7662585034013606
1.4396371882086167
2.066575963718821
2.693514739229025
3.320453514739229
3.9938321995464854
4.6439909297052155
5.294149659863946
5.944308390022676
6.617687074829932
7.244625850340136
7.894784580498866
8.544943310657596
9.218321995464853
9.845260770975056
10.518639455782314
11.168798185941043
11.842176870748299
12.469115646258503
13.119274376417234
13.769433106575963
14.44281179138322
15.069750566893424
15.719909297052155
16.370068027210884
17.04344671201814
17.670385487528346
18.3437641723356
18.99392290249433
19.667301587301587
20.29424036281179
20.94439909297052
21.59455782312925
22.267936507936508
22.894875283446712
23.54503401360544
24.19519274376417
24.86857142857143
25.495510204081633
26.16888888888889
26.81904761904762
27.492426303854874
28.11936507936508
28.76952380952381
29.41968253968254
30.06984126984127
30.72
31.37015873015873
32.02031746031746
32.69369614512472
33.32063492063492
33.99401360544218
34.644172335600906
35.31755102040816
35.944489795918365
36.594648526077094
37.24480725623583
37.918185941043085
38.54512471655329
39.21850340136054
39.84544217687075
40.518820861678
41.16897959183674
41.81913832199547
42.4692970521542
43.14267573696145
43.769614512471655
44.419773242630384
45.069931972789114
45.743310657596375
46.37024943310658
47.02040816326531
47.67056689342404
48.34394557823129
48.99410430839002
49.64426303854875
50.29442176870748
50.96780045351474
51.594739229024945
52.244897959183675
52.895056689342404
53.56843537414966
54.19537414965986
54.868752834467124
55.49569160997732
56.16907029478458
56.79600907029479
57.46938775510204
58.11954648526077
58.792925170068024
59.41986394557823
60.070022675736965
60.720181405895694
61.39356009070295
62.02049886621315
62.69387755102041
63.344036281179136
64.01741496598639
64.6443537414966
65.29451247165532
65.94467120181406
66.61804988662132
67.24498866213152
67.89514739229026
68.54530612244898
69.21868480725624
69.84562358276644
70.49578231292517
71.1459410430839
71.81931972789116
72.46947845804989
73.11963718820861
73.76979591836735
74.4431746031746
75.07011337868481
75.72027210884353
76.37043083900227
77.04380952380953
77.67074829931973
78.34412698412699
78.99428571428571
79.64444444444445
80.29460317460317
80.92154195011338
81.59492063492064
82.26829931972789
82.8952380952381
83.5221768707483
84.19555555555556
84.86893424036282
85.51909297052154
86.16925170068028
86.819410430839
87.46956916099774
88.11972789115646
88.7698866213152
89.42004535147392
90.09342403628118
90.72036281179139
91.37052154195011
92.02068027210885
92.6940589569161
93.3209977324263
93.99437641723355
94.64453514739229
95.29469387755103
95.94485260770975
96.59501133786848
97.2451700680272
97.89532879818594
98.54548752834467
99.1956462585034
99.84580498866214
100.51918367346939
101.1461224489796
101.81950113378684
102.46965986394558
103.1198185941043
103.76997732426304
104.42013605442177
105.0702947845805
105.74367346938776
106.37061224489796
107.02077097505669
107.67092970521541
108.34430839002268
108.97124716553287
109.64462585034013
110.29478458049887
110.96816326530612
111.59510204081633
112.24526077097505
112.89541950113379
113.56879818594105
114.19573696145125
114.84589569160998
115.4960544217687
116.19265306122449
116.81959183673469
117.46975056689342
118.11990929705216
118.79328798185941
119.42022675736962
120.07038548752834
120.72054421768708
121.39392290249432
122.02086167800454
122.6942403628118
123.34439909297052
124.01777777777778
124.64471655328798
125.29487528344671
125.94503401360544
126.6184126984127
127.24535147392291
127.89551020408163
128.54566893424035
129.21904761904761
129.84598639455783
130.5193650793651
131.1695238095238
131.84290249433107
132.46984126984128
133.12
133.77015873015873
134.443537414966
135.0704761904762
135.72063492063492
136.37079365079364
137.0441723356009
137.67111111111112
138.32126984126984
138.97142857142856
139.66802721088436
140.29496598639454
140.9451247165533
141.59528344671202
142.26866213151928
142.8956009070295
143.5457596371882
144.19591836734693
144.8692970521542
145.51945578231292
146.19283446712018
146.88943310657595
147.49315192743765
148.12009070294783
148.77024943310659
149.44362811791385
150.09378684807257
150.7439455782313
151.3708843537415
152.02104308390022
152.69442176870749
153.3213605442177
153.99473922902493
154.64489795918368
155.31827664399094
155.96843537414966
156.59537414965988
157.2687528344671
157.9653514739229
158.54585034013604
159.1960090702948
159.84616780045351
160.51954648526078
161.146485260771
161.81986394557822
162.47002267573697
163.1201814058957
163.77034013605441
164.42049886621317
165.0706575963719
165.74403628117915
166.37097505668933
167.02113378684808
167.6712925170068
168.34467120181407
168.9948299319728
169.6449886621315
170.29514739229026
170.9685260770975
171.5954648526077
172.24562358276643
172.89578231292518
173.56916099773244
174.19609977324262
174.86947845804988
175.5196371882086
176.16979591836736
176.81995464852608
177.4701133786848
178.12027210884355
178.79365079365078
179.420589569161
180.07074829931972
180.72090702947847
181.3942857142857
182.0212244897959
182.67138321995463
183.32154195011339
183.99492063492065
184.64507936507937
185.2952380952381
185.9453968253968
186.61877551020407
187.24571428571429
187.895873015873
188.54603174603176
189.219410430839
189.8463492063492
190.51972789115646
191.14666666666668
191.7968253968254
192.44698412698412
193.12036281179138
193.7473015873016
194.42068027210885
195.07083900226758
195.7209977324263
196.37115646258502
197.04453514739228
197.6714739229025
198.32163265306122
198.97179138321997
199.6451700680272
