0.09287981859410431
0.5572789115646258
1.0448979591836736
1.5325170068027212
1.9969160997732427
2.4380952380952383
2.9024943310657596
3.3668934240362813
3.8080725623582765
4.249251700680272
4.690430839002268
5.108390022675737
5.526349206349207
5.9675283446712015
6.431927437641724
6.896326530612245
7.360725623582766
7.87156462585034
8.335963718820862
8.800362811791382
9.264761904761905
9.729160997732427
10.193560090702947
10.65795918367347
11.145578231292516
11.609977324263038
12.07437641723356
12.515555555555556
12.956734693877552
13.444353741496599
13.908752834467121
14.373151927437641
14.837551020408164
15.27873015873016
15.719909297052155
16.16108843537415
16.602267573696146
17.020226757369613
17.46140589569161
17.925804988662133
18.3437641723356
18.854603174603174
19.319002267573698
19.806621315192743
20.271020408163267
20.735419501133787
21.199818594104308
21.66421768707483
22.128616780045352
22.593015873015872
23.08063492063492
23.54503401360544
24.009433106575965
24.49705215419501
24.961451247165535
25.425850340136055
25.86702947845805
26.354648526077096
26.81904761904762
27.30666666666667
27.77106575963719
28.23546485260771
28.69986394557823
29.164263038548754
29.628662131519274
30.116281179138323
30.580680272108843
31.045079365079363
31.509478458049887
31.973877551020408
32.46149659863946
32.92589569160998
33.3902947845805
33.85469387755102
34.319092970521545
34.80671201814059
35.27111111111111
35.735510204081635
36.19990929705215
36.664308390022676
37.151927437641724
37.61632653061225
38.080725623582765
38.54512471655329
39.00952380952381
39.497142857142855
39.96154195011338
40.4259410430839
40.89034013605442
41.35473922902494
41.81913832199547
42.30675736961451
42.77115646258503
43.23555555555556
43.699954648526074
44.1643537414966
44.62875283446712
45.11637188208617
45.58077097505669
46.04517006802721
46.53278911564626
46.99718820861678
47.4615873015873
47.925986394557825
48.39038548752834
48.854784580498865
49.31918367346939
49.783582766439906
50.271201814058955
50.73560090702948
51.2
51.66439909297052
52.128798185941044
52.61641723356009
53.08081632653061
53.54521541950113
54.03283446712018
54.497233560090706
54.96163265306122
55.42603174603175
55.89043083900227
56.35482993197279
56.81922902494331
57.30684807256236
57.77124716553288
58.2356462585034
58.700045351473925
59.187664399092974
59.65206349206349
60.116462585034014
60.58086167800454
61.045260770975055
61.50965986394558
61.9740589569161
62.43845804988662
62.92607709750567
63.39047619047619
63.85487528344671
64.34249433106577
64.80689342403628
65.2712925170068
65.73569160997732
66.20009070294785
66.6877097505669
67.15210884353742
67.61650793650794
68.08090702947845
68.54530612244898
69.0097052154195
69.49732426303855
69.96172335600907
70.4261224489796
70.89052154195011
71.35492063492063
71.84253968253968
72.3069387755102
72.77133786848073
73.23573696145125
73.70013605442176
74.16453514739229
74.65215419501133
75.11655328798186
75.58095238095238
76.0453514739229
76.50975056689343
76.99736961451246
77.46176870748299
77.92616780045351
78.39056689342404
78.85496598639456
79.31936507936508
79.7837641723356
80.27138321995464
80.73578231292517
81.20018140589569
81.66458049886621
82.12897959183674
82.61659863945579
83.0809977324263
83.54539682539682
84.00979591836735
84.47419501133787
84.96181405895692
85.42621315192744
85.89061224489797
86.35501133786848
86.819410430839
87.30702947845805
87.77142857142857
88.2358276643991
88.70022675736962
89.16462585034013
89.62902494331065
90.1166439909297
90.58104308390023
91.04544217687075
91.50984126984127
91.9742403628118
92.43863945578231
92.92625850340136
93.39065759637188
93.8550566893424
94.31945578231293
94.80707482993198
95.2714739229025
95.73587301587301
96.20027210884354
96.66467120181406
97.15229024943311
97.61668934240363
98.08108843537416
98.54548752834467
99.00988662131519
99.47428571428571
99.96190476190476
100.42630385487529
100.89070294784581
101.35510204081632
101.84272108843537
102.30712018140589
102.77151927437642
103.23591836734694
103.70031746031746
104.16471655328799
104.65233560090702
105.11673469387755
105.58113378684807
106.0455328798186
106.50993197278912
106.97433106575964
107.46195011337869
107.9263492063492
108.39074829931972
108.85514739229025
109.31954648526077
109.7839455782313
110.24834467120182
110.73596371882086
111.20036281179138
111.6647619047619
112.12916099773243
112.61678004535148
113.10439909297052
113.56879818594105
114.03319727891156
114.49759637188208
114.9619954648526
115.42639455782313
115.89079365079365
116.3784126984127
116.84281179138323
117.30721088435374
117.77160997732426
118.23600907029478
118.72362811791383
119.18802721088436
119.65242630385488
120.11682539682539
120.58122448979591
121.04562358276644
121.53324263038549
121.99764172335601
122.46204081632654
122.92643990929706
123.39083900226757
123.8552380952381
124.31963718820862
124.78403628117914
125.27165532879819
125.73605442176871
126.20045351473922
126.68807256235827
127.1524716553288
127.61687074829932
128.08126984126983
128.54566893424035
129.01006802721088
129.4744671201814
129.96208616780046
130.426485260771
130.89088435374148
131.355283446712
131.81968253968253
132.3073015873016
132.77170068027212
133.23609977324264
133.70049886621314
134.16489795918366
134.6292970521542
135.11691609977325
135.58131519274377
136.0457142857143
136.51011337868482
136.99773242630386
137.46213151927438
137.9265306122449
138.39092970521543
138.85532879818595
139.34294784580499
139.8073469387755
140.27174603174603
140.73614512471656
141.20054421768708
141.6649433106576
142.12934240362813
142.59374149659865
143.05814058956915
143.5457596371882
144.01015873015874
144.47455782312926
144.93895691609978
145.4033560090703
145.89097505668934
146.35537414965987
146.8197732426304
147.30739229024942
147.77179138321995
148.21297052154196
148.700589569161
149.16498866213152
149.62938775510204
150.11700680272108
150.5814058956916
151.04580498866213
151.51020408163265
151.97460317460317
152.4622222222222
152.92662131519273
153.39102040816326
153.85541950113378
154.3198185941043
154.78421768707483
155.24861678004535
155.71301587301588
156.1774149659864
156.64181405895692
157.12943310657596
157.59383219954648
158.01179138321996
158.42975056689343
158.8477097505669
159.26566893424035
159.73006802721088
160.1712471655329
160.61242630385487
161.05360544217686
161.54122448979592
162.02884353741496
162.51646258503402
163.00408163265305
163.46848072562358
163.95609977324264
164.39727891156463
164.86167800453515
165.34929705215418
165.8136961451247
166.27809523809523
166.71927437641725
167.16045351473923
167.60163265306122
168.04281179138323
168.48399092970521
168.9019501133787
169.31990929705216
169.7843083900227
170.27192743764172
170.73632653061225
171.20072562358277
171.6883446712018
172.15274376417233
172.61714285714285
173.08154195011338
173.5459410430839
174.01034013605442
174.47473922902495
174.96235827664398
175.4267573696145
175.89115646258503
176.35555555555555
176.81995464852608
177.3075736961451
177.77197278911564
178.23637188208616
178.70077097505668
179.1651700680272
179.62956916099773
180.11718820861677
180.5815873015873
181.04598639455781
181.53360544217688
181.9980045351474
182.46240362811793
182.92680272108842
183.39120181405895
183.85560090702947
184.34321995464853
184.80761904761906
185.27201814058958
185.7364172335601
186.2008163265306
186.66521541950112
187.12961451247165
187.6172335600907
188.08163265306123
188.54603174603176
189.01043083900225
189.49804988662132
189.96244897959184
190.42684807256236
190.8912471655329
191.3556462585034
191.84326530612245
192.30766439909297
192.7720634920635
193.23646258503402
193.70086167800454
194.16526077097507
194.6296598639456
195.11727891156463
195.58167800453515
196.04607709750567
196.5104761904762
196.99809523809523
197.46249433106576
197.92689342403628
198.3912925170068
