0.11609977324263039
0.6501587301587302
1.18421768707483
1.7182766439909296
2.2523356009070294
2.786394557823129
3.3436734693877552
4.040272108843538
4.574331065759637
5.108390022675737
5.6656689342403626
6.362267573696145
6.896326530612245
7.430385487528345
7.964444444444444
8.52172335600907
9.05578231292517
9.752380952380953
10.286439909297052
10.797278911564625
11.377777777777778
11.911836734693878
12.445895691609977
12.979954648526077
13.514013605442177
14.048072562358277
14.582131519274377
15.116190476190477
15.650249433106575
16.184308390022675
16.741587301587302
17.2756462585034
17.809705215419502
18.3437641723356
18.877823129251702
19.4118820861678
19.9459410430839
20.48
21.199818594104308
21.73387755102041
22.221496598639455
22.77877551020408
23.26639455782313
23.823673469387757
24.38095238095238
24.938231292517006
25.495510204081633
26.006349206349206
26.540408163265305
26.93514739229025
27.445986394557824
27.980045351473922
28.69986394557823
29.23392290249433
29.76798185941043
30.30204081632653
30.83609977324263
31.30049886621315
31.741678004535146
32.275736961451244
32.80979591836735
33.34385487528345
33.90113378684807
34.411972789115644
34.94603174603174
35.48009070294785
36.014149659863946
36.57142857142857
37.10548752834467
37.6627664399093
38.31292517006803
38.87020408163265
39.42748299319728
39.96154195011338
40.49560090702948
40.983219954648526
41.470839002267574
41.98167800453515
42.49251700680272
43.003356009070295
43.51419501133787
44.04825396825397
44.582312925170065
45.139591836734695
45.67365079365079
46.25414965986395
46.88108843537415
47.438367346938776
47.9956462585034
48.529705215419504
49.0637641723356
49.5978231292517
50.1318820861678
50.6659410430839
51.17678004535147
51.687619047619044
52.15201814058957
52.63963718820862
53.173696145124715
53.707755102040814
54.24181405895692
54.77587301587302
55.263492063492066
55.75111111111111
56.23873015873016
56.74956916099773
57.2604081632653
57.79446712018141
58.35174603174603
58.88580498866213
59.41986394557823
59.9307029478458
60.395102040816326
60.85950113378685
61.39356009070295
61.92761904761905
62.461678004535145
62.99573696145125
63.52979591836735
64.06385487528345
64.59791383219955
65.13197278911565
65.82857142857142
66.38585034013606
66.91990929705216
67.45396825396826
67.98802721088435
68.52208616780045
69.07936507936508
69.61342403628117
70.12426303854875
70.58866213151927
71.07628117913832
71.56390022675737
72.09795918367347
72.63201814058957
73.18929705215419
73.70013605442176
74.28063492063492
74.95401360544217
75.51129251700681
76.0453514739229
76.55619047619048
77.27600907029479
77.81006802721089
78.34412698412699
78.90140589569161
79.41224489795918
80.1320634920635
80.66612244897959
81.20018140589569
81.75746031746031
82.361179138322
82.9881179138322
83.5221768707483
84.07945578231292
84.61351473922902
85.14757369614513
85.70485260770975
86.30857142857143
86.91229024943311
87.46956916099774
88.00362811791383
88.56090702947846
89.09496598639456
89.62902494331065
90.13986394557823
90.67392290249433
91.23120181405896
91.76526077097506
92.29931972789116
92.83337868480726
93.36743764172336
93.92471655328798
94.43555555555555
94.96961451247165
95.50367346938775
96.03773242630386
96.57179138321996
97.12907029478458
97.66312925170068
98.19718820861678
98.73124716553288
99.26530612244898
99.79936507936507
100.33342403628117
100.86748299319729
101.40154195011338
101.93560090702948
102.46965986394558
103.00371882086168
103.53777777777778
104.07183673469387
104.60589569160997
105.13995464852607
105.69723356009071
106.2312925170068
106.7653514739229
107.299410430839
107.8334693877551
108.3675283446712
108.9015873015873
109.4356462585034
109.9697052154195
110.48054421768707
111.0378231292517
111.5718820861678
112.1059410430839
112.66321995464853
113.19727891156462
113.7081179138322
114.26539682539682
114.79945578231292
115.33351473922903
115.86757369614513
116.40163265306123
116.9124716553288
117.4465306122449
117.980589569161
118.53786848072562
119.07192743764172
119.62920634920636
120.14004535147393
120.69732426303855
121.23138321995465
121.76544217687075
122.29950113378685
122.83356009070295
123.36761904761904
123.90167800453514
124.43573696145124
124.96979591836735
125.50385487528345
126.06113378684807
126.59519274376417
127.19891156462585
127.80263038548753
128.3134693877551
128.87074829931973
129.42802721088435
129.96208616780046
130.49614512471655
131.03020408163266
131.58748299319728
132.12154195011337
132.65560090702948
133.18965986394556
133.72371882086168
134.2577777777778
134.8150566893424
135.51165532879818
136.0457142857143
136.57977324263038
137.1138321995465
137.62467120181407
138.1122902494331
138.59990929705216
139.0875283446712
139.6215873015873
140.1556462585034
140.6897052154195
141.2237641723356
141.7578231292517
142.2918820861678
142.80272108843536
143.36
143.8708390022676
144.35845804988662
144.82285714285715
145.33369614512472
145.8677551020408
146.40181405895692
146.93587301587303
147.4699319727891
148.00399092970522
148.56126984126985
149.14176870748298
149.7687074829932
150.32598639455782
150.88326530612244
151.5566439909297
152.11392290249432
152.64798185941044
153.18204081632652
153.71609977324263
154.27337868480726
154.80743764172337
155.34149659863945
155.87555555555556
156.40961451247165
156.94367346938776
157.47773242630385
158.01179138321996
158.54585034013604
159.07990929705215
159.61396825396827
160.14802721088435
160.70530612244897
161.2393650793651
161.77342403628117
162.30748299319728
162.8647619047619
163.39882086167802
163.9328798185941
164.46693877551022
164.9777777777778
165.5350566893424
166.0691156462585
166.6031746031746
167.1372335600907
167.6712925170068
168.22857142857143
168.739410430839
169.2734693877551
169.8075283446712
170.3415873015873
170.8756462585034
171.43292517006802
171.96698412698413
172.5010430839002
173.0118820861678
173.5459410430839
174.10321995464852
174.63727891156464
175.17133786848072
175.70539682539683
176.23945578231292
176.77351473922903
177.3075736961451
177.84163265306123
178.37569160997734
178.90975056689342
179.44380952380953
180.02430839002267
180.69768707482993
181.23174603174604
181.76580498866213
182.29986394557824
182.85714285714286
183.39120181405895
183.92526077097506
184.45931972789117
184.97015873015874
185.48099773242632
186.03827664399094
186.59555555555556
187.1528344671202
187.68689342403627
188.22095238095238
188.73179138321996
189.28907029478458
189.8231292517007
190.35718820861678
190.8912471655329
191.42530612244897
191.95936507936509
192.47020408163266
193.02748299319728
193.5847619047619
194.09560090702948
194.6296598639456
195.16371882086167
195.7209977324263
196.2550566893424
196.7891156462585
197.3231746031746
197.8572335600907
198.3912925170068
198.92535147392292
199.459410430839
200.01668934240362
200.55074829931974
201.0615873015873
201.5956462585034
202.1297052154195
202.61732426303854
203.1049433106576
203.56934240362813
204.1034013605442
204.63746031746032
205.1715192743764
205.70557823129252
206.2396371882086
206.77369614512472
207.33097505668934
207.86503401360545
208.39909297052154
208.93315192743765
209.46721088435373
210.00126984126985
210.53532879818593
211.06938775510204
211.60344671201815
212.13750566893424
212.69478458049886
213.20562358276644
213.73968253968255
214.29696145124717
214.8542403628118
215.36507936507937
215.89913832199545
216.43319727891156
216.96725623582768
217.50131519274376
218.03537414965987
218.56943310657596
219.10349206349207
219.6607709750567
220.19482993197278
220.7288888888889
221.262947845805
221.79700680272109
