0.09287981859410431
0.603718820861678
1.0913378684807256
1.555736961451247
2.043356009070295
2.5309750566893423
3.01859410430839
3.5062131519274375
3.9938321995464854
4.481451247165533
4.9458503401360545
5.456689342403628
5.921088435374149
6.408707482993197
6.896326530612245
7.383945578231293
7.87156462585034
8.335963718820862
8.823582766439909
9.311201814058958
9.798820861678005
10.286439909297052
10.750839002267574
11.23845804988662
11.72607709750567
12.213696145124716
12.701315192743763
13.188934240362812
13.676553287981859
14.140952380952381
14.628571428571428
15.116190476190477
15.603809523809524
16.091428571428573
16.579047619047618
17.066666666666666
17.531065759637187
18.018684807256236
18.506303854875284
18.99392290249433
19.481541950113378
19.969160997732427
20.456780045351476
20.921179138321996
21.408798185941045
21.89641723356009
22.38403628117914
22.871655328798187
23.359274376417233
23.84689342403628
24.3112925170068
24.79891156462585
25.2865306122449
25.774149659863944
26.261768707482993
26.749387755102042
27.237006802721087
27.70140589569161
28.189024943310656
28.676643990929705
29.164263038548754
29.6518820861678
30.139501133786847
30.603900226757368
31.091519274376417
31.579138321995465
32.066757369614514
32.55437641723356
33.041995464852604
33.52961451247165
33.99401360544218
34.481632653061226
34.969251700680275
35.456870748299316
35.944489795918365
36.432108843537414
36.91972789115646
37.384126984126986
37.871746031746035
38.35936507936508
38.846984126984125
39.334603174603174
39.82222222222222
40.30984126984127
40.79746031746032
41.26185941043084
41.749478458049886
42.237097505668935
42.72471655328798
43.21233560090703
43.699954648526074
44.1643537414966
44.651972789115646
45.139591836734695
45.627210884353744
46.11482993197279
46.57922902494331
47.06684807256236
47.55446712018141
48.042086167800456
48.529705215419504
49.017324263038546
49.504943310657595
49.96934240362812
50.45696145124717
50.944580498866216
51.43219954648526
51.919818594104306
52.407437641723355
52.895056689342404
53.38267573696145
53.84707482993197
54.33469387755102
54.82231292517007
55.28671201814059
55.77433106575964
56.26195011337869
56.74956916099773
57.23718820861678
57.7015873015873
58.18920634920635
58.6768253968254
59.16444444444444
59.65206349206349
60.116462585034014
60.60408163265306
61.09170068027211
61.57931972789115
62.0669387755102
62.55455782312925
63.018956916099775
63.506575963718824
64.01741496598639
64.48181405895691
64.96943310657596
65.45705215419501
65.94467120181406
66.43229024943311
66.91990929705216
67.38430839002268
67.87192743764173
68.35954648526076
68.84716553287981
69.33478458049886
69.79918367346939
70.28680272108843
70.77442176870748
71.26204081632653
71.74965986394558
72.2140589569161
72.70167800453515
73.18929705215419
73.65369614512471
74.11809523809524
74.62893424036281
75.11655328798186
75.60417233560091
76.09179138321996
76.579410430839
77.06702947845805
77.53142857142858
78.01904761904763
78.50666666666666
78.99428571428571
79.48190476190476
79.94630385487528
80.43392290249433
80.92154195011338
81.40916099773243
81.89678004535148
82.38439909297053
82.84879818594105
83.33641723356008
83.82403628117913
84.31165532879818
84.79927437641723
85.28689342403628
85.77451247165533
86.26213151927438
86.7265306122449
87.21414965986395
87.701768707483
88.18938775510205
88.65378684807256
89.1414058956916
89.62902494331065
90.1166439909297
90.60426303854875
91.0918820861678
91.55628117913832
92.04390022675737
92.53151927437642
92.99591836734695
93.48353741496598
93.97115646258503
94.45877551020408
94.94639455782313
95.43401360544217
95.8984126984127
96.38603174603175
96.8736507936508
97.36126984126984
97.8488888888889
98.33650793650794
98.82412698412699
99.2885260770975
99.77614512471655
100.2637641723356
100.75138321995465
101.2390022675737
101.70340136054422
102.19102040816327
102.67863945578232
103.16625850340137
103.63065759637188
104.11827664399092
104.60589569160997
105.09351473922902
105.58113378684807
106.06875283446712
106.53315192743764
107.02077097505669
107.50839002267574
107.99600907029479
108.4604081632653
108.94802721088435
109.4356462585034
109.92326530612245
110.4108843537415
110.89850340136054
111.36290249433107
111.85052154195012
112.33814058956916
112.82575963718821
113.31337868480726
113.80099773242631
114.28861678004534
114.75301587301587
115.24063492063492
115.75147392290249
116.28553287981859
116.79637188208616
117.30721088435374
117.84126984126983
118.35210884353741
118.86294784580498
119.35056689342403
119.83818594104308
120.3025850340136
120.79020408163265
121.2778231292517
121.74222222222222
122.22984126984127
122.71746031746032
123.20507936507937
123.69269841269842
124.15709750566893
124.64471655328798
125.13233560090703
125.61995464852608
126.10757369614512
126.59519274376417
127.0595918367347
127.54721088435375
128.03482993197278
128.52244897959184
128.98684807256237
129.4744671201814
129.96208616780046
130.4497052154195
130.93732426303856
131.40172335600906
131.88934240362812
132.37696145124715
132.86458049886622
133.35219954648525
133.83981859410432
134.32743764172335
134.8150566893424
135.27945578231294
135.76707482993197
136.25469387755103
136.74231292517007
137.2299319727891
137.76399092970522
138.32126984126984
138.901768707483
139.38938775510204
139.8770068027211
140.34140589569162
140.82902494331066
141.3166439909297
141.80426303854875
142.2918820861678
142.77950113378685
143.24390022675738
143.7315192743764
144.21913832199547
144.683537414966
145.17115646258503
145.6587755102041
146.14639455782313
146.63401360544216
147.12163265306123
147.58603174603175
148.07365079365078
148.56126984126985
149.04888888888888
149.53650793650795
150.00090702947847
150.4885260770975
150.97614512471657
151.4637641723356
151.95138321995464
152.4390022675737
152.92662131519273
153.39102040816326
153.87863945578232
154.36625850340135
154.85387755102042
155.34149659863945
155.80589569160998
156.29351473922904
156.78113378684807
157.2455328798186
157.73315192743763
158.2207709750567
158.68517006802722
159.17278911564625
159.66040816326532
160.12480725623584
160.61242630385487
161.1000453514739
161.58766439909297
162.075283446712
162.56290249433107
163.0505215419501
163.51492063492063
164.0025396825397
164.49015873015873
164.95455782312925
165.4421768707483
165.92979591836735
166.41741496598638
166.8818140589569
167.36943310657597
167.857052154195
168.34467120181407
168.8322902494331
169.29668934240362
169.7843083900227
170.27192743764172
170.75954648526078
171.24716553287982
171.71156462585034
172.19918367346938
172.68680272108844
173.17442176870748
173.66204081632654
174.12643990929706
174.6140589569161
175.10167800453516
175.5892970521542
176.05369614512472
176.54131519274375
177.02893424036282
177.49333333333334
177.98095238095237
178.46857142857144
178.95619047619047
179.44380952380953
179.93142857142857
180.3958276643991
180.88344671201813
181.3710657596372
181.85868480725622
182.32308390022675
182.8107029478458
183.29832199546485
183.7859410430839
184.25034013605443
184.73795918367347
185.22557823129253
185.68997732426303
186.1775963718821
186.66521541950112
187.1528344671202
187.64045351473922
188.10485260770974
188.56925170068027
189.08009070294784
189.5677097505669
190.05532879818594
190.542947845805
191.03056689342404
191.51818594104307
191.9825850340136
192.47020408163266
192.9578231292517
193.42222222222222
193.90984126984128
194.32780045351473
194.8154195011338
195.30303854875282
195.7906575963719
196.2550566893424
196.74267573696144
197.25351473922902
197.7643537414966
198.25197278911565
198.71637188208618
199.2039909297052
199.69160997732428
200.1792290249433
200.64362811791383
201.13124716553287
201.61886621315193
202.10648526077097
202.59410430839003
203.08172335600906
203.5461224489796
204.03374149659865
204.52136054421769
204.9857596371882
205.47337868480724
205.9609977324263
206.44861678004534
206.9362358276644
207.40063492063493
207.88825396825396
208.3526530612245
208.84027210884355
209.32789115646258
209.81551020408162
210.30312925170068
210.7675283446712
211.25514739229024
211.7427664399093
212.23038548752834
212.69478458049886
213.18240362811792
213.67002267573696
214.15764172335602
214.62204081632652
215.10965986394558
215.59727891156462
216.08489795918368
216.5725170068027
217.03691609977324
217.5245351473923
218.01215419501133
218.4997732426304
218.96417233560092
219.45179138321996
219.939410430839
220.4038095238095
220.89142857142858
221.3790476190476
221.86666666666667
222.3310657596372
222.81868480725623
223.3063038548753
223.79392290249433
224.25832199546485
224.7459410430839
225.23356009070295
225.69795918367348
226.1855782312925
226.67319727891157
227.1608163265306
227.64843537414967
228.1128344671202
228.60045351473923
229.08807256235826
229.57569160997733
230.04009070294785
230.52770975056688
231.01532879818595
231.50294784580498
231.9673469387755
232.45496598639457
232.9425850340136
233.40698412698413
233.89460317460316
234.38222222222223
234.86984126984126
235.33424036281178
235.82185941043085
236.30947845804988
236.79709750566894
237.28471655328798
237.7491156462585
238.23673469387754
238.7243537414966
239.18875283446712
239.67637188208616
240.16399092970522
240.65160997732426
241.11600907029478
241.60362811791384
242.09124716553288
242.57886621315194
243.04326530612244
243.5308843537415
244.01850340136053
244.5061224489796
244.97052154195012
245.45814058956915
245.94575963718822
246.43337868480725
246.89777777777778
247.38539682539684
247.87301587301587
248.3606349206349
248.82503401360543
249.3126530612245
249.80027210884353
