0.11609977324263039
0.5108390022675737
0.9287981859410431
1.3235374149659864
1.7182766439909296
2.1130158730158732
2.5309750566893423
2.9257142857142857
3.320453514739229
3.7384126984126986
4.133151927437642
4.527891156462585
4.922630385487528
5.317369614512471
5.735328798185941
6.130068027210885
6.501587301587302
6.919546485260771
7.314285714285714
7.7090249433106575
8.103764172335602
8.52172335600907
8.916462585034013
9.311201814058958
9.729160997732427
10.12390022675737
10.518639455782314
10.913378684807256
11.3081179138322
11.702857142857143
12.120816326530612
12.515555555555556
12.910294784580499
13.305034013605443
13.722993197278912
14.117732426303855
14.512471655328799
14.907210884353741
15.32517006802721
15.719909297052155
16.114648526077097
16.50938775510204
16.92734693877551
17.322086167800453
17.716825396825396
18.11156462585034
18.506303854875284
18.92426303854875
19.319002267573698
19.71374149659864
20.108480725623583
20.503219954648525
20.921179138321996
21.31591836734694
21.71065759637188
22.105396825396827
22.523356009070294
22.918095238095237
23.312834467120183
23.707573696145126
24.125532879818593
24.52027210884354
24.91501133786848
25.309750566893424
25.704489795918366
26.122448979591837
26.51718820861678
26.911927437641722
27.30666666666667
27.70140589569161
28.11936507936508
28.514104308390024
28.908843537414967
29.30358276643991
29.72154195011338
30.116281179138323
30.511020408163265
30.905759637188208
31.32371882086168
31.71845804988662
32.113197278911564
32.507936507936506
32.92589569160998
33.32063492063492
33.715374149659866
34.11011337868481
34.50485260770975
34.89959183673469
35.31755102040816
35.71229024943311
36.10702947845805
36.501768707482995
36.91972789115646
37.314467120181405
37.70920634920635
38.10394557823129
38.521904761904764
38.91664399092971
39.31138321995465
39.70612244897959
40.12408163265306
40.518820861678
40.867120181405895
41.308299319727894
41.72625850340136
42.120997732426304
42.515736961451246
42.91047619047619
43.32843537414966
43.723174603174606
44.11791383219955
44.51265306122449
44.93061224489796
45.3253514739229
45.72009070294784
46.11482993197279
46.509569160997735
46.9275283446712
47.322267573696145
47.71700680272109
48.11174603174603
48.529705215419504
48.92444444444445
49.31918367346939
49.71392290249433
50.108662131519274
50.52662131519274
50.921360544217684
51.316099773242634
51.710839002267576
52.10557823129252
52.523537414965986
52.91827664399093
53.31301587301587
53.707755102040814
54.12571428571429
54.52045351473923
54.91519274376417
55.309931972789116
55.72789115646258
56.122630385487525
56.517369614512475
56.91210884353742
57.30684807256236
57.72480725623583
58.11954648526077
58.51428571428571
58.909024943310655
59.32698412698413
59.72172335600907
60.116462585034014
60.51120181405896
60.929160997732424
61.32390022675737
61.718639455782316
62.11337868480726
62.5081179138322
62.92607709750567
63.32081632653061
63.715555555555554
64.1102947845805
64.52825396825396
64.92299319727891
65.31773242630385
65.7124716553288
66.10721088435375
66.52517006802721
66.91990929705216
67.3146485260771
67.70938775510204
68.10412698412698
68.52208616780045
68.9168253968254
69.31156462585034
69.70630385487529
70.12426303854875
70.5190022675737
70.91374149659863
71.28526077097506
71.70321995464853
72.09795918367347
72.51591836734694
72.91065759637188
73.32861678004535
73.7233560090703
74.11809523809524
74.51283446712019
74.90757369614512
75.3255328798186
75.72027210884353
76.11501133786848
76.50975056689343
76.90448979591837
77.32244897959184
77.71718820861678
78.11192743764173
78.5298866213152
78.92462585034014
79.31936507936508
79.71410430839002
80.10884353741497
80.5035827664399
80.92154195011338
81.31628117913833
81.71102040816326
82.10575963718821
82.52371882086167
82.91845804988662
83.31319727891156
83.70793650793651
84.12589569160998
84.52063492063492
84.91537414965987
85.3101133786848
85.72807256235828
86.12281179138321
86.51755102040816
86.91229024943311
87.30702947845805
87.72498866213152
88.11972789115646
88.51446712018141
88.90920634920634
89.30394557823129
89.72190476190477
90.1166439909297
90.51138321995465
90.90612244897959
91.32408163265306
91.71882086167801
92.09034013605442
92.5082993197279
92.92625850340136
93.3209977324263
93.71573696145124
94.11047619047619
94.52843537414967
94.9231746031746
95.31791383219955
95.71265306122449
96.13061224489796
96.5253514739229
96.92009070294785
97.3148299319728
97.70956916099773
98.1275283446712
98.52226757369614
98.91700680272109
99.31174603174603
99.7297052154195
100.12444444444445
100.51918367346939
100.91392290249433
101.30866213151927
101.72662131519274
102.1213605442177
102.51609977324263
102.91083900226758
103.30557823129251
103.72353741496599
104.11827664399092
104.51301587301587
104.90775510204081
105.32571428571428
105.72045351473923
106.11519274376417
106.50993197278912
106.92789115646258
107.32263038548753
107.71736961451248
108.11210884353741
108.50684807256236
108.92480725623582
109.31954648526077
109.71428571428571
110.10902494331066
110.52698412698413
110.92172335600907
111.31646258503402
111.71120181405895
112.12916099773243
112.52390022675738
112.91863945578231
113.31337868480726
113.73133786848072
114.12607709750567
114.5208163265306
114.91555555555556
115.31029478458049
115.72825396825397
116.12299319727892
116.51773242630385
116.9124716553288
117.30721088435374
117.72517006802721
118.11990929705216
118.5146485260771
118.90938775510205
119.3273469387755
119.72208616780046
120.11682539682539
120.51156462585034
120.92952380952381
121.32426303854875
121.7190022675737
122.11374149659864
122.53170068027211
122.92643990929706
123.321179138322
123.71591836734694
124.11065759637188
124.52861678004535
124.92335600907029
125.31809523809524
125.71283446712017
126.10757369614512
126.5255328798186
126.92027210884353
127.31501133786848
127.70975056689342
128.1277097505669
128.52244897959184
128.91718820861678
129.3119274376417
129.70666666666668
130.12462585034012
130.5193650793651
130.91410430839002
131.30884353741496
131.72680272108843
132.12154195011337
132.51628117913833
132.91102040816327
133.32897959183674
133.72371882086168
134.1184580498866
134.51319727891158
134.9079365079365
135.32589569161
135.72063492063492
136.11537414965986
136.51011337868482
136.90485260770976
137.32281179138323
137.71755102040817
138.1122902494331
138.53024943310658
138.9249886621315
139.31972789115648
139.7144671201814
140.10920634920635
140.52716553287982
140.92190476190476
141.3166439909297
141.71138321995466
142.12934240362813
142.52408163265306
142.918820861678
143.31356009070294
143.7082993197279
144.12625850340137
144.5209977324263
144.91573696145124
145.33369614512472
145.72843537414965
146.1231746031746
146.51791383219955
146.93587301587303
147.33061224489796
147.7253514739229
148.12009070294783
148.5148299319728
148.90956916099773
149.3275283446712
149.72226757369614
150.11700680272108
150.51174603174604
150.90648526077098
151.32444444444445
151.7191836734694
152.11392290249432
152.5086621315193
152.92662131519273
153.3213605442177
153.71609977324263
154.11083900226757
154.52879818594104
154.92353741496598
155.31827664399094
155.71301587301588
156.1077551020408
156.5257142857143
156.92045351473922
157.3151927437642
157.70993197278912
158.10467120181406
158.52263038548753
158.91736961451247
159.3121088435374
159.70684807256237
160.12480725623584
160.51954648526078
160.9142857142857
161.30902494331065
161.72698412698412
162.12172335600906
162.51646258503402
162.91120181405896
163.32916099773243
163.72390022675737
164.1186394557823
164.51337868480726
164.9081179138322
165.32607709750567
165.7208163265306
166.11555555555555
166.5102947845805
166.92825396825396
167.32299319727892
167.71773242630385
168.1124716553288
168.53043083900226
168.9251700680272
169.31990929705216
169.7146485260771
170.10938775510203
170.5273469387755
170.92208616780044
171.3168253968254
171.71156462585034
172.12952380952382
172.52426303854875
172.9190022675737
173.31374149659865
173.7317006802721
174.12643990929706
174.521179138322
174.91591836734693
