0.09287981859410431
0.4179591836734694
0.7662585034013606
1.1145578231292517
1.4396371882086167
1.7647165532879818
2.089795918367347
2.414875283446712
2.7631746031746034
3.0882539682539685
3.4133333333333336
3.7384126984126986
4.063492063492063
4.388571428571429
4.713650793650793
5.038730158730159
5.363809523809524
5.712108843537415
6.03718820861678
6.362267573696145
6.6873469387755105
7.012426303854875
7.337505668934241
7.662585034013605
8.010884353741497
8.335963718820862
8.661043083900227
8.986122448979591
9.334421768707482
9.659501133786849
9.984580498866213
10.309659863945578
10.634739229024943
10.983038548752834
11.3081179138322
11.633197278911565
11.95827664399093
12.30657596371882
12.631655328798185
12.956734693877552
13.281814058956916
13.606893424036281
13.931972789115646
14.257052154195012
14.605351473922903
14.930430839002268
15.255510204081633
15.580589569160997
15.905668934240364
16.253968253968253
16.579047619047618
16.904126984126986
17.22920634920635
17.57750566893424
17.902585034013605
18.22766439909297
18.552743764172334
18.901043083900227
19.22612244897959
19.551201814058956
19.87628117913832
20.201360544217685
20.526439909297054
20.874739229024943
21.199818594104308
21.524897959183672
21.849977324263037
22.175056689342405
22.50013605442177
22.84843537414966
23.173514739229024
23.49859410430839
23.823673469387757
24.14875283446712
24.49705215419501
24.822131519274375
25.14721088435374
25.495510204081633
25.820589569160997
26.145668934240362
26.470748299319727
26.79582766439909
27.12090702947846
27.46920634920635
27.794285714285714
28.11936507936508
28.444444444444443
28.76952380952381
29.1178231292517
29.442902494331065
29.76798185941043
30.093061224489794
30.418140589569163
30.743219954648527
31.091519274376417
31.41659863945578
31.741678004535146
32.08997732426304
32.41505668934241
32.74013605442177
33.065215419501136
33.3902947845805
33.715374149659866
34.06367346938776
34.38875283446712
34.71383219954649
35.03891156462585
35.36399092970522
35.68907029478458
36.03736961451247
36.36244897959184
36.6875283446712
37.01260770975057
37.33768707482993
37.68598639455782
38.01106575963719
38.33614512471655
38.66122448979592
39.00952380952381
39.334603174603174
39.65968253968254
39.9847619047619
40.30984126984127
40.658140589569165
40.983219954648526
41.308299319727894
41.633378684807255
41.95845804988662
42.283537414965984
42.63183673469388
42.956916099773245
43.281995464852606
43.607074829931975
43.95537414965986
44.28045351473923
44.62875283446712
44.95383219954648
45.27891156462585
45.60399092970521
45.92907029478458
46.25414965986395
46.57922902494331
46.90430839002268
47.22938775510204
47.55446712018141
47.9027664399093
48.22784580498866
48.576145124716554
48.901224489795915
49.22630385487528
49.55138321995465
49.87646258503401
50.20154195011338
50.54984126984127
50.874920634920635
51.2
51.54829931972789
51.87337868480726
52.19845804988662
52.523537414965986
52.848616780045354
53.173696145124715
53.498775510204084
53.84707482993197
54.17215419501134
54.497233560090706
54.82231292517007
55.17061224489796
55.49569160997732
55.82077097505669
56.14585034013606
56.47092970521542
56.79600907029479
57.12108843537415
57.46938775510204
57.79446712018141
58.11954648526077
58.44462585034014
58.792925170068024
59.11800453514739
59.44308390022676
59.76816326530612
60.09324263038549
60.441541950113375
60.766621315192744
61.09170068027211
61.41678004535147
61.765079365079366
62.09015873015873
62.415238095238095
62.74031746031746
63.065396825396824
63.39047619047619
63.73877551020408
64.06385487528345
64.38893424036281
64.71401360544218
65.03909297052154
65.38739229024944
65.7124716553288
66.03755102040816
66.38585034013606
66.71092970521542
67.03600907029478
67.36108843537414
67.68616780045352
68.01124716553288
68.33632653061224
68.68462585034014
69.0097052154195
69.33478458049886
69.65986394557824
69.9849433106576
70.31002267573696
70.65832199546485
70.98340136054422
71.28526077097506
71.5871201814059
71.91219954648525
72.23727891156463
72.56235827664399
72.91065759637188
73.25895691609978
73.60725623582766
73.95555555555555
74.28063492063492
74.60571428571428
74.93079365079365
75.25587301587302
75.60417233560091
75.92925170068027
76.25433106575964
76.579410430839
76.90448979591837
77.22956916099773
77.57786848072563
77.90294784580499
78.22802721088435
78.55310657596372
78.87818594104309
79.20326530612245
79.55156462585035
79.87664399092971
80.20172335600907
80.52680272108843
80.8518820861678
81.20018140589569
81.52526077097505
81.85034013605443
82.17541950113379
82.52371882086167
82.84879818594105
83.17387755102041
83.49895691609977
83.84725623582766
84.17233560090703
84.4974149659864
84.82249433106576
85.14757369614513
85.49587301587302
85.82095238095238
86.14603174603175
86.47111111111111
86.79619047619047
87.12126984126984
87.46956916099774
87.7946485260771
88.11972789115646
88.44480725623583
88.7698866213152
89.11818594104308
89.44326530612246
89.76834467120182
90.09342403628118
90.41850340136054
90.76680272108844
91.0918820861678
91.41696145124716
91.74204081632654
92.09034013605442
92.41541950113378
92.74049886621316
93.06557823129252
93.4138775510204
93.73895691609977
94.06403628117914
94.3891156462585
94.71419501133786
95.03927437641724
95.38757369614513
95.71265306122449
96.03773242630386
96.36281179138322
96.68789115646258
97.01297052154194
97.36126984126984
97.6863492063492
98.01142857142857
98.33650793650794
98.6615873015873
98.98666666666666
99.33496598639456
99.66004535147393
99.98512471655329
100.31020408163265
100.65850340136055
100.98358276643991
101.30866213151927
101.63374149659865
101.958820861678
102.30712018140589
102.63219954648527
102.95727891156463
103.28235827664399
103.60743764172335
103.95573696145125
104.28081632653061
104.60589569160997
104.93097505668935
105.25605442176871
105.58113378684807
105.92943310657597
106.25451247165533
106.57959183673469
106.90467120181405
107.22975056689343
107.57804988662132
107.90312925170068
108.25142857142858
108.57650793650794
108.92480725623582
109.2498866213152
109.57496598639456
109.90004535147392
110.20190476190476
110.52698412698413
110.8520634920635
111.17714285714285
111.52544217687075
111.87374149659864
112.198820861678
112.52390022675738
112.84897959183674
113.1740589569161
113.49913832199546
113.82421768707484
114.17251700680272
114.49759637188208
114.82267573696146
115.14775510204082
115.4960544217687
115.82113378684807
116.14621315192744
116.4712925170068
116.79637188208616
117.14467120181406
117.46975056689342
117.79482993197279
118.11990929705216
118.44498866213152
118.77006802721088
119.11836734693877
119.44344671201814
119.7685260770975
120.09360544217687
120.44190476190477
120.76698412698413
121.09206349206349
121.41714285714286
121.74222222222222
122.06730158730159
122.41560090702947
122.74068027210885
123.06575963718821
123.39083900226757
123.73913832199547
124.06421768707483
124.38929705215419
124.71437641723357
125.06267573696145
125.38775510204081
125.71283446712017
126.03791383219955
126.36299319727891
126.68807256235827
127.03637188208617
127.36145124716553
127.6865306122449
128.01160997732427
128.33668934240362
128.68498866213153
129.01006802721088
129.33514739229025
129.66022675736963
129.98530612244897
130.33360544217686
130.65868480725624
130.9837641723356
131.30884353741496
131.63392290249433
131.98222222222222
132.3073015873016
132.63238095238094
132.95746031746032
133.2825396825397
133.60761904761904
133.95591836734692
134.2809977324263
134.60607709750568
134.93115646258502
135.2562358276644
135.60453514739228
135.92961451247166
136.25469387755103
136.57977324263038
136.92807256235827
137.25315192743764
137.57823129251702
137.90331065759636
138.25160997732425
138.57668934240363
138.901768707483
139.22684807256235
139.55192743764172
139.8770068027211
140.22530612244898
140.55038548752833
140.8754648526077
141.20054421768708
141.52562358276643
141.8507029478458
142.17578231292518
142.52408163265306
142.84916099773244
143.1742403628118
143.49931972789116
143.8243990929705
144.17269841269842
144.49777777777777
144.82285714285715
145.14793650793652
145.4962358276644
145.82131519274375
146.14639455782313
146.4714739229025
146.79655328798185
147.14485260770974
147.4699319727891
147.7950113378685
148.12009070294783
148.4451700680272
148.7934693877551
149.11854875283447
149.44362811791385
149.7687074829932
150.09378684807257
150.41886621315192
150.76716553287983
151.09224489795918
151.41732426303855
151.74240362811793
152.06748299319727
152.41578231292516
152.76408163265307
153.11238095238096
153.4374603174603
153.78575963718822
154.11083900226757
154.45913832199545
154.78421768707483
155.1092970521542
155.4575963718821
155.78267573696147
156.1077551020408
156.4328344671202
156.75791383219953
157.0829931972789
157.40807256235829
157.73315192743763
158.03501133786847
158.36009070294784
158.68517006802722
159.0334693877551
159.381768707483
159.70684807256237
160.0319274376417
160.3570068027211
160.68208616780046
161.0071655328798
161.33224489795919
161.65732426303856
161.9824036281179
162.30748299319728
162.63256235827666
162.957641723356
163.3059410430839
163.63102040816327
163.95609977324264
164.281179138322
164.60625850340136
164.93133786848074
165.2564172335601
165.60471655328797
165.92979591836735
166.25487528344672
166.57995464852607
166.90503401360544
167.25333333333333
167.5784126984127
167.90349206349205
168.22857142857143
168.5536507936508
168.87873015873015
169.22702947845804
169.5521088435374
169.8771882086168
170.20226757369613
170.5273469387755
170.8756462585034
171.20072562358277
171.52580498866214
171.8508843537415
172.19918367346938
172.52426303854875
172.84934240362813
173.17442176870748
173.49950113378685
173.82458049886623
174.1728798185941
174.49795918367346
174.82303854875283
175.1481179138322
175.47319727891156
175.79827664399093
176.14657596371882
176.4716553287982
176.79673469387754
177.12181405895691
177.4701133786848
177.79519274376418
178.12027210884355
178.4453514739229
178.77043083900227
179.09551020408162
179.420589569161
179.76888888888888
180.09396825396826
180.44226757369614
180.76734693877552
181.09242630385486
181.41750566893424
181.74258503401362
182.06766439909296
182.39274376417234
182.7178231292517
183.04290249433106
183.36798185941043
183.71628117913832
184.0413605442177
184.36643990929704
184.69151927437642
185.0398185941043
185.3881179138322
185.71319727891157
186.03827664399094
186.3633560090703
186.68843537414966
187.03673469387755
187.36181405895692
187.68689342403627
188.01197278911565
188.36027210884353
188.6853514739229
189.01043083900225
189.33551020408163
189.660589569161
189.98566893424035
190.31074829931973
190.6590476190476
190.984126984127
191.30920634920636
191.6342857142857
191.95936507936509
192.30766439909297
192.63274376417235
192.9578231292517
193.28290249433107
193.63120181405895
193.95628117913833
194.28136054421768
194.60643990929705
194.95473922902494
195.2798185941043
195.60489795918366
195.92997732426304
196.2550566893424
196.58013605442176
196.90521541950113
197.25351473922902
197.5785941043084
197.90367346938777
198.22875283446712
198.5538321995465
198.90213151927438
199.22721088435375
199.5522902494331
199.87736961451247
200.20244897959185
200.5275283446712
200.87582766439908
201.20090702947846
201.54920634920634
201.87428571428572
202.19936507936507
202.52444444444444
202.84952380952382
203.17460317460316
203.49968253968254
203.84798185941042
204.1730612244898
204.49814058956918
204.82321995464852
205.1482993197279
205.49659863945578
205.82167800453516
206.1467573696145
206.47183673469388
206.79691609977326
207.1219954648526
207.44707482993198
207.79537414965986
208.14367346938775
208.46875283446713
208.79383219954647
209.11891156462585
209.44399092970522
209.76907029478457
210.09414965986394
210.44244897959183
210.7675283446712
211.09260770975058
211.41768707482993
211.7427664399093
212.0910657596372
212.41614512471656
212.7412244897959
213.0663038548753
213.39138321995466
213.73968253968255
214.0647619047619
214.38984126984127
214.71492063492065
215.04
215.38829931972788
215.71337868480725
216.03845804988663
216.36353741496598
216.68861678004535
217.01369614512473
217.3619954648526
217.68707482993196
218.01215419501133
218.3372335600907
218.66231292517006
218.98739229024943
219.33569160997732
219.6607709750567
220.00907029478458
220.33414965986395
220.6592290249433
220.98430839002268
221.30938775510205
221.6344671201814
221.98276643990928
222.30784580498866
222.63292517006803
222.95800453514738
223.28308390022676
223.63138321995464
223.95646258503402
224.28154195011336
224.60662131519274
224.93170068027212
225.28
225.60507936507938
225.93015873015872
