0.09287981859410431
0.4876190476190476
0.8823582766439909
1.2770975056689342
1.7414965986394557
2.2058956916099772
2.670294784580499
3.1579138321995464
3.622312925170068
4.08671201814059
4.551111111111111
5.015510204081632
5.50312925170068
5.9675283446712015
6.431927437641724
6.896326530612245
7.360725623582766
7.848344671201814
8.312743764172335
8.777142857142858
9.241541950113378
9.7059410430839
10.170340136054422
10.65795918367347
11.122358276643991
11.586757369614512
12.051156462585034
12.538775510204081
13.003174603174603
13.467573696145125
13.931972789115646
14.396371882086168
14.86077097505669
15.348390022675737
15.81278911564626
16.27718820861678
16.741587301587302
17.205986394557822
17.69360544217687
18.15800453514739
18.622403628117915
19.086802721088436
19.551201814058956
20.01560090702948
20.503219954648525
20.96761904761905
21.43201814058957
21.89641723356009
22.360816326530614
22.84843537414966
23.312834467120183
23.777233560090703
24.241632653061224
24.706031746031748
25.193650793650793
25.658049886621317
26.122448979591837
26.586848072562358
27.051247165532878
27.538866213151927
28.003265306122447
28.46766439909297
28.93206349206349
29.396462585034012
29.860861678004536
30.34848072562358
30.812879818594105
31.277278911564625
31.741678004535146
32.20607709750567
32.69369614512472
33.158095238095235
33.62249433106576
34.08689342403628
34.5512925170068
35.015691609977324
35.50331065759637
35.9677097505669
36.432108843537414
36.89650793650794
37.36090702947846
37.82530612244898
38.31292517006803
38.77732426303855
39.24172335600907
39.70612244897959
40.19374149659864
40.658140589569165
41.12253968253968
41.586938775510205
42.05133786848072
42.515736961451246
43.003356009070295
43.46775510204082
43.932154195011336
44.39655328798186
44.860952380952384
45.3253514739229
45.81297052154195
46.27736961451247
46.74176870748299
47.206167800453514
47.69378684807256
48.15818594104309
48.6225850340136
49.08698412698413
49.55138321995465
50.01578231292517
50.50340136054422
50.96780045351474
51.43219954648526
51.89659863945578
52.360997732426306
52.848616780045354
53.31301587301587
53.777414965986395
54.24181405895692
54.706213151927436
55.193832199546485
55.65823129251701
56.122630385487525
56.58702947845805
57.05142857142857
57.51582766439909
58.00344671201814
58.46784580498866
58.93224489795919
59.396643990929704
59.86104308390023
60.348662131519276
60.81306122448979
61.27746031746032
61.74185941043084
62.20625850340136
62.67065759637188
63.15827664399093
63.622675736961455
64.08707482993198
64.55147392290249
65.01587301587301
65.50349206349206
65.96789115646258
66.43229024943311
66.89668934240363
67.36108843537414
67.84870748299319
68.31310657596372
68.77750566893424
69.24190476190476
69.70630385487529
70.17070294784581
70.65832199546485
71.12272108843537
71.5871201814059
72.05151927437642
72.51591836734694
73.00353741496599
73.46793650793651
73.93233560090702
74.39673469387755
74.8843537414966
75.34875283446712
75.81315192743764
76.27755102040817
76.74195011337868
77.22956916099773
77.69396825396825
78.15836734693877
78.6227664399093
79.08716553287982
79.57478458049887
80.03918367346938
80.5035827664399
80.96798185941043
81.43238095238095
81.92
82.38439909297053
82.84879818594105
83.31319727891156
83.77759637188208
84.26521541950113
84.72961451247166
85.19401360544218
85.6584126984127
86.12281179138321
86.61043083900226
87.07482993197279
87.53922902494331
88.00362811791383
88.49124716553288
88.9556462585034
89.42004535147392
89.88444444444444
90.34884353741496
90.81324263038549
91.27764172335601
91.74204081632654
92.20643990929705
92.6940589569161
93.15845804988662
93.62285714285714
94.08725623582767
94.55165532879819
95.0160544217687
95.50367346938775
95.96807256235827
96.4324716553288
96.89687074829932
97.36126984126984
97.82566893424037
98.3132879818594
98.77768707482993
99.24208616780045
99.70648526077098
100.19410430839002
100.65850340136055
101.12290249433107
101.58730158730158
102.0517006802721
102.51609977324263
103.00371882086168
103.4681179138322
103.93251700680273
104.39691609977324
104.86131519274376
105.32571428571428
105.81333333333333
106.27773242630386
106.74213151927438
107.2065306122449
107.69414965986394
108.15854875283446
108.62294784580499
109.08734693877551
109.55174603174603
110.01614512471656
110.50376417233561
110.96816326530612
111.43256235827664
111.89696145124717
112.36136054421769
112.84897959183674
113.31337868480726
113.77777777777777
114.2421768707483
114.70657596371882
115.17097505668934
115.65859410430839
116.12299319727892
116.58739229024944
117.05179138321995
117.51619047619047
118.00380952380952
118.46820861678005
118.93260770975057
119.3970068027211
119.8614058956916
120.34902494331065
120.81342403628118
121.2778231292517
121.74222222222222
122.22984126984127
122.6942403628118
123.1586394557823
123.62303854875283
124.08743764172335
124.55183673469388
125.03945578231293
125.50385487528345
125.96825396825396
126.43265306122449
126.89705215419501
127.38467120181406
127.84907029478458
128.3134693877551
128.77786848072563
129.24226757369615
129.70666666666668
130.1942857142857
130.65868480725624
131.12308390022676
131.58748299319728
132.0518820861678
132.51628117913833
133.00390022675737
133.4682993197279
133.93269841269841
134.39709750566894
134.86149659863946
135.2562358276644
135.65097505668933
136.0457142857143
136.51011337868482
136.97451247165532
137.43891156462584
137.9265306122449
138.39092970521543
138.85532879818595
139.31972789115648
139.78412698412697
140.2485260770975
140.73614512471656
141.20054421768708
141.6649433106576
142.12934240362813
142.61696145124716
143.0813605442177
143.5457596371882
144.01015873015874
144.47455782312926
144.9621768707483
145.42657596371882
145.89097505668934
146.35537414965987
146.8197732426304
147.2841723356009
147.77179138321995
148.23619047619047
148.700589569161
149.16498866213152
149.62938775510204
150.09378684807257
150.5581859410431
151.02258503401362
151.48698412698414
151.95138321995464
152.41578231292516
152.88018140589568
153.3445804988662
153.80897959183673
154.27337868480726
154.73777777777778
155.2021768707483
155.66657596371883
156.13097505668935
156.59537414965988
157.0597732426304
157.5241723356009
157.98857142857142
158.45297052154194
158.91736961451247
159.381768707483
159.84616780045351
160.31056689342404
160.77496598639456
161.2393650793651
161.72698412698412
162.21460317460318
162.70222222222222
163.18984126984128
163.67746031746032
164.16507936507938
164.6526984126984
165.11709750566894
165.58149659863946
166.0691156462585
166.53351473922902
166.99791383219954
167.46231292517007
167.9267120181406
168.39111111111112
168.87873015873015
169.34312925170067
169.8075283446712
170.27192743764172
170.73632653061225
171.20072562358277
171.6883446712018
172.15274376417233
172.61714285714285
173.08154195011338
173.5459410430839
174.01034013605442
174.49795918367346
174.96235827664398
175.4267573696145
175.89115646258503
176.35555555555555
176.81995464852608
177.3075736961451
177.77197278911564
178.23637188208616
178.70077097505668
179.1651700680272
179.62956916099773
180.09396825396826
180.51192743764173
180.95310657596372
181.34784580498865
181.76580498866213
182.23020408163265
182.69460317460317
183.1590022675737
183.62340136054422
184.11102040816326
184.57541950113378
185.0398185941043
185.50421768707483
185.96861678004535
186.43301587301588
186.8974149659864
187.38503401360543
187.84943310657596
188.31383219954648
188.778231292517
189.24263038548753
189.73024943310656
190.1946485260771
190.6590476190476
191.12344671201814
191.6110657596372
192.07546485260772
192.53986394557822
193.00426303854874
193.46866213151927
193.9330612244898
194.39746031746031
194.88507936507938
195.34947845804987
195.8138775510204
196.27827664399092
196.76589569160998
197.2302947845805
197.69469387755103
198.15909297052156
198.6467120181406
199.11111111111111
199.57551020408164
200.03990929705216
200.5043083900227
200.9687074829932
201.45632653061224
201.92072562358277
202.3851247165533
202.84952380952382
203.31392290249434
203.77832199546486
204.2659410430839
204.73034013605442
205.19473922902495
205.65913832199547
206.123537414966
206.61115646258503
207.07555555555555
207.53995464852608
208.0043537414966
208.4455328798186
208.9099319727891
209.39755102040817
209.8619501133787
210.34956916099773
210.81396825396826
211.27836734693878
211.7427664399093
212.20716553287983
212.67156462585035
213.13596371882088
213.6235827664399
214.08798185941043
214.55238095238096
215.04
215.50439909297052
215.96879818594104
216.43319727891156
216.8975963718821
217.38521541950112
217.84961451247165
218.31401360544217
218.7784126984127
219.24281179138322
219.70721088435374
220.17160997732427
220.6592290249433
221.12362811791382
221.58802721088435
222.05242630385487
222.54004535147394
223.00444444444443
223.46884353741495
223.93324263038548
224.397641723356
224.86204081632653
225.3496598639456
225.8140589569161
226.2784580498866
226.74285714285713
227.20725623582766
227.67165532879818
228.15927437641724
228.62367346938777
229.08807256235826
229.5524716553288
230.04009070294785
230.50448979591837
230.9688888888889
231.43328798185942
231.89768707482995
232.36208616780044
232.8497052154195
233.31410430839003
233.77850340136055
234.24290249433108
234.7305215419501
235.19492063492063
235.65931972789116
236.12371882086168
236.5881179138322
237.05251700680273
237.54013605442177
238.0045351473923
238.4689342403628
238.93333333333334
239.39773242630386
239.86213151927439
240.30331065759637
240.74448979591835
241.18566893424037
241.60362811791384
242.0215873015873
242.4627664399093
242.92716553287983
243.39156462585035
243.85596371882087
244.32036281179137
244.7847619047619
245.27238095238096
245.73678004535148
246.201179138322
246.66557823129253
247.12997732426305
247.59437641723355
248.0819954648526
248.54639455782313
249.01079365079366
249.47519274376418
249.9395918367347
250.42721088435374
250.89160997732426
251.3560090702948
251.8204081632653
252.28480725623584
252.77242630385487
253.2368253968254
253.70122448979592
254.16562358276644
254.63002267573697
255.117641723356
255.58204081632653
256.0464399092971
256.5108390022676
256.97523809523807
257.4396371882086
257.92725623582766
258.3916553287982
258.8560544217687
259.32045351473926
259.78485260770975
260.2724716553288
260.73687074829934
261.20126984126983
261.6656689342404
262.1300680272109
262.6176870748299
263.08208616780047
263.54648526077096
264.0108843537415
264.475283446712
264.93968253968256
265.40408163265306
265.8452607709751
266.28643990929703
266.72761904761904
267.16879818594106
267.609977324263
268.051156462585
268.49233560090704
268.933514739229
269.39791383219955
269.86231292517004
270.34993197278914
270.81433106575963
271.2787301587302
271.7431292517007
272.2075283446712
272.69514739229027
273.15954648526076
273.6239455782313
274.0883446712018
274.55274376417236
275.0403628117914
275.5047619047619
275.96916099773244
276.43356009070294
276.8979591836735
277.3855782312925
277.849977324263
278.3143764172336
278.77877551020407
279.2431746031746
279.7075736961451
280.19519274376415
280.6595918367347
281.1239909297052
281.58839002267575
282.05278911564625
282.5171882086168
283.00480725623584
283.46920634920633
283.9336054421769
284.3980045351474
284.86240362811793
285.35002267573697
285.81442176870746
286.278820861678
286.7432199546485
287.20761904761906
287.6952380952381
288.1596371882086
288.62403628117914
289.08843537414964
289.5528344671202
290.0172335600907
290.5048526077097
290.9692517006803
291.43365079365077
291.8980498866213
292.3624489795918
292.8500680272109
293.3144671201814
293.7788662131519
294.24326530612245
294.70766439909295
295.1720634920635
295.65968253968254
296.1240816326531
296.5884807256236
297.0528798185941
297.51727891156463
298.00489795918367
298.4692970521542
298.9336961451247
299.39809523809527
299.86249433106576
300.3501133786848
300.81451247165535
301.27891156462584
301.7433106575964
302.2077097505669
302.6721088435374
303.1597278911565
303.624126984127
304.0885260770975
304.552925170068
305.0173242630386
305.5049433106576
305.9693424036281
306.43374149659866
306.89814058956915
307.3625396825397
307.85015873015874
308.31455782312923
308.7789569160998
309.2433560090703
309.70775510204084
310.17215419501133
310.65977324263037
311.1241723356009
311.5885714285714
312.05297052154197
312.51736961451246
313.0049886621315
313.46938775510205
313.93378684807254
314.3981859410431
314.8625850340136
315.3502040816326
315.8146031746032
316.2790022675737
316.7434013605442
317.2078004535147
317.6954195011338
318.1598185941043
318.6242176870748
319.08861678004536
319.55301587301585
320.0174149659864
320.50503401360544
320.969433106576
321.4338321995465
321.898231292517
322.36263038548753
322.85024943310657
323.3146485260771
323.7790476190476
324.2434467120181
324.70784580498866
325.1954648526077
325.65986394557825
326.12426303854875
326.5886621315193
327.0530612244898
327.5174603174603
328.0050793650794
328.4694784580499
328.93387755102043
329.3982766439909
