0.11609977324263039
0.603718820861678
1.0913378684807256
1.555736961451247
2.043356009070295
2.5309750566893423
3.01859410430839
3.4829931972789114
3.947392290249433
4.4117913832199545
4.922630385487528
5.363809523809524
5.851428571428571
6.315827664399093
6.8034467120181406
7.267845804988662
7.75546485260771
8.219863945578231
8.70748299319728
9.1718820861678
9.659501133786849
10.12390022675737
10.634739229024943
11.075918367346938
11.563537414965987
12.027936507936507
12.515555555555556
12.979954648526077
13.467573696145125
13.931972789115646
14.44281179138322
14.883990929705215
15.371609977324264
15.836009070294784
16.32362811791383
16.81124716553288
17.2756462585034
17.740045351473924
18.250884353741498
18.692063492063493
19.17968253968254
19.644081632653062
20.131700680272107
20.59609977324263
21.083718820861677
21.5481179138322
22.058956916099774
22.523356009070294
22.987755102040815
23.475374149659864
23.962993197278912
24.427392290249433
24.91501133786848
25.379410430839002
25.86702947845805
26.33142857142857
26.79582766439909
27.28344671201814
27.77106575963719
28.23546485260771
28.723083900226758
29.164263038548754
29.6518820861678
30.116281179138323
30.603900226757368
31.091519274376417
31.579138321995465
32.04353741496599
32.507936507936506
33.01877551020408
33.483174603174604
33.97079365079365
34.411972789115644
34.89959183673469
35.36399092970522
35.828390022675734
36.31600907029478
36.80362811791383
37.268027210884355
37.755646258503404
38.243265306122446
38.70766439909297
39.19528344671202
39.65968253968254
40.147301587301584
40.61170068027211
41.07609977324263
41.56371882086168
42.05133786848072
42.515736961451246
43.003356009070295
43.46775510204082
43.95537414965986
44.419773242630384
44.90739229024943
45.37179138321996
45.859410430839006
46.32380952380952
46.78820861678005
47.275827664399095
47.763446712018144
48.22784580498866
48.71546485260771
49.179863945578234
49.66748299319728
50.1318820861678
50.61950113378685
51.08390022675737
51.57151927437642
52.03591836734694
52.523537414965986
52.98793650793651
53.45233560090703
53.939954648526076
54.427573696145124
54.89197278911565
55.3795918367347
55.843990929705214
56.33160997732426
56.79600907029479
57.283628117913835
57.74802721088435
58.2356462585034
58.72326530612245
59.187664399092974
59.675283446712015
60.13968253968254
60.60408163265306
61.09170068027211
61.57931972789115
62.04371882086168
62.531337868480726
62.99573696145125
63.48335600907029
63.947755102040816
64.43537414965986
64.89977324263039
65.36417233560091
65.85179138321996
66.31619047619047
66.80380952380952
67.26820861678004
67.68616780045352
68.22022675736962
68.70784580498866
69.19546485260771
69.68308390022676
70.12426303854875
70.6118820861678
71.07628117913832
71.56390022675737
72.02829931972789
72.51591836734694
72.98031746031747
73.46793650793651
73.93233560090702
74.41995464852607
74.8843537414966
75.37197278911565
75.83637188208617
76.32399092970522
76.81160997732427
77.29922902494332
77.76362811791383
78.22802721088435
78.7156462585034
79.20326530612245
79.66766439909297
80.1320634920635
80.59646258503402
81.10730158730159
81.57170068027212
82.05931972789115
82.52371882086167
83.01133786848072
83.45251700680272
83.94013605442177
84.42775510204082
84.91537414965987
85.37977324263039
85.8441723356009
86.30857142857143
86.79619047619047
87.28380952380952
87.74820861678005
88.2358276643991
88.72344671201814
89.18784580498867
89.6754648526077
90.13986394557823
90.62748299319728
91.0918820861678
91.57950113378685
92.04390022675737
92.5082993197279
92.99591836734695
93.48353741496598
93.9479365079365
94.41233560090703
94.89995464852608
95.3643537414966
95.85197278911565
96.3395918367347
96.80399092970522
97.29160997732426
97.75600907029478
98.24362811791383
98.70802721088435
99.1956462585034
99.66004535147393
100.14766439909297
100.6120634920635
101.09968253968253
101.56408163265306
102.02848072562358
102.51609977324263
103.00371882086168
103.4681179138322
103.95573696145125
104.42013605442177
104.90775510204081
105.37215419501133
105.85977324263038
106.3241723356009
106.81179138321995
107.27619047619048
107.76380952380953
108.22820861678005
108.71582766439909
109.18022675736961
109.66784580498866
110.13224489795918
110.61986394557823
111.08426303854876
111.5718820861678
112.03628117913833
112.50068027210884
112.98829931972789
113.47591836734694
113.94031746031746
114.42793650793651
114.89233560090703
115.37995464852608
115.8443537414966
116.33197278911565
116.79637188208616
117.28399092970521
117.74839002267574
118.23600907029478
118.70040816326531
119.18802721088436
119.6756462585034
120.14004535147393
120.60444444444444
121.09206349206349
121.57968253968254
122.06730158730159
122.55492063492063
123.01931972789116
123.48371882086168
123.97133786848073
124.45895691609978
124.92335600907029
125.36453514739229
125.85215419501134
126.31655328798186
126.80417233560091
127.26857142857143
127.75619047619048
128.220589569161
128.70820861678004
129.17260770975057
129.66022675736963
130.12462585034012
130.6122448979592
131.0766439909297
131.56426303854875
132.02866213151927
132.51628117913833
132.98068027210886
133.4682993197279
133.93269841269841
134.42031746031745
134.88471655328797
135.37233560090704
135.83673469387756
136.3243537414966
136.78875283446712
137.27637188208618
137.74077097505668
138.22839002267574
138.71600907029477
139.1804081632653
139.64480725623582
140.13242630385488
140.62004535147392
141.08444444444444
141.54884353741497
142.036462585034
142.50086167800453
142.9884807256236
143.47609977324262
143.9637188208617
144.4281179138322
144.89251700680273
145.38013605442177
145.8445351473923
146.33215419501133
146.79655328798185
147.2841723356009
147.74857142857144
148.23619047619047
148.700589569161
149.18820861678006
149.6758276643991
150.16344671201813
150.62784580498865
151.09224489795918
151.5566439909297
152.04426303854876
152.5086621315193
152.99628117913832
153.46068027210885
153.92507936507937
154.4126984126984
154.90031746031747
155.3879365079365
155.85233560090703
156.3399546485261
156.8043537414966
157.2687528344671
157.75637188208617
158.2439909297052
158.70839002267573
159.1960090702948
159.66040816326532
160.14802721088435
160.61242630385487
161.0768253968254
161.56444444444443
162.0520634920635
162.51646258503402
163.00408163265305
163.46848072562358
163.9328798185941
164.42049886621317
164.9081179138322
165.37251700680272
165.83691609977325
166.32453514739228
166.81215419501135
167.27655328798187
167.7641723356009
168.22857142857143
168.71619047619046
169.180589569161
169.66820861678005
170.13260770975057
170.6202267573696
171.08462585034013
171.5722448979592
172.03664399092972
172.52426303854875
173.0118820861678
173.4762811791383
173.94068027210884
174.4282993197279
174.91591836734693
175.38031746031746
175.84471655328798
176.33233560090702
176.79673469387754
177.26113378684806
177.74875283446713
178.23637188208616
178.70077097505668
179.1651700680272
179.65278911564627
180.1404081632653
180.60480725623583
181.09242630385486
181.5568253968254
182.04444444444445
182.50884353741498
182.996462585034
183.48408163265307
183.9484807256236
184.43609977324263
184.90049886621316
185.36489795918368
185.8525170068027
186.31691609977324
186.8045351473923
187.29215419501134
187.75655328798186
188.2441723356009
188.70857142857142
189.19619047619048
189.660589569161
190.14820861678004
190.61260770975056
191.10022675736963
191.56462585034015
192.05224489795918
192.5166439909297
193.00426303854874
193.46866213151927
193.95628117913833
194.42068027210885
194.9082993197279
195.3726984126984
195.86031746031745
196.32471655328797
196.81233560090703
197.27673469387756
197.7643537414966
198.25197278911565
198.71637188208618
199.1807709750567
199.66839002267574
200.13278911564626
200.6204081632653
201.08480725623582
201.57242630385488
202.0368253968254
202.52444444444444
202.98884353741497
203.476462585034
203.96408163265306
204.4284807256236
204.8928798185941
205.38049886621314
205.84489795918367
206.33251700680273
206.79691609977326
207.2845351473923
207.77215419501132
208.23655328798185
208.7241723356009
209.18857142857144
209.65297052154196
210.11736961451248
210.60498866213152
211.06938775510204
211.55700680272108
212.0214058956916
212.60190476190476
213.13596371882088
