0.11609977324263039
0.6733786848072563
1.207437641723356
1.787936507936508
2.36843537414966
2.972154195011338
3.5294331065759637
4.063492063492063
4.574331065759637
5.108390022675737
5.6656689342403626
6.199727891156463
6.733786848072563
7.267845804988662
7.801904761904762
8.335963718820862
8.870022675736962
9.404081632653062
9.93814058956916
10.47219954648526
11.00625850340136
11.54031746031746
12.07437641723356
12.60843537414966
13.142494331065759
13.676553287981859
14.210612244897959
14.767891156462586
15.464489795918368
15.998548752834466
16.532607709750568
17.066666666666666
17.623945578231293
18.320544217687075
18.854603174603174
19.388662131519276
19.922721088435374
20.48
21.176598639455783
21.71065759637188
22.244716553287983
22.77877551020408
23.2431746031746
23.684353741496597
24.2184126984127
24.752471655328797
25.2865306122449
25.820589569160997
26.354648526077096
26.888707482993198
27.422766439909296
27.956825396825398
28.490884353741496
28.955283446712016
29.396462585034012
29.930521541950114
30.464580498866212
30.998639455782314
31.532698412698412
32.066757369614514
32.60081632653061
33.13487528344671
33.66893424036281
34.202993197278914
34.76027210884354
35.38721088435374
35.99092970521542
36.52498866213152
37.08226757369614
37.61632653061225
38.15038548752835
38.684444444444445
39.19528344671202
39.75256235827664
40.28662131519275
40.820680272108845
41.35473922902494
41.88879818594104
42.42285714285714
42.956916099773245
43.51419501133787
44.04825396825397
44.582312925170065
45.11637188208617
45.65043083900227
46.25414965986395
46.88108843537415
47.41514739229025
47.94920634920635
48.50648526077097
49.11020408163265
49.73714285714286
50.29442176870748
50.80526077097505
51.33931972789116
51.78049886621315
52.244897959183675
52.8021768707483
53.31301587301587
53.84707482993197
54.381133786848075
54.91519274376417
55.472471655328796
56.006530612244894
56.540589569161
57.0746485260771
57.608707482993196
58.212426303854876
58.83936507936508
59.396643990929704
59.9307029478458
60.46476190476191
60.998820861678006
61.532879818594104
62.0669387755102
62.6009977324263
63.15827664399093
63.69233560090703
64.22639455782313
64.76045351473923
65.29451247165532
65.82857142857142
66.36263038548753
66.89668934240363
67.43074829931973
67.96480725623583
68.49886621315193
69.03292517006803
69.59020408163265
70.12426303854875
70.65832199546485
71.19238095238096
71.72643990929706
72.26049886621315
72.79455782312925
73.32861678004535
73.86267573696145
74.39673469387755
74.93079365079365
75.46485260770974
75.99891156462586
76.53297052154196
77.06702947845805
77.60108843537415
78.15836734693877
78.69242630385487
79.22648526077097
79.76054421768707
80.29460317460317
80.82866213151928
81.36272108843538
81.89678004535148
82.43083900226758
82.96489795918367
83.49895691609977
84.03301587301587
84.56707482993197
85.10113378684807
85.63519274376418
86.1924716553288
86.86585034013605
87.42312925170069
87.95718820861678
88.49124716553288
89.0485260770975
89.74512471655329
90.27918367346939
90.81324263038549
91.34730158730159
91.90458049886621
92.601179138322
93.1352380952381
93.66929705215419
94.22657596371882
94.76063492063491
95.29469387755103
95.82875283446712
96.36281179138322
96.89687074829932
97.43092970521542
97.96498866213152
98.49904761904762
99.03310657596371
99.56716553287981
100.10122448979592
100.63528344671202
101.16934240362812
101.70340136054422
102.23746031746032
102.79473922902494
103.42167800453515
104.02539682539683
104.55945578231292
105.11673469387755
105.65079365079364
106.25451247165533
106.88145124716553
107.43873015873015
107.94956916099773
108.48362811791384
108.92480725623582
109.38920634920635
109.92326530612245
110.45732426303854
111.01460317460318
111.54866213151928
112.08272108843538
112.61678004535148
113.15083900226757
113.68489795918367
114.21895691609977
114.75301587301587
115.28707482993197
115.82113378684807
116.35519274376418
116.88925170068028
117.4465306122449
117.95736961451247
118.49142857142857
119.02548752834467
119.55954648526077
120.09360544217687
120.6508843537415
121.1849433106576
121.7190022675737
122.2530612244898
122.7871201814059
123.321179138322
123.8552380952381
124.38929705215419
124.92335600907029
125.45741496598639
125.9914739229025
126.5255328798186
127.08281179138322
127.61687074829932
128.15092970521542
128.68498866213153
129.21904761904761
129.75310657596373
130.2871655328798
130.82122448979592
131.355283446712
131.88934240362812
132.4234013605442
132.95746031746032
133.49151927437643
134.0255782312925
134.58285714285714
135.11691609977325
135.65097505668933
136.18503401360545
136.71909297052153
137.25315192743764
137.78721088435375
138.32126984126984
138.85532879818595
139.38938775510204
139.92344671201815
140.45750566893423
141.01478458049885
141.54884353741497
142.08290249433108
142.61696145124716
143.15102040816328
143.68507936507936
144.21913832199547
144.75319727891156
145.28725623582767
145.82131519274375
146.35537414965987
146.88943310657595
147.42349206349206
147.95755102040818
148.49160997732426
149.04888888888888
149.6758276643991
150.27954648526077
150.81360544217688
151.3708843537415
151.9049433106576
152.4390022675737
152.97306122448978
153.5071201814059
154.041179138322
154.5752380952381
155.1092970521542
155.6433560090703
156.1774149659864
156.71147392290248
157.2455328798186
157.77959183673468
158.3136507936508
158.8477097505669
159.381768707483
159.9390476190476
160.47310657596373
161.0071655328798
161.54122448979592
162.075283446712
162.60934240362812
163.1201814058957
163.67746031746032
164.21151927437643
164.6526984126984
165.11709750566894
165.65115646258502
166.18521541950113
166.71927437641725
167.25333333333333
167.78739229024944
168.32145124716553
168.85551020408164
169.38956916099772
169.92362811791384
170.45768707482992
170.99174603174603
171.52580498866214
172.05986394557823
172.59392290249434
173.15120181405896
173.68526077097505
174.21931972789116
174.75337868480725
175.28743764172336
175.82149659863944
176.3787755102041
176.91283446712018
177.4468934240363
177.95773242630386
178.4221315192744
178.8865306122449
179.39736961451248
179.93142857142857
180.4887074829932
181.0227664399093
181.5568253968254
182.0908843537415
182.62494331065759
183.1590022675737
183.6930612244898
184.2271201814059
184.761179138322
185.2952380952381
185.80607709750566
186.34013605442178
186.8974149659864
187.43147392290248
187.9655328798186
188.49959183673468
189.0336507936508
189.59092970521542
190.12498866213153
190.6590476190476
191.19310657596372
191.7271655328798
192.26122448979592
192.795283446712
193.32934240362812
193.86340136054423
194.39746031746031
194.93151927437643
195.442358276644
195.99963718820862
196.5336961451247
197.06775510204082
197.53215419501134
197.97333333333333
198.50739229024944
199.04145124716553
199.57551020408164
200.10956916099772
200.64362811791383
201.17768707482992
201.71174603174603
202.24580498866214
202.77986394557823
203.31392290249434
203.84798185941042
204.40526077097505
204.93931972789116
205.47337868480724
206.00743764172336
206.54149659863947
207.07555555555555
207.60961451247167
208.14367346938775
208.67773242630386
209.21179138321995
209.74585034013606
210.27990929705214
210.81396825396826
211.34802721088437
211.905306122449
212.43936507936507
212.9734240362812
213.50748299319727
214.01832199546485
214.57560090702947
215.10965986394558
215.64371882086166
216.17777777777778
216.7118367346939
217.24589569160997
217.7799546485261
218.31401360544217
218.84807256235828
219.38213151927437
219.91619047619048
220.4038095238095
220.89142857142858
221.40226757369615
221.88988662131518
222.4471655328798
223.00444444444443
223.56172335600908
224.1190022675737
224.67628117913833
