0.11609977324263039
0.7430385487528345
1.3467573696145125
1.9504761904761905
2.647074829931973
3.3668934240362813
4.063492063492063
4.783310657596372
5.50312925170068
6.222947845804988
6.942766439909297
7.63936507936508
8.335963718820862
9.079002267573696
9.798820861678005
10.495419501133787
11.19201814058957
11.935056689342403
12.631655328798185
13.351473922902494
14.071292517006803
14.79111111111111
15.487709750566893
16.207528344671204
16.92734693877551
17.647165532879818
18.3437641723356
19.06358276643991
19.783401360544218
20.503219954648525
21.223038548752836
21.91963718820862
22.639455782312925
23.359274376417233
24.079092970521543
24.775691609977326
25.495510204081633
26.21532879818594
26.93514739229025
27.631746031746033
28.35156462585034
29.071383219954647
29.791201814058958
30.511020408163265
31.207619047619048
31.927437641723355
32.64725623582766
33.36707482993197
34.06367346938776
34.78349206349206
35.50331065759637
36.22312925170068
36.91972789115646
37.63954648526077
38.35936507936508
39.07918367346939
39.77578231292517
40.518820861678
41.21541950113379
41.9352380952381
42.63183673469388
43.35165532879819
44.07147392290249
44.7912925170068
45.48789115646259
46.23092970521542
46.9275283446712
47.64734693877551
48.36716553287982
49.0637641723356
49.783582766439906
50.50340136054422
51.22321995464853
51.94303854875283
52.66285714285714
53.35945578231293
54.07927437641723
54.79909297052154
55.51891156462585
56.21551020408163
56.93532879818594
57.655147392290246
58.35174603174603
59.07156462585034
59.76816326530612
60.51120181405896
61.207800453514736
61.92761904761905
62.62421768707483
63.36725623582767
64.06385487528345
64.78367346938775
65.50349206349206
66.22331065759637
66.91990929705216
67.63972789115647
68.35954648526076
69.07936507936508
69.79918367346939
70.49578231292517
71.21560090702948
71.9354195011338
72.65523809523809
73.35183673469388
74.04843537414966
74.7914739229025
75.48807256235828
76.20789115646258
76.92770975056689
77.6475283446712
78.34412698412699
79.0639455782313
79.7837641723356
80.5035827664399
81.22340136054422
81.94321995464853
82.63981859410431
83.35963718820862
84.07945578231292
84.79927437641723
85.49587301587302
86.21569160997733
86.93551020408164
87.65532879818593
88.35192743764172
89.07174603174603
89.79156462585034
90.51138321995465
91.20798185941042
91.92780045351473
92.64761904761905
93.34421768707483
94.06403628117914
94.78385487528345
95.50367346938775
96.22349206349206
96.92009070294785
97.63990929705216
98.35972789115647
99.03310657596371
99.77614512471655
100.49596371882086
101.21578231292517
101.93560090702948
102.63219954648527
103.35201814058956
104.07183673469387
104.79165532879819
105.48825396825397
106.20807256235828
106.92789115646258
107.64770975056689
108.34430839002268
109.06412698412699
109.7839455782313
110.48054421768707
111.20036281179138
111.92018140589569
112.64
113.35981859410431
114.07963718820862
114.7762358276644
115.4960544217687
116.19265306122449
116.9124716553288
117.60907029478459
118.35210884353741
119.07192743764172
119.7685260770975
120.44190476190477
121.20816326530613
121.92798185941044
122.60136054421768
123.34439909297052
124.06421768707483
124.80725623582767
125.50385487528345
126.22367346938775
126.92027210884353
127.64009070294784
128.33668934240362
129.07972789115647
129.77632653061224
130.49614512471655
131.19274376417235
131.93578231292517
132.63238095238094
133.35219954648525
134.07201814058956
134.79183673469387
135.48843537414967
136.20825396825396
136.92807256235827
137.64789115646258
138.34448979591838
139.0643083900227
139.78412698412697
140.50394557823128
141.20054421768708
141.9203628117914
142.6401814058957
143.36
144.05659863945579
144.7764172335601
145.4962358276644
146.21605442176872
146.9126530612245
147.6324716553288
148.3522902494331
149.07210884353742
149.79192743764173
150.4885260770975
151.20834467120181
151.92816326530613
152.64798185941044
153.3445804988662
154.06439909297052
154.78421768707483
155.50403628117914
156.22385487528345
156.92045351473922
157.64027210884353
158.36009070294784
159.05668934240362
159.77650793650793
160.49632653061224
161.21614512471655
161.93596371882086
162.63256235827666
163.35238095238094
164.07219954648525
164.79201814058956
165.51183673469387
166.20843537414967
166.92825396825396
167.64807256235827
168.34467120181407
169.06448979591838
169.7843083900227
170.504126984127
171.22394557823128
171.92054421768708
172.6403628117914
173.3601814058957
174.05678004535147
174.77659863945578
175.4964172335601
176.2162358276644
176.93605442176872
177.6326530612245
178.3524716553288
179.0722902494331
179.79210884353742
180.51192743764173
181.2085260770975
181.9283446712018
182.64816326530612
183.32154195011339
183.9717006802721
184.64507936507937
185.34167800453514
186.0150566893424
186.71165532879817
187.38503401360543
188.0584126984127
188.70857142857142
189.40517006802722
190.101768707483
190.77514739229025
191.49496598639456
192.26122448979592
192.98104308390023
