0.11609977324263039
0.603718820861678
1.0681179138321995
1.5325170068027212
1.9969160997732427
2.461315192743764
2.9257142857142857
3.3901133786848074
3.8545124716553287
4.31891156462585
4.783310657596372
5.2477097505668935
5.712108843537415
6.176507936507937
6.640907029478458
7.1053061224489795
7.569705215419501
8.034104308390022
8.498503401360544
8.962902494331066
9.427301587301587
9.891700680272109
10.356099773242631
10.820498866213152
11.284897959183674
11.749297052154194
12.213696145124716
12.678095238095239
13.142494331065759
13.606893424036281
14.071292517006803
14.55891156462585
15.023310657596372
15.487709750566893
15.952108843537415
16.416507936507937
16.880907029478458
17.345306122448978
17.809705215419502
18.274104308390022
18.738503401360543
19.202902494331067
19.667301587301587
20.131700680272107
20.59609977324263
21.060498866213152
21.524897959183672
21.966077097505668
22.453696145124717
22.918095238095237
23.38249433106576
23.84689342403628
24.3112925170068
24.775691609977326
25.240090702947846
25.704489795918366
26.16888888888889
26.63328798185941
27.09768707482993
27.562086167800455
27.956825396825398
28.374784580498865
28.792743764172336
29.210702947845807
29.675102040816327
30.139501133786847
30.603900226757368
31.068299319727892
31.532698412698412
31.997097505668933
32.46149659863946
32.92589569160998
33.3902947845805
33.85469387755102
34.319092970521545
34.78349206349206
35.27111111111111
35.71229024943311
36.17668934240363
36.64108843537415
37.10548752834467
37.56988662131519
38.05750566893424
38.521904761904764
38.98630385487528
39.42748299319728
39.91510204081633
40.379501133786846
40.84390022675737
41.308299319727894
41.77269841269841
42.21387755102041
42.70149659863946
43.165895691609975
43.6302947845805
44.09469387755102
44.55909297052154
45.023492063492064
45.48789115646259
45.952290249433105
46.41668934240363
46.88108843537415
47.34548752834467
47.809886621315194
48.27428571428572
48.738684807256234
49.20308390022676
49.66748299319728
50.1318820861678
50.59628117913832
51.06068027210885
51.525079365079364
51.98947845804989
52.453877551020405
52.91827664399093
53.40589569160998
53.8702947845805
54.33469387755102
54.79909297052154
55.263492063492066
55.72789115646258
56.19229024943311
56.65668934240363
57.12108843537415
57.58548752834467
58.049886621315196
58.51428571428571
58.978684807256236
59.44308390022676
59.90748299319728
60.3718820861678
60.836281179138325
61.30068027210884
61.765079365079366
62.22947845804989
62.69387755102041
63.15827664399093
63.622675736961455
64.08707482993198
64.55147392290249
65.01587301587301
65.48027210884354
65.94467120181406
66.40907029478458
66.87346938775511
67.33786848072562
67.82548752834467
68.28988662131519
68.75428571428571
69.19546485260771
69.68308390022676
70.14748299319727
70.6118820861678
71.07628117913832
71.54068027210884
72.00507936507937
72.46947845804989
72.91065759637188
73.3750566893424
73.8162358276644
74.23419501133787
74.65215419501133
75.07011337868481
75.48807256235828
75.9524716553288
76.41687074829932
76.88126984126984
77.34566893424036
77.81006802721089
78.25124716553287
78.73886621315192
79.18004535147392
79.66766439909297
80.1320634920635
80.59646258503402
81.037641723356
81.52526077097505
81.98965986394558
82.4540589569161
82.91845804988662
83.38285714285715
83.84725623582766
84.31165532879818
84.7760544217687
85.24045351473923
85.70485260770975
86.16925170068028
86.63365079365079
87.09804988662131
87.56244897959184
88.02684807256236
88.49124716553288
88.97886621315193
89.44326530612246
89.88444444444444
90.37206349206349
90.83646258503401
91.30086167800454
91.76526077097506
92.22965986394559
92.6940589569161
93.15845804988662
93.62285714285714
94.08725623582767
94.55165532879819
95.0160544217687
95.48045351473922
95.94485260770975
96.40925170068027
96.8736507936508
97.33804988662132
97.80244897959183
98.26684807256235
98.73124716553288
99.1956462585034
99.66004535147393
100.12444444444445
100.58884353741496
101.05324263038548
101.51764172335601
101.98204081632653
102.42321995464853
102.84117913832199
103.25913832199547
103.67709750566894
104.11827664399092
104.55945578231292
105.02385487528345
105.48825396825397
105.9526530612245
106.417052154195
106.88145124716553
107.34585034013605
107.81024943310658
108.2746485260771
108.73904761904762
109.20344671201813
109.66784580498866
110.13224489795918
110.5966439909297
111.06104308390023
111.52544217687075
111.98984126984126
112.45424036281179
112.91863945578231
113.38303854875284
113.84743764172336
114.31183673469388
114.7762358276644
115.24063492063492
115.70503401360544
116.16943310657597
116.63383219954649
117.12145124716554
117.58585034013605
118.05024943310657
118.49142857142857
118.97904761904762
119.44344671201814
119.90784580498867
120.37224489795918
120.8366439909297
121.30104308390023
121.76544217687075
122.22984126984127
122.6942403628118
123.1586394557823
123.62303854875283
124.08743764172335
124.55183673469388
125.0162358276644
125.48063492063493
125.94503401360544
126.40943310657596
126.87383219954648
127.33823129251701
127.80263038548753
128.26702947845806
128.73142857142858
129.1958276643991
129.68344671201814
130.14784580498866
130.6122448979592
131.0766439909297
131.54104308390023
132.00544217687076
132.53950113378684
133.05034013605442
133.58439909297053
134.07201814058956
134.5364172335601
135.0008163265306
135.46521541950113
135.92961451247166
136.39401360544218
136.88163265306122
137.34603174603174
137.81043083900227
138.2748299319728
138.7392290249433
139.20362811791384
139.64480725623582
140.13242630385488
140.5968253968254
141.0612244897959
141.52562358276643
141.99002267573695
142.45442176870748
142.918820861678
143.38321995464852
143.84761904761905
144.31201814058957
144.7764172335601
145.24081632653062
145.70521541950114
146.16961451247167
146.63401360544216
147.0984126984127
147.5628117913832
148.02721088435374
148.49160997732426
148.95600907029478
149.4204081632653
149.88480725623583
150.34920634920636
150.81360544217688
151.2780045351474
151.76562358276644
152.23002267573696
152.69442176870749
153.158820861678
153.62321995464853
154.06439909297052
154.55201814058958
155.01641723356008
155.4808163265306
155.94521541950112
156.40961451247165
156.87401360544217
157.3384126984127
157.80281179138322
158.26721088435374
158.73160997732427
159.1960090702948
159.66040816326532
160.12480725623584
160.58920634920634
161.05360544217686
161.51800453514738
161.9591836734694
162.37714285714284
162.81832199546486
163.23628117913833
163.67746031746032
164.1186394557823
164.5598185941043
165.02421768707484
165.48861678004536
165.9530158730159
166.41741496598638
166.8818140589569
167.34621315192743
167.81061224489795
168.27501133786848
168.739410430839
169.20380952380953
169.66820861678005
170.13260770975057
170.5970068027211
171.06140589569162
171.52580498866214
171.99020408163264
172.45460317460316
172.9190022675737
173.3834013605442
173.84780045351474
174.31219954648526
174.77659863945578
175.2409977324263
175.70539682539683
176.16979591836736
176.63419501133788
177.0985941043084
177.5629931972789
178.02739229024942
178.5150113378685
178.979410430839
179.44380952380953
179.90820861678006
180.37260770975055
180.83700680272108
181.3014058956916
181.76580498866213
182.23020408163265
182.69460317460317
183.1590022675737
183.62340136054422
184.08780045351475
184.55219954648527
185.0165986394558
185.50421768707483
186.06149659863945
186.61877551020407
187.10639455782314
187.57079365079366
188.03519274376418
188.49959183673468
188.9639909297052
189.42839002267573
189.89278911564625
190.35718820861678
190.8215873015873
191.26276643990929
191.7271655328798
192.21478458049887
192.6791836734694
193.14358276643992
193.60798185941044
194.07238095238094
194.53678004535146
195.001179138322
195.4655782312925
195.92997732426304
196.39437641723356
196.8819954648526
197.3231746031746
197.78757369614513
198.25197278911565
198.71637188208618
199.2039909297052
199.66839002267574
200.13278911564626
200.59718820861679
201.0615873015873
201.52598639455783
201.99038548752836
202.43156462585034
202.91918367346938
203.3835827664399
203.84798185941042
204.31238095238095
204.77678004535147
205.241179138322
205.70557823129252
206.16997732426304
206.63437641723357
207.0987755102041
207.56317460317462
208.0275736961451
208.49197278911564
208.95637188208616
209.42077097505668
209.8851700680272
210.34956916099773
210.81396825396826
211.27836734693878
211.7659863945578
212.20716553287983
212.67156462585035
213.13596371882088
213.60036281179137
214.0647619047619
214.52916099773242
214.90068027210884
215.34185941043083
215.78303854875284
216.20099773242632
216.6421768707483
217.10657596371883
217.57097505668935
218.03537414965987
218.4997732426304
218.96417233560092
219.42857142857142
219.89297052154194
220.35736961451246
220.821768707483
221.2861678004535
221.75056689342404
222.21496598639456
222.7025850340136
223.16698412698412
223.63138321995464
224.09578231292517
224.5601814058957
225.02458049886621
225.48897959183674
225.95337868480726
226.4177777777778
226.8821768707483
227.3233560090703
227.81097505668933
228.27537414965985
228.73977324263038
229.2041723356009
229.66857142857143
230.13297052154195
230.59736961451247
231.061768707483
231.52616780045352
231.99056689342405
232.45496598639457
232.9193650793651
233.3837641723356
233.8481632653061
234.31256235827664
234.77696145124716
235.24136054421768
235.7057596371882
236.17015873015873
236.63455782312926
237.09895691609978
237.5633560090703
238.02775510204083
238.51537414965986
238.9797732426304
239.42095238095237
239.90857142857143
240.37297052154196
240.81414965986394
241.301768707483
241.7661678004535
242.23056689342403
242.67174603174604
243.13614512471656
243.6237641723356
244.06494331065758
244.55256235827665
245.01696145124717
245.4813605442177
245.94575963718822
246.41015873015874
246.87455782312927
247.33895691609976
247.80335600907028
248.2677551020408
248.73215419501133
249.19655328798186
249.66095238095238
250.1253514739229
250.58975056689343
251.05414965986395
251.51854875283448
252.05260770975056
252.56344671201813
253.0742857142857
253.60834467120182
254.07274376417234
254.53714285714287
255.0015419501134
255.4659410430839
255.9303401360544
256.39473922902494
256.8591383219955
257.323537414966
257.78793650793654
258.25233560090703
258.7167346938775
259.1811337868481
259.6455328798186
260.1099319727891
260.5743310657596
261.0387301587302
261.50312925170067
261.9675283446712
262.45514739229026
262.91954648526075
263.3839455782313
263.8483446712018
264.2895238095238
264.7539229024943
265.21832199546486
265.68272108843536
266.1471201814059
266.63473922902494
267.09913832199544
