0.11609977324263039
0.8359183673469388
1.5325170068027212
2.2291156462585033
2.9257142857142857
3.622312925170068
4.31891156462585
5.015510204081632
5.712108843537415
6.408707482993197
7.1053061224489795
7.801904761904762
8.498503401360544
9.195102040816327
9.891700680272109
10.541859410430838
11.284897959183674
11.981496598639456
12.701315192743763
13.374693877551021
14.071292517006803
14.767891156462586
15.487709750566893
16.184308390022675
16.880907029478458
17.57750566893424
18.274104308390022
18.970702947845805
19.667301587301587
20.36390022675737
21.060498866213152
21.757097505668934
22.453696145124717
23.1502947845805
23.84689342403628
24.543492063492064
25.240090702947846
25.93668934240363
26.63328798185941
27.329886621315193
28.0497052154195
28.723083900226758
29.41968253968254
30.116281179138323
30.83609977324263
31.532698412698412
32.229297052154195
32.92589569160998
33.62249433106576
34.319092970521545
35.015691609977324
35.71229024943311
36.40888888888889
37.10548752834467
37.802086167800454
38.49868480725623
39.19528344671202
39.8918820861678
40.61170068027211
41.308299319727894
42.00489795918367
42.67827664399093
43.39809523809524
44.09469387755102
44.7912925170068
45.48789115646259
46.18448979591837
46.88108843537415
47.57768707482993
48.27428571428572
48.970884353741496
49.66748299319728
50.36408163265306
51.06068027210885
51.757278911564626
52.453877551020405
53.15047619047619
53.84707482993197
54.543673469387755
55.240272108843534
55.93687074829932
56.6334693877551
57.35328798185941
58.026666666666664
58.746485260770974
59.41986394557823
60.13968253968254
60.81306122448979
61.532879818594104
62.20625850340136
62.92607709750567
63.622675736961455
64.31927437641724
65.01587301587301
65.7124716553288
66.40907029478458
67.10566893424036
67.80226757369614
68.49886621315193
69.19546485260771
69.89206349206349
70.58866213151927
71.28526077097506
71.98185941043084
72.67845804988661
73.3750566893424
74.09487528344671
74.76825396825397
75.48807256235828
76.16145124716553
76.88126984126984
77.57786848072563
78.27446712018141
78.97106575963718
79.66766439909297
80.36426303854876
81.06086167800453
81.75746031746031
82.4540589569161
83.15065759637189
83.84725623582766
84.54385487528344
85.24045351473923
85.93705215419502
86.65687074829933
87.33024943310657
88.02684807256236
88.72344671201814
89.44326530612246
90.1166439909297
90.83646258503401
91.5330612244898
92.22965986394559
92.92625850340136
93.64607709750567
94.31945578231293
95.0160544217687
95.71265306122449
96.40925170068027
97.10585034013606
97.80244897959183
98.49904761904762
99.1956462585034
99.89224489795919
100.58884353741496
101.28544217687075
102.00526077097506
102.67863945578232
103.39845804988663
104.07183673469387
104.79165532879819
105.46503401360545
106.18485260770976
106.88145124716553
107.57804988662132
108.2746485260771
108.97124716553287
109.66784580498866
110.36444444444444
111.06104308390023
111.757641723356
112.45424036281179
113.15083900226757
113.84743764172336
114.54403628117913
115.24063492063492
115.9372335600907
116.63383219954649
117.3536507936508
118.02702947845805
118.74684807256236
119.42022675736962
120.11682539682539
120.81342403628118
121.53324263038549
122.20662131519275
122.92643990929706
123.5998185941043
124.31963718820862
125.0162358276644
125.71283446712017
126.40943310657596
127.12925170068027
127.80263038548753
128.4992290249433
129.1958276643991
129.89242630385488
130.58902494331065
131.28562358276645
131.98222222222222
132.678820861678
133.3754195011338
134.0952380952381
134.79183673469387
135.48843537414967
136.1618140589569
136.88163265306122
137.55501133786848
138.2748299319728
138.97142857142856
139.66802721088436
140.36462585034013
141.0612244897959
141.7578231292517
142.45442176870748
143.15102040816328
143.84761904761905
144.54421768707482
145.24081632653062
145.9374149659864
146.6572335600907
147.33061224489796
148.02721088435374
148.72380952380954
149.44362811791385
150.11700680272108
150.8368253968254
151.51020408163265
152.23002267573696
152.92662131519273
153.62321995464853
154.3198185941043
155.01641723356008
155.71301587301588
156.40961451247165
157.10621315192745
157.80281179138322
158.499410430839
159.1960090702948
159.89260770975056
160.61242630385487
161.28580498866214
162.00562358276645
162.70222222222222
163.39882086167802
164.07219954648525
164.79201814058956
165.48861678004536
166.18521541950113
166.8585941043084
167.5784126984127
168.27501133786848
168.97160997732425
169.66820861678005
170.36480725623582
171.06140589569162
171.7580045351474
172.45460317460316
173.15120181405896
173.84780045351474
174.5443990929705
175.2409977324263
175.93759637188208
176.63419501133788
177.33079365079365
178.02739229024942
178.74721088435373
179.44380952380953
180.1404081632653
180.83700680272108
181.53360544217688
182.23020408163265
182.92680272108842
183.62340136054422
184.32
184.99337868480725
185.68997732426303
186.40979591836734
187.10639455782314
187.8029931972789
188.49959183673468
189.19619047619048
189.89278911564625
190.58938775510205
191.28598639455782
191.9825850340136
192.6791836734694
193.37578231292517
194.07238095238094
194.76897959183674
195.48879818594105
196.1621768707483
196.85877551020408
197.55537414965985
198.27519274376417
198.97179138321997
199.66839002267574
200.341768707483
201.0615873015873
201.75818594104308
202.45478458049885
203.15138321995465
203.84798185941042
204.54458049886622
205.26439909297054
205.93777777777777
206.65759637188208
207.33097505668934
208.05079365079365
208.7241723356009
209.44399092970522
210.11736961451248
210.83718820861677
211.51056689342403
212.23038548752834
212.92698412698414
213.6235827664399
214.32018140589568
215.01678004535148
215.71337868480725
216.40997732426302
217.10657596371883
217.8031746031746
218.4997732426304
219.19637188208617
219.89297052154194
220.58956916099774
221.2861678004535
221.98276643990928
222.67936507936508
223.3991836734694
224.07256235827666
224.79238095238094
225.48897959183674
226.1855782312925
226.8821768707483
227.57877551020408
228.27537414965985
228.97197278911565
