0.09287981859410431
0.7198185941043084
1.3003174603174603
1.787936507936508
2.345215419501134
2.9257142857142857
3.622312925170068
4.2260317460317465
4.783310657596372
5.50312925170068
6.106848072562358
6.664126984126984
7.383945578231293
7.987664399092971
8.544943310657596
9.102222222222222
9.7059410430839
10.263219954648527
10.89015873015873
11.470657596371883
12.07437641723356
12.654875283446712
13.235374149659863
13.839092970521541
14.44281179138322
15.023310657596372
15.603809523809524
16.184308390022675
16.764807256235827
17.345306122448978
17.925804988662133
18.622403628117915
19.22612244897959
19.82984126984127
20.503219954648525
21.106938775510205
21.66421768707483
22.175056689342405
22.732335600907028
23.312834467120183
23.91655328798186
24.52027210884354
25.193650793650793
25.68126984126984
26.145668934240362
26.726167800453513
27.28344671201814
27.840725623582767
28.398004535147393
28.955283446712016
29.53578231292517
30.116281179138323
30.72
31.2540589569161
31.764897959183674
32.345396825396826
32.92589569160998
33.45995464852608
33.99401360544218
34.57451247165533
35.15501133786848
35.66585034013605
36.19990929705215
36.6875283446712
37.24480725623583
37.802086167800454
38.33614512471655
38.91664399092971
39.497142857142855
40.07764172335601
40.658140589569165
41.145759637188206
41.72625850340136
42.30675736961451
43.003356009070295
43.607074829931975
44.18757369614512
44.698412698412696
45.255691609977326
45.81297052154195
46.41668934240363
46.99718820861678
47.53124716553288
48.06530612244898
48.6225850340136
49.22630385487528
49.80680272108844
50.387301587301586
50.944580498866216
51.45541950113379
52.05913832199546
52.63963718820862
53.31301587301587
53.91673469387755
54.543673469387755
55.193832199546485
55.77433106575964
56.37804988662131
57.0746485260771
57.655147392290246
58.2356462585034
58.83936507936508
59.41986394557823
60.00036281179138
60.60408163265306
61.18458049886621
61.74185941043084
62.345578231292514
62.94929705215419
63.622675736961455
64.22639455782313
64.80689342403628
65.50349206349206
66.08399092970521
66.66448979591837
67.221768707483
67.75582766439909
68.31310657596372
68.9168253968254
69.49732426303855
70.0778231292517
70.63510204081632
71.1459410430839
71.72643990929706
72.3069387755102
73.00353741496599
73.58403628117914
74.16453514739229
74.72181405895692
75.25587301587302
75.81315192743764
76.41687074829932
77.04380952380953
77.69396825396825
78.27446712018141
78.85496598639456
79.45868480725623
80.03918367346938
80.5732426303855
81.10730158730159
81.68780045351474
82.33795918367348
82.96489795918367
83.54539682539682
84.24199546485261
84.84571428571428
85.42621315192744
86.12281179138321
86.7265306122449
87.30702947845805
88.00362811791383
88.58412698412698
89.16462585034013
89.6754648526077
90.23274376417234
90.81324263038549
91.41696145124716
91.99746031746032
92.53151927437642
93.06557823129252
93.62285714285714
94.22657596371882
94.80707482993198
95.38757369614513
95.96807256235827
96.45569160997732
97.05941043083901
97.63990929705216
98.3132879818594
98.91700680272109
99.54394557823129
100.19410430839002
100.68172335600907
101.1461224489796
101.72662131519274
102.28390022675737
102.84117913832199
103.39845804988663
103.95573696145125
104.5362358276644
105.11673469387755
105.69723356009071
106.20807256235828
106.74213151927438
107.34585034013605
107.94956916099773
108.62294784580499
109.22666666666667
109.80716553287982
110.50376417233561
111.08426303854876
111.6647619047619
112.15238095238095
112.64
113.22049886621315
113.75455782312925
114.26539682539682
114.84589569160998
115.42639455782313
116.12299319727892
116.72671201814059
117.30721088435374
117.8877097505669
118.49142857142857
119.07192743764172
119.65242630385488
120.23292517006803
120.81342403628118
121.41714285714286
121.99764172335601
122.55492063492063
123.13541950113378
123.64625850340136
124.203537414966
124.80725623582767
125.43419501133786
126.06113378684807
126.66485260770975
127.24535147392291
127.82585034013606
128.4063492063492
129.01006802721088
129.61378684807255
130.1942857142857
130.79800453514738
131.44816326530614
132.07510204081632
132.65560090702948
133.23609977324264
133.83981859410432
134.39709750566894
134.9775963718821
135.48843537414967
136.0457142857143
136.57977324263038
137.16027210884354
137.69433106575963
138.2748299319728
138.8321088435374
139.41260770975057
139.94666666666666
140.50394557823128
141.08444444444444
141.6649433106576
142.22222222222223
142.7562811791383
143.31356009070294
143.8940589569161
144.4281179138322
144.91573696145124
145.56589569160997
146.14639455782313
146.7268934240363
147.33061224489796
148.00399092970522
148.67736961451246
149.30430839002267
149.88480725623583
150.465306122449
151.04580498866213
151.74240362811793
152.3461224489796
152.90340136054422
153.4142403628118
153.99473922902493
154.55201814058958
155.15573696145125
155.7362358276644
156.3399546485261
156.87401360544217
157.38485260770975
157.9653514739229
158.54585034013604
159.24244897959184
159.84616780045351
160.40344671201814
160.9142857142857
161.49478458049887
162.0520634920635
162.65578231292517
163.23628117913833
163.9328798185941
164.51337868480726
165.11709750566894
165.6975963718821
166.27809523809523
166.7657142857143
167.34621315192743
167.9267120181406
168.62331065759636
169.22702947845804
169.8075283446712
170.504126984127
171.08462585034013
171.6651247165533
172.19918367346938
172.756462585034
173.31374149659865
173.8942403628118
174.49795918367346
175.17133786848072
175.7750566893424
176.35555555555555
176.95927437641723
177.51655328798185
178.0041723356009
178.58467120181405
179.1651700680272
179.72244897959183
180.25650793650794
180.81378684807257
181.41750566893424
182.0212244897959
182.69460317460317
183.27510204081634
183.85560090702947
184.4128798185941
184.97015873015874
185.50421768707483
186.084716553288
186.66521541950112
187.22249433106575
187.75655328798186
188.31383219954648
188.91755102040815
189.47482993197278
190.0088888888889
190.5661678004535
191.14666666666668
191.7271655328798
192.30766439909297
192.91138321995464
193.53832199546486
194.16526077097507
194.7225396825397
195.2798185941043
195.8138775510204
196.4175963718821
197.06775510204082
197.69469387755103
198.2984126984127
198.87891156462584
199.5522902494331
200.15600907029477
200.75972789115647
201.4331065759637
202.0368253968254
202.64054421768708
203.31392290249434
203.917641723356
204.49814058956918
205.19473922902495
205.7752380952381
206.4021768707483
207.07555555555555
207.65605442176872
