1.5325170068027212
2.020136054421769
2.507755102040816
2.972154195011338
3.436553287981859
3.924172335600907
4.388571428571429
4.876190476190477
5.340589569160998
5.828208616780046
6.315827664399093
6.780226757369615
7.244625850340136
7.732244897959184
8.196643990929704
8.684263038548753
9.148662131519274
9.636281179138322
10.100680272108843
10.588299319727891
11.075918367346938
11.54031746031746
12.027936507936507
12.49233560090703
12.979954648526077
13.444353741496599
13.931972789115646
14.396371882086168
14.86077097505669
15.348390022675737
15.81278911564626
16.300408163265306
16.764807256235827
17.252426303854875
17.740045351473924
18.204444444444444
18.692063492063493
19.17968253968254
19.644081632653062
20.108480725623583
20.572879818594103
21.060498866213152
21.5481179138322
22.01251700680272
22.50013605442177
22.96453514739229
23.45215419501134
23.91655328798186
24.38095238095238
24.86857142857143
25.356190476190477
25.820589569160997
26.284988662131518
26.772607709750567
27.260226757369615
27.724625850340136
28.212244897959184
28.676643990929705
29.164263038548754
29.628662131519274
30.116281179138323
30.580680272108843
31.068299319727892
31.532698412698412
32.02031746031746
32.507936507936506
32.97233560090703
33.45995464852608
33.924353741496596
34.411972789115644
34.87637188208617
35.34077097505669
35.828390022675734
36.31600907029478
36.78040816326531
37.268027210884355
37.73242630385487
38.196825396825396
38.684444444444445
39.172063492063494
39.63646258503401
40.100861678004534
40.58848072562358
41.07609977324263
41.56371882086168
42.0281179138322
42.515736961451246
42.98013605442177
43.44453514739229
43.932154195011336
44.39655328798186
44.88417233560091
45.348571428571425
45.836190476190474
46.300589569161
46.78820861678005
47.25260770975056
47.71700680272109
48.204625850340136
48.692244897959185
49.179863945578234
49.64426303854875
50.108662131519274
50.59628117913832
51.08390022675737
51.54829931972789
52.03591836734694
52.50031746031746
52.98793650793651
53.45233560090703
53.939954648526076
54.4043537414966
54.89197278911565
55.356371882086165
55.843990929705214
56.30839002267574
56.79600907029479
57.2604081632653
57.74802721088435
58.212426303854876
58.700045351473925
59.16444444444444
59.628843537414966
60.070022675736965
60.51120181405896
60.95238095238095
61.39356009070295
61.811519274376415
62.27591836734694
62.74031746031746
63.20471655328798
63.669115646258504
64.15673469387755
64.6443537414966
65.10875283446713
65.57315192743764
66.06077097505668
66.52517006802721
67.01278911564626
67.47718820861678
67.96480725623583
68.45242630385488
68.9168253968254
69.38122448979591
69.86884353741496
70.33324263038548
70.82086167800453
71.28526077097506
71.7728798185941
72.26049886621315
72.72489795918368
73.21251700680273
73.67691609977324
74.14131519274376
74.55927437641724
75.00045351473923
75.4184126984127
75.8595918367347
76.3007709750567
76.78839002267574
77.25278911564625
77.71718820861678
78.20480725623582
78.69242630385487
79.1568253968254
79.64444444444445
80.10884353741497
80.59646258503402
81.06086167800453
81.54848072562358
82.0128798185941
82.50049886621315
82.96489795918367
83.45251700680272
83.91691609977325
84.4045351473923
84.86893424036282
85.35655328798185
85.82095238095238
86.30857142857143
86.77297052154195
87.260589569161
87.72498866213152
88.21260770975057
88.6770068027211
89.16462585034013
89.62902494331065
90.1166439909297
90.58104308390023
91.06866213151928
91.5330612244898
92.02068027210885
92.5082993197279
92.9726984126984
93.46031746031746
93.9479365079365
94.43555555555555
94.9231746031746
95.38757369614513
95.85197278911565
96.3395918367347
96.80399092970522
97.26839002267573
97.73278911564626
98.19718820861678
98.6615873015873
99.14920634920635
99.6368253968254
100.10122448979592
100.58884353741496
101.07646258503401
101.54086167800453
102.00526077097506
102.4928798185941
102.95727891156463
103.44489795918368
103.9092970521542
104.39691609977324
104.86131519274376
105.34893424036281
105.81333333333333
106.30095238095238
106.7653514739229
107.25297052154195
107.71736961451248
108.20498866213151
108.69260770975056
109.15700680272109
109.64462585034013
110.10902494331066
110.5966439909297
111.06104308390023
111.52544217687075
112.01306122448979
112.50068027210884
112.96507936507936
113.45269841269841
113.91709750566893
114.40471655328798
114.8691156462585
115.33351473922903
115.82113378684807
116.30875283446711
116.77315192743764
117.23755102040816
117.72517006802721
118.21278911564626
118.70040816326531
119.16480725623583
119.65242630385488
120.11682539682539
120.60444444444444
121.06884353741496
121.55646258503401
122.02086167800454
122.48526077097506
122.97287981859411
123.46049886621316
123.92489795918367
124.41251700680272
124.87691609977324
125.36453514739229
125.82893424036281
126.31655328798186
126.78095238095239
127.26857142857143
127.73297052154194
128.220589569161
128.68498866213153
129.17260770975057
129.6370068027211
130.12462585034012
130.58902494331065
131.0766439909297
131.54104308390023
132.02866213151927
132.4930612244898
132.98068027210886
133.44507936507935
133.93269841269841
134.39709750566894
134.88471655328797
135.3491156462585
135.83673469387756
136.30113378684808
136.78875283446712
137.25315192743764
137.74077097505668
138.2051700680272
138.69278911564626
139.1571882086168
139.64480725623582
140.10920634920635
140.5968253968254
141.0612244897959
141.54884353741497
142.0132426303855
142.50086167800453
142.96526077097505
143.4528798185941
143.91727891156464
144.40489795918367
144.8692970521542
145.35691609977323
145.82131519274375
146.30893424036282
146.77333333333334
147.26095238095238
147.7253514739229
148.21297052154196
148.700589569161
149.18820861678006
149.65260770975055
150.11700680272108
150.5814058956916
151.06902494331067
151.5566439909297
152.02104308390022
152.5086621315193
152.97306122448978
153.4374603174603
153.92507936507937
154.3894784580499
154.87709750566893
155.364716553288
155.82911564625851
156.29351473922904
156.78113378684807
157.2687528344671
157.73315192743763
158.19755102040816
158.68517006802722
159.17278911564625
159.66040816326532
160.12480725623584
160.58920634920634
161.0768253968254
161.54122448979592
162.00562358276645
162.49324263038548
162.98086167800454
163.44526077097507
163.9096598639456
164.39727891156463
164.88489795918366
165.34929705215418
165.83691609977325
166.30131519274377
166.7889342403628
167.25333333333333
167.7409523809524
168.22857142857143
168.69297052154195
169.15736961451248
169.6449886621315
170.10938775510203
170.5970068027211
171.08462585034013
171.54902494331066
172.01342403628118
172.5010430839002
172.96544217687074
173.4530612244898
173.91746031746032
174.40507936507936
174.89269841269842
175.35709750566895
175.82149659863944
176.3091156462585
176.77351473922903
177.26113378684806
177.7255328798186
178.21315192743765
178.70077097505668
179.1651700680272
179.62956916099773
180.11718820861677
180.60480725623583
181.06920634920635
181.5568253968254
182.0212244897959
182.50884353741498
182.9732426303855
183.46086167800453
183.92526077097506
184.4128798185941
184.87727891156462
185.36489795918368
185.8292970521542
186.31691609977324
186.78131519274376
187.26893424036282
187.73333333333332
188.22095238095238
188.6853514739229
189.17297052154194
189.63736961451247
190.12498866213153
190.58938775510205
191.0770068027211
191.5414058956916
192.02902494331065
192.49342403628117
192.98104308390023
193.44544217687076
193.9330612244898
194.39746031746031
194.88507936507938
195.34947845804987
195.83709750566894
196.30149659863946
196.7891156462585
197.25351473922902
197.74113378684808
198.2055328798186
198.69315192743764
199.15755102040816
199.6451700680272
200.10956916099772
200.59718820861679
201.08480725623582
201.54920634920634
202.01360544217687
202.50122448979593
202.96562358276643
203.4532426303855
203.917641723356
204.40526077097505
204.8928798185941
205.35727891156463
205.82167800453516
206.3092970521542
206.77369614512472
207.26131519274375
207.72571428571428
208.21333333333334
208.70095238095237
209.1653514739229
209.62975056689342
210.11736961451248
210.58176870748298
211.06938775510204
211.53378684807257
212.0214058956916
212.50902494331066
212.9734240362812
213.48426303854876
213.92544217687075
