0.09287981859410431
0.5804988662131519
1.0448979591836736
1.509297052154195
1.9736961451247166
2.461315192743764
2.9257142857142857
3.3668934240362813
3.7848526077097504
4.20281179138322
4.713650793650793
5.2477097505668935
5.735328798185941
6.199727891156463
6.664126984126984
7.128526077097506
7.616145124716553
8.080544217687075
8.544943310657596
9.009342403628118
9.47374149659864
9.961360544217687
10.425759637188209
10.866938775510205
11.354557823129252
11.818956916099774
12.283356009070294
12.747755102040816
13.235374149659863
13.699773242630386
14.164172335600908
14.628571428571428
15.116190476190477
15.580589569160997
16.04498866213152
16.50938775510204
16.973786848072564
17.46140589569161
17.925804988662133
18.36698412698413
18.854603174603174
19.319002267573698
19.783401360544218
20.24780045351474
20.735419501133787
21.199818594104308
21.66421768707483
22.128616780045352
22.6162358276644
23.08063492063492
23.54503401360544
24.009433106575965
24.473832199546486
24.961451247165535
25.425850340136055
25.890249433106575
26.354648526077096
26.81904761904762
27.30666666666667
27.77106575963719
28.23546485260771
28.69986394557823
29.164263038548754
29.628662131519274
30.116281179138323
30.580680272108843
31.045079365079363
31.48625850340136
31.973877551020408
32.46149659863946
32.92589569160998
33.3902947845805
33.85469387755102
34.319092970521545
34.78349206349206
35.27111111111111
35.735510204081635
36.19990929705215
36.664308390022676
37.151927437641724
37.61632653061225
38.080725623582765
38.54512471655329
39.00952380952381
39.47392290249433
39.938321995464854
40.4259410430839
40.89034013605442
41.35473922902494
41.81913832199547
42.283537414965984
42.77115646258503
43.23555555555556
43.699954648526074
44.1643537414966
44.651972789115646
45.11637188208617
45.58077097505669
46.04517006802721
46.509569160997735
46.97396825396825
47.4615873015873
47.925986394557825
48.39038548752834
48.854784580498865
49.31918367346939
49.783582766439906
50.271201814058955
50.73560090702948
51.2
51.66439909297052
52.128798185941044
52.59319727891157
53.08081632653061
53.54521541950113
54.00961451247166
54.474013605442174
54.9384126984127
55.42603174603175
55.89043083900227
56.35482993197279
56.81922902494331
57.283628117913835
57.77124716553288
58.2356462585034
58.700045351473925
59.16444444444444
59.628843537414966
60.116462585034014
60.58086167800454
61.045260770975055
61.50965986394558
61.9740589569161
62.43845804988662
62.902857142857144
63.39047619047619
63.85487528344671
64.34249433106577
64.80689342403628
65.2712925170068
65.73569160997732
66.20009070294785
66.6877097505669
67.15210884353742
67.61650793650794
68.08090702947845
68.54530612244898
69.0097052154195
69.47410430839003
69.96172335600907
70.4261224489796
70.89052154195011
71.35492063492063
71.81931972789116
72.28371882086168
72.7481179138322
73.21251700680273
73.70013605442176
74.16453514739229
74.65215419501133
75.11655328798186
75.58095238095238
76.0453514739229
76.50975056689343
76.97414965986394
77.46176870748299
77.92616780045351
78.39056689342404
78.85496598639456
79.31936507936508
79.80698412698413
80.27138321995464
80.73578231292517
81.20018140589569
81.66458049886621
82.12897959183674
82.61659863945579
83.0809977324263
83.54539682539682
84.00979591836735
84.47419501133787
84.96181405895692
85.42621315192744
85.89061224489797
86.35501133786848
86.819410430839
87.28380952380952
87.77142857142857
88.2358276643991
88.70022675736962
89.16462585034013
89.62902494331065
90.1166439909297
90.58104308390023
91.04544217687075
91.50984126984127
91.9742403628118
92.46185941043083
92.92625850340136
93.39065759637188
93.8550566893424
94.31945578231293
94.78385487528345
95.24825396825396
95.71265306122449
96.20027210884354
96.66467120181406
97.12907029478458
97.61668934240363
98.08108843537416
98.54548752834467
99.00988662131519
99.47428571428571
99.96190476190476
100.42630385487529
100.89070294784581
101.35510204081632
101.81950113378684
102.28390022675737
102.74829931972789
103.21269841269842
103.70031746031746
104.16471655328799
104.6291156462585
105.11673469387755
105.58113378684807
106.0455328798186
106.50993197278912
106.97433106575964
107.43873015873015
107.9263492063492
108.39074829931972
108.85514739229025
109.31954648526077
109.7839455782313
110.27156462585035
110.73596371882086
111.20036281179138
111.6647619047619
112.12916099773243
112.61678004535148
113.081179138322
113.54557823129252
114.00997732426303
114.47437641723356
114.93877551020408
115.42639455782313
115.89079365079365
116.35519274376418
116.81959183673469
117.28399092970521
117.74839002267574
118.21278911564626
118.70040816326531
119.16480725623583
119.62920634920636
120.09360544217687
120.58122448979591
121.04562358276644
121.51002267573696
121.97442176870749
122.46204081632654
122.92643990929706
123.39083900226757
123.8552380952381
124.31963718820862
124.78403628117914
125.24843537414966
125.71283446712017
126.20045351473922
126.66485260770975
127.12925170068027
127.5936507936508
128.08126984126983
128.54566893424035
129.01006802721088
129.4744671201814
129.93886621315193
130.426485260771
130.89088435374148
131.355283446712
131.81968253968253
132.28408163265306
132.77170068027212
133.23609977324264
133.70049886621314
134.16489795918366
134.6292970521542
135.11691609977325
135.58131519274377
136.0457142857143
136.51011337868482
136.97451247165532
137.46213151927438
137.9265306122449
138.39092970521543
138.85532879818595
139.31972789115648
139.78412698412697
140.2485260770975
140.73614512471656
141.20054421768708
141.6649433106576
142.12934240362813
142.61696145124716
143.0813605442177
143.5457596371882
144.01015873015874
144.47455782312926
144.9621768707483
145.42657596371882
145.89097505668934
146.35537414965987
146.8197732426304
147.2841723356009
147.74857142857144
148.23619047619047
148.700589569161
149.16498866213152
149.62938775510204
150.11700680272108
150.5814058956916
151.04580498866213
151.51020408163265
151.97460317460317
152.4622222222222
152.92662131519273
153.39102040816326
153.85541950113378
154.3198185941043
154.78421768707483
155.24861678004535
155.7362358276644
156.2006349206349
156.66503401360544
157.12943310657596
157.61705215419502
158.08145124716555
158.54585034013604
159.01024943310657
159.4746485260771
159.96226757369615
160.42666666666668
160.8910657596372
161.3554648526077
161.81986394557822
162.28426303854874
162.7718820861678
163.23628117913833
163.70068027210885
164.16507936507938
164.62947845804987
165.11709750566894
165.58149659863946
166.04589569160999
166.5102947845805
166.97469387755103
167.46231292517007
167.9267120181406
168.39111111111112
168.85551020408164
169.31990929705216
169.7843083900227
170.2487074829932
170.7131065759637
171.20072562358277
171.6651247165533
172.12952380952382
172.61714285714285
173.08154195011338
173.5459410430839
174.01034013605442
174.47473922902495
174.96235827664398
175.4267573696145
175.86793650793652
176.35555555555555
176.81995464852608
177.2843537414966
177.74875283446713
178.23637188208616
178.70077097505668
179.1651700680272
179.62956916099773
180.11718820861677
180.5815873015873
181.04598639455781
181.51038548752834
181.97478458049886
182.46240362811793
182.92680272108842
183.39120181405895
183.85560090702947
184.34321995464853
184.80761904761906
185.27201814058958
185.71319727891157
186.2008163265306
186.66521541950112
187.12961451247165
187.59401360544217
188.08163265306123
188.54603174603176
189.01043083900225
189.47482993197278
189.9392290249433
190.40362811791383
190.8912471655329
191.3556462585034
191.82004535147394
192.30766439909297
192.7720634920635
193.25968253968253
193.72408163265305
194.16526077097507
194.6296598639456
195.11727891156463
195.58167800453515
196.04607709750567
196.5104761904762
196.97487528344672
197.43927437641725
197.92689342403628
198.3912925170068
198.85569160997733
199.32009070294785
199.78448979591838
200.2488888888889
200.73650793650793
201.20090702947846
201.66530612244898
202.1297052154195
202.61732426303854
203.08172335600906
203.5461224489796
204.0105215419501
204.47492063492064
204.93931972789116
205.4269387755102
205.89133786848072
206.35573696145124
206.82013605442177
207.2845351473923
207.74893424036281
208.21333333333334
208.70095238095237
209.1653514739229
209.62975056689342
210.11736961451248
210.58176870748298
211.0461678004535
211.51056689342403
211.97496598639455
212.4625850340136
212.92698412698414
213.39138321995466
213.85578231292516
214.32018140589568
214.7845804988662
215.27219954648527
215.7365986394558
216.20099773242632
216.6653968253968
217.12979591836734
217.6174149659864
218.08181405895692
218.54621315192745
219.01061224489797
219.4750113378685
219.939410430839
220.42702947845805
220.89142857142858
221.3558276643991
221.82022675736962
222.28462585034015
222.77224489795918
223.2366439909297
223.70104308390023
224.16544217687076
224.62984126984128
225.1174603174603
225.58185941043084
226.04625850340136
226.51065759637189
226.9750566893424
227.46267573696144
227.92707482993197
228.36825396825398
228.85587301587302
229.32027210884354
229.78467120181406
230.2490702947846
230.7134693877551
231.20108843537415
231.66548752834467
232.1298866213152
232.61750566893423
233.08190476190475
233.54630385487528
233.9874829931973
234.47510204081632
234.9627210884354
235.42712018140588
235.8682993197279
236.35591836734693
236.82031746031745
237.28471655328798
237.7491156462585
238.21351473922903
238.70113378684806
239.16553287981858
239.6299319727891
240.11755102040817
240.5819501133787
241.04634920634922
241.51074829931972
241.97514739229024
242.43954648526076
242.9039455782313
243.39156462585035
243.85596371882087
244.32036281179137
244.7847619047619
245.24916099773242
245.73678004535148
246.201179138322
246.66557823129253
247.12997732426305
247.6175963718821
248.0819954648526
248.54639455782313
249.01079365079366
249.47519274376418
249.9395918367347
250.4039909297052
250.86839002267573
251.3560090702948
251.8204081632653
252.28480725623584
252.74920634920636
253.21360544217688
253.67800453514738
254.16562358276644
254.63002267573697
255.0944217687075
255.55882086167802
256.0464399092971
256.5108390022676
256.97523809523807
257.4396371882086
257.9040362811791
258.36843537414967
258.83283446712016
259.2972335600907
259.78485260770975
260.24925170068025
260.7136507936508
261.1780498866213
261.6656689342404
262.1300680272109
262.5944671201814
263.05886621315193
263.5232653061224
264.0108843537415
264.475283446712
264.93968253968256
265.40408163265306
265.86848072562356
266.35609977324265
266.82049886621314
267.2848979591837
267.7492970521542
268.21369614512474
268.67809523809524
269.1657142857143
