0.06965986394557823
0.5572789115646258
0.9984580498866213
1.4628571428571429
1.9040362811791383
2.36843537414966
2.8328344671201813
3.274013605442177
3.7151927437641725
4.179591836734694
4.6439909297052155
5.085170068027211
5.5495691609977325
5.990748299319728
6.455147392290249
6.919546485260771
7.360725623582766
7.825124716553288
8.266303854875284
8.730702947845804
9.195102040816327
9.636281179138322
10.100680272108843
10.541859410430838
11.00625850340136
11.470657596371883
11.911836734693878
12.376235827664399
12.817414965986394
13.281814058956916
13.722993197278912
14.187392290249432
14.651791383219955
15.09297052154195
15.557369614512472
15.998548752834466
16.46294784580499
16.92734693877551
17.368526077097506
17.832925170068027
18.274104308390022
18.738503401360543
19.17968253968254
19.644081632653062
20.108480725623583
20.54965986394558
21.0140589569161
21.455238095238094
21.91963718820862
22.360816326530614
22.825215419501134
23.289614512471655
23.73079365079365
24.171972789115646
24.636371882086166
25.10077097505669
25.541950113378686
26.006349206349206
26.470748299319727
26.911927437641722
27.376326530612246
27.817505668934242
28.281904761904762
28.723083900226758
29.18748299319728
29.6518820861678
30.093061224489794
30.55746031746032
31.02185941043084
31.463038548752834
31.927437641723355
32.36861678004535
32.833015873015874
33.274195011337866
33.73859410430839
34.17977324263038
34.644172335600906
35.10857142857143
35.54975056689342
36.014149659863946
36.47854875283447
36.91972789115646
37.384126984126986
37.82530612244898
38.2897052154195
38.730884353741494
39.19528344671202
39.63646258503401
40.07764172335601
40.542040816326534
41.00643990929705
41.44761904761905
41.912018140589566
42.37641723356009
42.81759637188209
43.281995464852606
43.74639455782313
44.18757369614512
44.651972789115646
45.11637188208617
45.55755102040816
46.021950113378686
46.4863492063492
46.9275283446712
47.368707482993194
47.83310657596372
48.27428571428572
48.738684807256234
49.20308390022676
49.66748299319728
50.108662131519274
50.5730612244898
51.01424036281179
51.478639455782314
51.96625850340136
52.47709750566894
52.964716553287985
53.47555555555556
53.9631746031746
54.427573696145124
54.89197278911565
55.33315192743764
55.797551020408164
56.26195011337869
56.70312925170068
57.167528344671204
57.608707482993196
58.07310657596372
58.51428571428571
58.978684807256236
59.41986394557823
59.88426303854875
60.348662131519276
60.78984126984127
61.25424036281179
61.695419501133784
62.15981859410431
62.62421768707483
63.065396825396824
63.52979591836735
63.97097505668934
64.43537414965986
64.87655328798186
65.34095238095239
65.78213151927437
66.2465306122449
66.71092970521542
67.15210884353742
67.61650793650794
68.05768707482993
68.52208616780045
68.98648526077098
69.42766439909298
69.89206349206349
70.33324263038548
70.79764172335601
71.26204081632653
71.70321995464853
72.16761904761904
72.60879818594104
73.07319727891156
73.51437641723356
73.97877551020409
74.41995464852607
74.8843537414966
75.34875283446712
75.78993197278912
76.25433106575964
76.69551020408163
77.15990929705215
77.62430839002268
78.06548752834468
78.5298866213152
78.97106575963718
79.43546485260771
79.87664399092971
80.34104308390023
80.78222222222222
81.24662131519274
81.71102040816326
82.15219954648526
82.61659863945579
83.05777777777777
83.5221768707483
83.9633560090703
84.42775510204082
84.89215419501134
85.33333333333333
85.79773242630385
86.23891156462585
86.70331065759638
87.14448979591836
87.60888888888888
88.07328798185941
88.53768707482993
88.97886621315193
89.44326530612246
89.88444444444444
90.32562358276644
90.79002267573696
91.25442176870749
91.69560090702947
92.16
92.601179138322
93.06557823129252
93.50675736961452
93.97115646258503
94.43555555555555
94.87673469387755
95.34113378684808
95.78231292517007
96.24671201814058
96.71111111111111
97.15229024943311
97.61668934240363
98.08108843537416
98.52226757369614
98.98666666666666
99.42784580498866
99.89224489795919
100.33342403628117
100.7978231292517
101.26222222222222
101.70340136054422
102.16780045351474
102.60897959183673
103.07337868480725
103.51455782312925
103.97895691609978
104.42013605442177
104.88453514739228
105.34893424036281
105.81333333333333
106.25451247165533
106.71891156462586
107.16009070294784
107.62448979591836
108.06566893424036
108.53006802721089
108.97124716553287
109.4356462585034
109.90004535147392
110.34122448979592
110.78240362811792
111.24680272108843
111.68798185941043
112.15238095238095
112.61678004535148
113.05795918367347
113.52235827664398
113.96353741496598
114.42793650793651
114.89233560090703
115.33351473922903
115.79791383219954
116.26231292517006
116.81959183673469
117.37687074829932
117.81804988662131
118.28244897959183
118.72362811791383
119.18802721088436
119.62920634920636
120.09360544217687
120.55800453514739
120.99918367346939
121.44036281179139
121.9047619047619
122.36916099773242
122.81034013605442
123.27473922902495
123.71591836734694
124.18031746031745
124.64471655328798
125.1091156462585
125.5502947845805
126.01469387755103
126.45587301587301
126.92027210884353
127.36145124716553
127.82585034013606
128.29024943310657
128.73142857142858
129.1958276643991
129.6370068027211
130.1014058956916
130.56580498866214
131.00698412698412
131.47138321995465
131.91256235827663
132.37696145124715
132.81814058956917
133.2825396825397
133.72371882086168
134.1881179138322
134.6292970521542
135.0936961451247
135.55809523809523
135.99927437641725
136.46367346938774
136.90485260770976
137.36925170068028
137.8336507936508
138.2748299319728
138.7392290249433
139.20362811791384
139.64480725623582
140.10920634920635
140.55038548752833
141.01478458049885
141.45596371882087
141.9203628117914
142.36154195011338
142.8259410430839
143.2671201814059
143.7315192743764
144.19591836734693
144.63709750566895
145.10149659863944
145.56589569160997
146.00707482993198
146.4714739229025
146.9126530612245
147.377052154195
147.818231292517
148.28263038548752
148.72380952380954
149.18820861678006
149.65260770975055
150.09378684807257
150.5581859410431
150.99936507936508
151.4637641723356
151.9049433106576
152.3693424036281
152.83374149659863
153.3213605442177
153.80897959183673
154.2965986394558
154.78421768707483
155.27183673469386
155.78267573696147
156.24707482993196
156.71147392290248
157.1526530612245
157.61705215419502
158.058231292517
158.52263038548753
158.98702947845806
159.42820861678004
159.89260770975056
160.33378684807255
160.79818594104307
161.2393650793651
161.7037641723356
162.1449433106576
162.60934240362812
163.07374149659864
163.51492063492063
163.97931972789115
164.44371882086168
164.88489795918366
165.34929705215418
165.7904761904762
166.25487528344672
166.6960544217687
167.16045351473923
167.62485260770976
168.06603174603174
168.53043083900226
168.97160997732425
169.43600907029477
169.8771882086168
170.3415873015873
170.80598639455783
171.24716553287982
171.71156462585034
172.15274376417233
172.61714285714285
173.05832199546487
173.52272108843536
173.98712018140588
174.4282993197279
174.89269841269842
175.3338775510204
175.79827664399093
176.23945578231292
176.70385487528344
177.14503401360545
177.60943310657598
178.07383219954647
178.5150113378685
178.979410430839
179.420589569161
179.88498866213152
180.34938775510204
180.79056689342403
181.25496598639455
181.69614512471657
182.16054421768706
182.62494331065759
183.0661224489796
183.53052154195012
183.9717006802721
184.43609977324263
184.87727891156462
185.34167800453514
185.80607709750566
186.24725623582768
186.71165532879817
187.1528344671202
187.6172335600907
188.0584126984127
188.52281179138322
188.98721088435374
189.42839002267573
189.89278911564625
190.33396825396827
190.7983673469388
191.23954648526077
191.7039455782313
192.14512471655328
192.6095238095238
193.07392290249433
193.51510204081632
193.97950113378684
194.42068027210885
194.88507936507938
195.32625850340136
195.7906575963719
196.2550566893424
196.81233560090703
197.36961451247166
197.83401360544218
198.27519274376417
198.7395918367347
199.1807709750567
199.6451700680272
200.0863492063492
200.55074829931974
201.01514739229026
201.45632653061224
201.92072562358277
202.36190476190475
202.82630385487528
203.2674829931973
203.7318820861678
204.1962811791383
204.63746031746032
205.10185941043085
205.56625850340137
206.00743764172336
206.47183673469388
206.91301587301587
207.3774149659864
207.8185941043084
208.2829931972789
208.7241723356009
209.18857142857144
209.65297052154196
210.09414965986394
210.55854875283447
