0.09287981859410431
0.5572789115646258
1.0448979591836736
1.5325170068027212
1.9969160997732427
2.461315192743764
2.9257142857142857
3.3901133786848074
3.8545124716553287
4.31891156462585
4.806530612244898
5.270929705215419
5.735328798185941
6.222947845804988
6.6873469387755105
7.151746031746032
7.616145124716553
8.080544217687075
8.544943310657596
9.009342403628118
9.47374149659864
9.914920634920636
10.379319727891156
10.843718820861678
11.3081179138322
11.795736961451247
12.26013605442177
12.747755102040816
13.235374149659863
13.722993197278912
14.210612244897959
14.675011337868481
15.139410430839002
15.62702947845805
16.114648526077097
16.579047619047618
17.04344671201814
17.507845804988662
17.99546485260771
18.45986394557823
18.94748299319728
19.4118820861678
19.87628117913832
20.317460317460316
20.78185941043084
21.223038548752836
21.66421768707483
22.128616780045352
22.6162358276644
23.103854875283446
23.56825396825397
24.055873015873015
24.52027210884354
25.007891156462584
25.518730158730158
25.98312925170068
26.447528344671202
26.911927437641722
27.376326530612246
27.817505668934242
28.258684807256238
28.723083900226758
29.18748299319728
29.675102040816327
30.139501133786847
30.603900226757368
31.068299319727892
31.509478458049887
31.950657596371883
32.41505668934241
32.8562358276644
33.32063492063492
33.761814058956915
34.202993197278914
34.66739229024943
35.131791383219955
35.59619047619048
36.060589569160996
36.501768707482995
36.96616780045351
37.430566893424036
37.89496598639456
38.35936507936508
38.800544217687076
39.24172335600907
39.70612244897959
40.170521541950116
40.63492063492063
41.09931972789116
41.56371882086168
42.0281179138322
42.4692970521542
42.91047619047619
43.35165532879819
43.83927437641724
44.32689342403628
44.7912925170068
45.27891156462585
45.743310657596375
46.20770975056689
46.69532879818594
47.206167800453514
47.69378684807256
48.15818594104309
48.64580498866213
49.13342403628118
49.5978231292517
50.03900226757369
50.48018140589569
50.944580498866216
51.40897959183673
51.87337868480726
52.31455782312925
52.77895691609977
53.2433560090703
53.68453514739229
54.14893424036281
54.61333333333334
55.077732426303854
55.51891156462585
55.98331065759637
56.447709750566894
56.91210884353742
57.35328798185941
57.817687074829934
58.258866213151926
58.746485260770974
59.187664399092974
59.65206349206349
60.116462585034014
60.58086167800454
61.02204081632653
61.486439909297054
61.92761904761905
62.39201814058957
62.83319727891156
63.32081632653061
63.76199546485261
64.22639455782313
64.69079365079365
65.13197278911565
65.59637188208617
66.06077097505668
66.52517006802721
66.96634920634921
67.43074829931973
67.89514739229026
68.35954648526076
68.82394557823129
69.26512471655329
69.72952380952381
70.17070294784581
70.63510204081632
71.09950113378684
71.56390022675737
72.00507936507937
72.46947845804989
72.91065759637188
73.39827664399093
73.83945578231292
74.30385487528345
74.76825396825397
75.2326530612245
75.67383219954648
76.138231292517
76.60263038548753
77.04380952380953
77.50820861678004
77.97260770975056
78.43700680272109
78.87818594104309
79.34258503401361
79.7837641723356
80.24816326530612
80.71256235827664
81.17696145124717
81.64136054421769
82.10575963718821
82.5469387755102
83.01133786848072
83.47573696145125
83.94013605442177
84.38131519274377
84.84571428571428
85.28689342403628
85.7512925170068
86.21569160997733
86.65687074829933
87.12126984126984
87.58566893424036
88.05006802721088
88.49124716553288
88.9556462585034
89.42004535147392
89.88444444444444
90.32562358276644
90.79002267573696
91.25442176870749
91.71882086167801
92.16
92.62439909297052
93.08879818594104
93.55319727891157
93.99437641723355
94.43555555555555
94.9231746031746
95.38757369614513
95.82875283446712
96.29315192743765
96.75755102040816
97.19873015873016
97.66312925170068
98.1275283446712
98.59192743764173
99.03310657596371
99.49750566893424
99.93868480725624
100.40308390022676
100.86748299319729
101.30866213151927
101.7730612244898
102.23746031746032
102.70185941043084
103.16625850340137
103.60743764172335
104.07183673469387
104.5362358276644
105.00063492063492
105.44181405895692
105.90621315192743
106.37061224489796
106.81179138321995
107.27619047619048
107.740589569161
108.20498866213151
108.64616780045351
109.11056689342404
109.57496598639456
110.03936507936508
110.50376417233561
110.96816326530612
111.45578231292517
111.96662131519274
112.43102040816326
112.91863945578231
113.38303854875284
113.84743764172336
114.33505668934241
114.79945578231292
115.26385487528344
115.70503401360544
116.16943310657597
116.65705215419501
117.09823129251701
117.56263038548752
118.02702947845805
118.49142857142857
118.97904761904762
119.3970068027211
119.81496598639455
120.27936507936508
120.7437641723356
121.23138321995465
121.69578231292518
122.13696145124716
122.57814058956916
123.01931972789116
123.46049886621316
123.90167800453514
124.34285714285714
124.85369614512472
125.36453514739229
125.82893424036281
126.29333333333334
126.73451247165534
127.17569160997732
127.66331065759637
128.10448979591837
128.5688888888889
129.03328798185942
129.49768707482994
129.93886621315193
130.40326530612245
130.86766439909297
131.30884353741496
131.77324263038548
132.237641723356
132.70204081632653
133.16643990929705
133.60761904761904
134.04879818594105
134.51319727891158
134.9775963718821
135.4419954648526
135.90639455782312
136.37079365079364
136.81197278911566
137.27637188208618
137.74077097505668
138.2051700680272
138.66956916099772
139.11074829931974
139.57514739229026
140.03954648526076
140.52716553287982
141.01478458049885
141.50240362811792
141.99002267573695
142.47764172335602
142.94204081632654
143.40643990929706
143.8708390022676
144.31201814058957
144.7764172335601
145.24081632653062
145.72843537414965
146.19283446712018
146.6572335600907
147.12163265306123
147.58603174603175
148.05043083900227
148.5148299319728
148.95600907029478
149.4204081632653
149.88480725623583
150.32598639455782
150.79038548752834
151.25478458049886
151.7191836734694
152.16036281179137
152.6247619047619
153.08916099773242
153.53034013605443
153.99473922902493
154.45913832199545
154.92353741496598
155.364716553288
155.82911564625851
156.29351473922904
156.75791383219953
157.19909297052155
157.66349206349207
158.1278911564626
158.59229024943312
159.0334693877551
159.49786848072563
159.96226757369615
160.40344671201814
160.86784580498866
161.33224489795919
161.7966439909297
162.2378231292517
162.70222222222222
163.16662131519274
163.60780045351473
164.07219954648525
164.53659863945578
165.0009977324263
165.4421768707483
165.9065759637188
166.37097505668933
166.83537414965986
167.27655328798187
167.7409523809524
168.2053514739229
168.6697505668934
169.11092970521543
169.57532879818595
170.03972789115647
170.48090702947846
170.94530612244898
171.4097052154195
171.87410430839003
172.31528344671202
172.77968253968254
173.24408163265306
173.68526077097505
174.14965986394557
174.6140589569161
175.07845804988662
175.5196371882086
175.96081632653062
176.42521541950114
176.88961451247167
177.3540136054422
177.8184126984127
178.2828117913832
178.74721088435373
179.18839002267575
179.65278911564627
180.09396825396826
180.55836734693878
181.0227664399093
181.48716553287983
181.9283446712018
182.39274376417234
182.85714285714286
183.32154195011339
183.76272108843537
184.2271201814059
184.69151927437642
185.15591836734694
185.62031746031747
186.06149659863945
186.52589569160997
186.96707482993196
187.43147392290248
187.895873015873
188.36027210884353
188.80145124716555
189.24263038548753
189.70702947845805
190.17142857142858
190.6358276643991
191.10022675736963
191.56462585034015
192.02902494331065
192.47020408163266
192.93460317460318
193.3990022675737
193.8401814058957
194.30458049886622
194.76897959183674
195.21015873015872
195.67455782312925
196.13895691609977
196.58013605442176
197.04453514739228
197.5089342403628
197.97333333333333
198.41451247165534
198.87891156462584
199.34331065759636
199.8077097505669
200.2721088435374
200.71328798185942
201.17768707482992
201.64208616780044
202.08326530612246
202.54766439909298
203.0120634920635
203.476462585034
203.917641723356
204.358820861678
204.84643990929706
205.31083900226758
205.75201814058957
206.2164172335601
206.72725623582767
207.23809523809524
207.74893424036281
208.23655328798185
208.7241723356009
209.18857142857144
209.65297052154196
210.11736961451248
210.55854875283447
211.022947845805
211.48734693877552
211.9285260770975
212.39292517006803
212.85732426303855
213.34494331065758
213.8093424036281
214.25052154195012
214.6917006802721
215.15609977324263
215.59727891156462
216.06167800453514
216.52607709750566
216.9904761904762
217.43165532879817
217.8960544217687
218.3372335600907
218.80163265306123
219.24281179138322
219.73043083900228
220.17160997732427
220.6360090702948
221.1004081632653
221.56480725623584
222.02920634920636
222.47038548752835
222.91156462585033
223.37596371882086
223.84036281179138
224.3047619047619
224.76916099773243
225.23356009070295
225.67473922902494
226.13913832199546
226.58031746031747
227.04471655328797
227.5091156462585
227.97351473922902
228.41469387755103
228.87909297052155
229.32027210884354
229.78467120181406
230.2490702947846
230.7134693877551
231.17786848072564
231.64226757369613
232.10666666666665
232.57106575963718
233.0122448979592
233.47664399092972
233.9178231292517
234.38222222222223
234.84662131519275
235.31102040816327
235.75219954648526
236.21659863945578
236.70421768707482
237.2150566893424
237.70267573696145
238.21351473922903
238.70113378684806
239.18875283446712
239.67637188208616
240.14077097505668
240.5819501133787
241.04634920634922
241.51074829931972
241.95192743764173
242.3931065759637
242.85750566893424
243.32190476190476
243.76308390022675
244.22748299319727
244.6918820861678
245.15628117913832
245.5974603174603
246.06185941043083
246.50303854875284
246.96743764172336
247.4318367346939
247.87301587301587
248.3374149659864
248.80181405895692
249.26621315192745
249.73061224489797
250.1950113378685
250.63619047619048
251.100589569161
251.56498866213153
252.0061678004535
252.47056689342404
252.93496598639456
253.37614512471654
253.84054421768707
254.3049433106576
254.76934240362812
255.2105215419501
255.67492063492062
256.1393197278912
256.6037188208617
257.0448979591837
257.5092970521542
257.97369614512473
258.43809523809523
258.87927437641724
259.34367346938774
259.8080725623583
260.24925170068025
260.7136507936508
261.1780498866213
261.64244897959185
262.0836281179138
262.5248072562358
262.98920634920637
263.4768253968254
263.9180045351474
264.3824036281179
264.8468027210884
265.2879818594104
265.752380952381
266.21678004535147
266.6579591836735
267.122358276644
267.58675736961453
268.051156462585
268.49233560090704
268.95673469387754
269.4211337868481
269.86231292517004
270.3267120181406
270.7911111111111
