0.09287981859410431
0.5804988662131519
1.0448979591836736
1.5325170068027212
1.9969160997732427
2.461315192743764
2.948934240362812
3.4133333333333336
3.877732426303855
4.365351473922902
4.829750566893424
5.294149659863946
5.7817687074829935
6.246167800453515
6.710566893424036
7.198185941043084
7.662585034013605
8.150204081632653
8.614603174603175
9.079002267573696
9.566621315192744
10.031020408163265
10.495419501133787
10.983038548752834
11.447437641723356
11.911836734693878
12.399455782312925
12.863854875283447
13.328253968253968
13.815873015873017
14.280272108843537
14.744671201814059
15.232290249433106
15.696689342403628
16.184308390022675
16.648707482993196
17.11310657596372
17.600725623582765
18.06512471655329
18.52952380952381
19.017142857142858
19.481541950113378
19.9459410430839
20.433560090702947
20.897959183673468
21.36235827664399
21.849977324263037
22.31437641723356
22.77877551020408
23.26639455782313
23.73079365079365
24.19519274376417
24.68281179138322
25.14721088435374
25.63482993197279
26.09922902494331
26.563628117913833
27.051247165532878
27.515646258503402
27.980045351473922
28.46766439909297
28.93206349206349
29.396462585034012
29.88408163265306
30.34848072562358
30.83609977324263
31.30049886621315
31.764897959183674
32.25251700680272
32.71691609977324
33.18131519274377
33.66893424036281
34.13333333333333
34.59773242630386
35.085351473922906
35.54975056689342
36.014149659863946
36.501768707482995
36.96616780045351
37.430566893424036
37.918185941043085
38.38258503401361
38.846984126984125
39.334603174603174
39.7990022675737
40.263401360544215
40.751020408163264
41.21541950113379
41.67981859410431
42.16743764172335
42.63183673469388
43.0962358276644
43.58385487528345
44.04825396825397
44.535873015873015
45.00027210884354
45.464671201814056
45.952290249433105
46.41668934240363
46.90430839002268
47.368707482993194
47.83310657596372
48.29750566893424
48.78512471655329
49.24952380952381
49.71392290249433
50.20154195011338
50.6659410430839
51.153560090702946
51.61795918367347
52.082358276643994
52.569977324263036
53.03437641723356
53.498775510204084
53.98639455782313
54.45079365079365
54.91519274376417
55.40281179138322
55.86721088435374
56.33160997732426
56.81922902494331
57.283628117913835
57.7015873015873
58.11954648526077
58.56072562358277
58.978684807256236
59.41986394557823
59.88426303854875
60.348662131519276
60.836281179138325
61.30068027210884
61.765079365079366
62.252698412698415
62.71709750566893
63.181496598639455
63.669115646258504
64.13351473922903
64.59791383219955
65.0855328798186
65.54993197278911
66.01433106575963
66.47873015873016
66.96634920634921
67.43074829931973
67.89514739229026
68.3827664399093
68.84716553287981
69.31156462585034
69.79918367346939
70.26358276643991
70.72798185941043
71.21560090702948
71.68
72.14439909297052
72.63201814058957
73.09641723356009
73.58403628117914
74.04843537414966
74.51283446712019
75.00045351473923
75.48807256235828
75.9524716553288
76.41687074829932
76.88126984126984
77.36888888888889
77.83328798185941
78.29768707482994
78.76208616780045
79.2497052154195
79.71410430839002
80.17850340136054
80.66612244897959
81.13052154195012
81.59492063492064
82.08253968253969
82.5469387755102
83.01133786848072
83.49895691609977
83.9633560090703
84.45097505668934
84.91537414965987
85.37977324263039
85.86739229024943
86.33179138321995
86.79619047619047
87.28380952380952
87.74820861678005
88.21260770975057
88.70022675736962
89.16462585034013
89.62902494331065
90.1166439909297
90.58104308390023
91.06866213151928
91.5330612244898
91.99746031746032
92.48507936507937
92.94947845804988
93.4138775510204
93.87827664399093
94.36589569160998
94.8302947845805
95.31791383219955
95.78231292517007
96.24671201814058
96.71111111111111
97.19873015873016
97.66312925170068
98.1275283446712
98.61514739229025
99.1027664399093
99.56716553287981
100.03156462585034
100.49596371882086
100.98358276643991
101.44798185941043
101.91238095238096
102.4
102.88761904761905
103.35201814058956
103.81641723356009
104.28081632653061
104.74521541950114
105.23283446712018
105.69723356009071
106.18485260770976
106.64925170068027
107.13687074829932
107.60126984126984
108.06566893424036
108.53006802721089
109.01768707482994
109.48208616780046
109.9697052154195
110.43410430839002
110.89850340136054
111.38612244897959
111.85052154195012
112.31492063492064
112.80253968253969
113.2669387755102
113.73133786848072
114.21895691609977
114.6833560090703
115.17097505668934
115.63537414965987
116.09977324263039
116.58739229024944
117.05179138321995
117.539410430839
118.00380952380952
118.46820861678005
118.93260770975057
119.42022675736962
119.88462585034014
120.37224489795918
120.85986394557823
121.32426303854875
121.8118820861678
122.29950113378685
122.7871201814059
123.27473922902495
123.762358276644
124.22675736961452
124.69115646258503
125.15555555555555
125.61995464852608
126.0843537414966
126.54875283446712
127.01315192743765
127.45433106575963
127.89551020408163
128.35990929705216
128.80108843537414
129.24226757369615
129.68344671201814
130.14784580498866
130.6122448979592
131.0766439909297
131.54104308390023
132.02866213151927
132.4930612244898
132.95746031746032
133.44507936507935
133.90947845804988
134.3738775510204
134.86149659863946
135.32589569161
135.81351473922902
136.3243537414966
136.83519274376417
137.34603174603174
137.8336507936508
138.29804988662133
138.78566893424036
139.2500680272109
139.7144671201814
140.20208616780045
140.66648526077097
141.1308843537415
141.61850340136056
142.08290249433108
142.54730158730158
143.0117006802721
143.49931972789116
143.9637188208617
144.45133786848072
144.91573696145124
145.38013605442177
145.8677551020408
146.33215419501133
146.8197732426304
147.2841723356009
147.74857142857144
148.23619047619047
148.700589569161
149.16498866213152
149.65260770975055
150.11700680272108
150.5814058956916
151.06902494331067
151.5334240362812
152.02104308390022
152.48544217687075
152.94984126984127
153.4142403628118
153.90185941043083
154.36625850340135
154.83065759637188
155.31827664399094
155.78267573696147
156.24707482993196
156.73469387755102
157.19909297052155
157.66349206349207
158.1511111111111
158.61551020408163
159.07990929705215
159.5675283446712
160.0319274376417
160.49632653061224
160.9839455782313
161.44834467120182
161.93596371882086
162.40036281179138
162.8647619047619
163.35238095238094
163.81678004535146
164.281179138322
164.76879818594105
165.23319727891158
165.6975963718821
166.18521541950113
166.64961451247166
167.1372335600907
167.60163265306122
168.06603174603174
168.5536507936508
169.01804988662133
169.48244897959182
169.94684807256235
170.4344671201814
170.89886621315193
171.36326530612246
171.8508843537415
172.31528344671202
172.80290249433108
173.26730158730157
173.7317006802721
174.19609977324262
174.68371882086169
175.1481179138322
175.63573696145124
176.10013605442177
176.5645351473923
177.05215419501133
177.51655328798185
177.98095238095237
178.46857142857144
178.93297052154196
179.39736961451248
179.86176870748298
180.302947845805
180.72090702947847
181.16208616780045
181.60326530612244
182.04444444444445
182.48562358276644
182.95002267573696
183.41442176870748
183.90204081632652
184.36643990929704
184.8540589569161
185.31845804988663
185.80607709750566
186.2704761904762
186.7348752834467
187.19927437641724
187.68689342403627
188.1512925170068
188.5924716553288
189.08009070294784
189.5677097505669
190.05532879818594
190.51972789115646
190.984126984127
191.47174603174602
191.93614512471655
192.40054421768707
192.84172335600908
193.25968253968253
193.677641723356
194.09560090702948
194.53678004535146
195.001179138322
195.48879818594105
195.95319727891157
196.4175963718821
196.90521541950113
197.36961451247166
197.83401360544218
198.2984126984127
198.78603174603174
199.25043083900226
199.7148299319728
200.20244897959185
200.66684807256235
201.1544671201814
201.61886621315193
202.08326530612246
202.54766439909298
203.03528344671201
203.49968253968254
203.96408163265306
204.4517006802721
204.91609977324262
205.40371882086168
205.8681179138322
206.33251700680273
206.82013605442177
207.2845351473923
207.74893424036281
208.23655328798185
208.70095238095237
209.18857142857144
209.65297052154196
210.140589569161
210.60498866213152
211.09260770975058
211.55700680272108
212.0214058956916
212.48580498866212
212.95020408163265
213.4378231292517
213.90222222222224
214.36662131519273
214.8542403628118
215.31863945578232
215.78303854875284
216.24743764172337
216.7118367346939
217.19945578231292
217.68707482993196
218.15147392290248
218.615873015873
219.08027210884353
219.5678911564626
220.03229024943312
220.49668934240364
220.98430839002268
221.4487074829932
221.93632653061223
222.40072562358276
222.86512471655328
223.3295238095238
223.81714285714287
224.28154195011336
224.7459410430839
225.23356009070295
225.69795918367348
226.162358276644
226.64997732426303
227.1375963718821
227.60199546485262
228.06639455782312
228.55401360544218
229.0184126984127
229.48281179138323
229.97043083900226
230.43482993197279
230.8992290249433
231.36362811791383
231.82802721088436
232.3156462585034
232.80326530612246
233.26766439909298
233.7320634920635
234.19646258503403
234.68408163265306
235.14848072562359
235.6128798185941
236.10049886621314
236.56489795918367
237.05251700680273
237.51691609977325
237.98131519274375
238.4689342403628
238.93333333333334
239.39773242630386
239.8853514739229
240.34975056689342
240.81414965986394
241.301768707483
241.7661678004535
242.25378684807256
242.7181859410431
243.1825850340136
243.67020408163265
244.13460317460317
244.5990022675737
245.08662131519273
245.55102040816325
246.01541950113378
246.50303854875284
246.96743764172336
247.4318367346939
247.8962358276644
248.38385487528345
248.84825396825397
249.335873015873
249.80027210884353
250.26467120181405
250.75229024943312
251.21668934240364
251.68108843537414
252.1687074829932
252.63310657596372
253.09750566893425
253.58512471655328
254.0495238095238
254.53714285714287
255.0015419501134
255.4659410430839
255.95356009070295
256.4179591836735
256.9055782312925
257.4396371882086
257.92725623582766
258.3916553287982
258.87927437641724
259.34367346938774
259.83129251700683
260.2956916099773
260.78331065759636
261.2477097505669
261.7121088435374
262.19972789115644
262.664126984127
263.1285260770975
263.6161451247166
264.0805442176871
264.5681632653061
265.03256235827666
265.49696145124716
265.9613605442177
266.44897959183675
266.91337868480724
267.4009977324263
267.86539682539683
268.35301587301586
268.8174149659864
269.2818140589569
269.74621315192746
270.1873922902494
270.62857142857143
271.06975056689345
271.53414965986394
271.9985487528345
272.48616780045353
272.950566893424
273.43818594104306
273.9025850340136
274.3669841269841
274.83138321995466
275.3190022675737
275.7834013605442
276.24780045351474
276.7354195011338
277.19981859410433
277.6642176870748
278.15183673469386
278.6162358276644
279.0806349206349
279.56825396825394
280.0326530612245
280.5202721088435
280.9846712018141
281.4490702947846
281.91346938775513
282.40108843537416
282.86548752834466
283.3531065759637
283.81750566893425
284.3051247165533
284.76952380952383
285.2339229024943
285.72154195011336
286.1859410430839
286.6503401360544
287.11473922902496
287.602358276644
288.0667573696145
288.5543764172336
289.0187755102041
289.4831746031746
289.97079365079367
290.43519274376416
290.8995918367347
291.3639909297052
291.85160997732424
292.3160090702948
292.7804081632653
293.2680272108843
293.7324263038549
294.1968253968254
294.68444444444447
295.14884353741496
295.6132426303855
296.077641723356
296.56526077097504
297.0528798185941
297.51727891156463
297.9816780045351
298.4692970521542
298.9336961451247
299.39809523809527
299.86249433106576
300.3501133786848
300.81451247165535
301.3021315192744
301.7665306122449
302.23092970521543
302.71854875283447
303.18294784580496
303.67056689342405
304.13496598639455
304.5993650793651
305.08698412698413
305.55138321995463
306.0157823129252
306.4801814058957
306.9678004535147
307.43219954648526
307.9198185941043
308.38421768707485
308.84861678004535
309.3130158730159
309.80063492063493
310.26503401360543
310.75265306122446
311.217052154195
311.6814512471655
312.1690702947846
312.6334693877551
313.12108843537413
313.5854875283447
314.0498866213152
314.51428571428573
314.97868480725623
315.46630385487526
315.95392290249436
316.41832199546485
316.88272108843535
317.37034013605444
317.83473922902493
318.2991383219955
318.7867573696145
319.251156462585
319.71555555555557
320.2031746031746
320.6675736961451
321.13197278911565
321.6195918367347
322.08399092970524
322.54839002267573
323.03600907029477
323.5004081632653
323.9648072562358
324.45242630385485
324.9168253968254
325.3812244897959
325.868843537415
326.3332426303855
326.79764172335604
327.28526077097507
327.74965986394557
328.2372789115646
328.70167800453515
329.16607709750565
329.65369614512474
330.11809523809524
330.58249433106573
331.0701133786848
331.5345124716553
331.99891156462587
332.4865306122449
332.9509297052154
333.4385487528345
333.902947845805
334.3673469387755
334.83174603174604
335.31936507936507
335.7837641723356
336.2481632653061
336.73578231292515
337.2001814058957
337.6645804988662
338.15219954648524
338.6165986394558
339.0809977324263
339.5686167800454
340.03301587301587
340.4974149659864
340.98503401360546
341.44943310657595
341.937052154195
342.40145124716554
342.86585034013603
343.3534693877551
343.8178684807256
344.2822675736961
344.7698866213152
345.2342857142857
345.69868480725626
346.1863038548753
346.6507029478458
347.11510204081634
347.6027210884354
348.06712018140587
348.5315192743764
349.01913832199546
349.483537414966
349.9479365079365
350.43555555555554
350.8999546485261
351.3643537414966
351.8519727891156
352.3163718820862
352.78077097505667
353.26839002267576
353.73278911564626
354.1971882086168
354.68480725623584
355.14920634920634
355.6136054421769
356.1012244897959
356.5656235827664
357.030022675737
357.517641723356
357.9820408163265
358.44643990929706
358.9340589569161
359.39845804988664
359.8860770975057
360.3504761904762
360.8148752834467
361.2792743764172
361.76689342403625
362.2312925170068
362.71891156462584
363.1833106575964
363.6477097505669
364.1353287981859
364.5997278911565
365.064126984127
365.551746031746
366.01614512471656
366.48054421768705
366.96816326530615
367.43256235827664
367.8969614512472
368.3845804988662
368.8489795918367
369.3133786848073
369.8009977324263
370.2653968253968
370.72979591836736
371.2174149659864
371.6818140589569
372.14621315192744
372.6338321995465
373.098231292517
373.5626303854875
374.05024943310656
374.5146485260771
374.9790476190476
375.46666666666664
375.9310657596372
376.4186848072562
376.8830839002268
377.3474829931973
377.8351020408163
378.29950113378686
378.76390022675736
379.2515192743764
379.71591836734694
380.18031746031744
380.66793650793653
381.132335600907
381.5967346938776
382.0611337868481
382.5487528344671
383.01315192743766
383.47755102040816
383.9419501133787
384.4063492063492
384.8707482993197
385.3583673469388
385.8227664399093
386.28716553287984
386.75156462585034
387.2159637188209
387.6803628117914
388.1447619047619
388.60916099773243
389.0735600907029
389.5379591836735
390.002358276644
390.4667573696145
390.931156462585
391.3955555555556
391.85995464852607
392.3243537414966
392.7887528344671
393.2531519274376
393.71755102040817
394.1587301587302
394.6231292517007
395.0875283446712
395.5519274376417
396.0163265306122
396.45750566893423
396.9219047619048
397.3863038548753
397.85070294784583
398.2918820861678
398.75628117913834
399.22068027210884
399.66185941043085
400.12625850340135
400.5906575963719
401.03183673469385
401.4962358276644
401.9606349206349
402.4018140589569
402.8662131519274
403.3073922902494
403.77179138322
404.2361904761905
404.6773696145125
405.141768707483
405.582947845805
406.0473469387755
406.4885260770975
