0.11609977324263039
0.5340589569160997
0.9520181405895691
1.3931972789115645
1.811156462585034
2.2755555555555556
2.716734693877551
3.1346938775510202
3.5294331065759637
3.9706122448979593
4.4117913832199545
4.829750566893424
5.2477097505668935
5.6656689342403626
6.106848072562358
6.548027210884354
6.989206349206349
7.4071655328798185
7.825124716553288
8.266303854875284
8.661043083900227
9.102222222222222
9.543401360544218
9.961360544217687
10.379319727891156
10.820498866213152
11.23845804988662
11.679637188208616
12.097596371882085
12.538775510204081
12.979954648526077
13.397913832199546
13.815873015873017
14.257052154195012
14.675011337868481
15.116190476190477
15.534149659863946
15.975328798185942
16.39328798185941
16.81124716553288
17.252426303854875
17.69360544217687
18.11156462585034
18.552743764172334
18.970702947845805
19.388662131519276
19.82984126984127
20.24780045351474
20.688979591836734
21.106938775510205
21.5481179138322
21.966077097505668
22.38403628117914
22.825215419501134
23.26639455782313
23.684353741496597
24.102312925170068
24.543492063492064
24.961451247165535
25.402630385487527
25.820589569160997
26.261768707482993
26.679727891156464
27.09768707482993
27.538866213151927
27.956825396825398
28.398004535147393
28.81596371882086
29.257142857142856
29.675102040816327
30.116281179138323
30.53424036281179
30.95219954648526
31.393378684807256
31.811337868480727
32.25251700680272
32.670476190476194
33.111655328798186
33.52961451247165
33.97079365079365
34.38875283446712
34.80671201814059
35.247891156462586
35.64263038548753
36.10702947845805
36.548208616780045
36.96616780045351
37.384126984126986
37.802086167800454
38.243265306122446
38.684444444444445
39.10240362811791
39.52036281179139
39.96154195011338
40.40272108843537
40.820680272108845
41.23863945578231
41.67981859410431
42.09777777777778
42.53895691609977
42.956916099773245
43.39809523809524
43.816054421768705
44.257233560090704
44.67519274376417
45.11637188208617
45.53433106575964
45.97551020408163
46.393469387755104
46.834648526077096
47.25260770975056
47.69378684807256
48.11174603174603
48.529705215419504
48.970884353741496
49.412063492063496
49.83002267573696
50.24798185941043
50.68916099773243
51.1071201814059
51.525079365079364
51.96625850340136
52.38421768707483
52.82539682539682
53.2433560090703
53.68453514739229
54.12571428571429
54.543673469387755
54.96163265306122
55.40281179138322
55.82077097505669
56.26195011337869
56.679909297052156
57.12108843537415
57.53904761904762
57.95700680272109
58.37496598639456
58.83936507936508
59.25732426303855
59.675283446712015
60.09324263038549
60.53442176870748
60.97560090702948
61.39356009070295
61.811519274376415
62.252698412698415
62.69387755102041
63.111836734693874
63.55301587301587
63.97097505668934
64.41215419501134
64.83011337868481
65.24807256235827
65.68925170068027
66.10721088435375
66.54839002267573
66.96634920634921
67.4075283446712
67.82548752834467
68.26666666666667
68.68462585034014
69.12580498866213
69.5437641723356
69.9849433106576
70.40290249433106
70.82086167800453
71.23882086167801
71.68
72.09795918367347
72.53913832199547
72.98031746031747
73.39827664399093
73.8162358276644
74.2574149659864
74.67537414965986
75.11655328798186
75.53451247165533
75.97569160997732
76.39365079365079
76.83482993197279
77.25278911564625
77.69396825396825
78.11192743764173
78.55310657596372
78.97106575963718
79.38902494331066
79.83020408163266
80.27138321995464
80.68934240362812
81.10730158730159
81.54848072562358
81.96643990929705
82.40761904761905
82.82557823129251
83.26675736961451
83.68471655328798
84.10267573696144
84.54385487528344
84.96181405895692
85.40299319727892
85.82095238095238
86.26213151927438
86.68009070294785
87.12126984126984
87.53922902494331
87.95718820861678
88.39836734693877
88.81632653061224
89.25750566893424
89.6754648526077
90.13986394557823
90.5578231292517
90.97578231292518
91.41696145124716
91.83492063492064
92.25287981859411
92.67083900226757
93.11201814058957
93.52997732426304
93.97115646258503
94.3891156462585
94.8302947845805
95.24825396825396
95.68943310657596
96.10739229024944
96.54857142857144
96.9665306122449
97.38448979591837
97.82566893424037
98.26684807256235
98.68480725623583
99.12598639455783
99.56716553287981
99.96190476190476
100.37986394557824
100.82104308390022
101.26222222222222
101.65696145124717
102.07492063492063
102.53931972789115
102.95727891156463
103.39845804988663
103.81641723356009
104.25759637188209
104.67555555555556
105.11673469387755
105.55791383219955
105.97587301587302
106.39383219954648
106.81179138321995
107.25297052154195
107.69414965986394
108.11210884353741
108.53006802721089
108.94802721088435
109.38920634920635
109.83038548752835
110.24834467120182
110.66630385487528
111.10748299319728
111.52544217687075
111.96662131519274
112.38458049886621
112.82575963718821
113.2669387755102
113.7081179138322
114.12607709750567
114.54403628117913
114.98521541950113
115.4031746031746
115.82113378684807
116.26231292517006
116.68027210884354
117.09823129251701
117.539410430839
117.980589569161
118.39854875283447
118.83972789115646
119.25768707482993
119.6756462585034
120.09360544217687
120.53478458049887
120.97596371882086
121.41714285714286
121.83510204081632
122.2530612244898
122.6942403628118
123.11219954648526
123.53015873015873
123.97133786848073
124.38929705215419
124.83047619047619
125.24843537414966
125.68961451247165
126.15401360544217
126.54875283446712
126.96671201814058
127.40789115646258
127.82585034013606
128.26702947845806
128.68498866213153
129.12616780045352
129.544126984127
129.96208616780046
130.40326530612245
130.82122448979592
131.2624036281179
131.70358276643992
132.12154195011337
132.56272108843538
132.98068027210886
133.3986394557823
133.81659863945578
134.2577777777778
134.69895691609977
135.11691609977325
135.53487528344672
135.9760544217687
136.4172335600907
136.83519274376417
137.25315192743764
137.69433106575963
138.1122902494331
138.55346938775511
138.97142857142856
139.38938775510204
139.83056689342405
140.2485260770975
140.6897052154195
141.1308843537415
141.54884353741497
141.96680272108844
142.40798185941043
142.8259410430839
143.2671201814059
143.68507936507936
144.12625850340137
144.54421768707482
144.9621768707483
145.4033560090703
145.8445351473923
146.26249433106577
146.70367346938775
147.12163265306123
147.5395918367347
147.98077097505669
148.39873015873016
148.83990929705215
149.25786848072562
149.69904761904763
150.11700680272108
150.53496598639455
150.97614512471657
151.39410430839
151.83528344671203
152.276462585034
152.69442176870749
153.13560090702947
153.55356009070294
153.97151927437642
154.3894784580499
154.83065759637188
155.24861678004535
155.68979591836734
156.1077551020408
156.54893424036283
156.96689342403627
157.40807256235829
157.82603174603176
158.2439909297052
158.68517006802722
159.1263492063492
159.54430839002268
159.98548752834466
160.40344671201814
160.8214058956916
161.2625850340136
161.7037641723356
162.12172335600906
162.56290249433107
162.98086167800454
163.39882086167802
163.84
164.25795918367348
164.67591836734695
165.11709750566894
165.55827664399092
165.9762358276644
166.39419501133787
166.83537414965986
167.25333333333333
167.6712925170068
168.1124716553288
168.5536507936508
168.97160997732425
169.41278911564626
169.83074829931974
170.27192743764172
170.6898866213152
171.13106575963718
171.54902494331066
171.96698412698413
172.40816326530611
172.84934240362813
173.26730158730157
173.68526077097505
174.10321995464852
174.5443990929705
174.96235827664398
175.403537414966
175.82149659863944
176.26267573696146
176.68063492063493
177.12181405895691
177.5397732426304
177.98095238095237
178.39891156462585
178.81687074829932
179.2580498866213
179.69922902494332
180.11718820861677
180.55836734693878
180.97632653061225
181.3942857142857
181.81224489795918
182.2534240362812
182.69460317460317
183.11256235827665
183.55374149659863
183.9717006802721
184.38965986394558
184.83083900226757
185.24879818594104
185.68997732426303
186.1079365079365
186.5491156462585
186.96707482993196
187.40825396825397
187.82621315192745
188.26739229024943
188.6853514739229
189.1265306122449
189.54448979591837
189.98566893424035
190.40362811791383
190.84480725623584
191.26276643990929
191.68072562358276
192.12190476190477
192.53986394557822
192.98104308390023
193.3990022675737
193.81696145124715
194.25814058956917
194.67609977324264
195.11727891156463
