0.09287981859410431
0.44117913832199546
0.7894784580498866
1.1377777777777778
1.5325170068027212
1.9272562358276644
2.3219954648526078
2.7399546485260773
3.1579138321995464
3.5526530612244898
3.947392290249433
4.342131519274377
4.760090702947846
5.154829931972789
5.526349206349207
5.921088435374149
6.339047619047619
6.733786848072563
7.151746031746032
7.546485260770975
7.9412244897959186
8.335963718820862
8.730702947845804
9.125442176870749
9.543401360544218
9.93814058956916
10.332879818594105
10.727619047619047
11.145578231292516
11.54031746031746
11.935056689342403
12.329795918367347
12.747755102040816
13.119274376417234
13.514013605442177
13.931972789115646
14.349931972789115
14.744671201814059
15.116190476190477
15.534149659863946
15.928888888888888
16.32362811791383
16.718367346938777
17.136326530612244
17.531065759637187
17.925804988662133
18.320544217687075
18.738503401360543
19.13324263038549
19.52798185941043
19.922721088435374
20.317460317460316
20.735419501133787
21.13015873015873
21.524897959183672
21.91963718820862
22.337596371882086
22.732335600907028
23.127074829931974
23.54503401360544
23.939773242630384
24.33451247165533
24.729251700680273
25.123990929705215
25.518730158730158
25.913469387755104
26.33142857142857
26.726167800453513
27.144126984126984
27.538866213151927
27.93360544217687
28.328344671201815
28.746303854875283
29.1178231292517
29.512562358276643
29.930521541950114
30.34848072562358
30.743219954648527
31.114739229024945
31.509478458049887
31.90421768707483
32.3221768707483
32.74013605442177
33.13487528344671
33.52961451247165
33.924353741496596
34.319092970521545
34.71383219954649
35.10857142857143
35.5265306122449
35.92126984126984
36.31600907029478
36.73396825396826
37.10548752834467
37.52344671201814
37.918185941043085
38.33614512471655
38.70766439909297
39.10240362811791
39.52036281179139
39.91510204081633
40.30984126984127
40.72780045351474
41.12253968253968
41.517278911564624
41.912018140589566
42.30675736961451
42.72471655328798
43.119455782312926
43.51419501133787
43.932154195011336
44.32689342403628
44.72163265306123
45.11637188208617
45.53433106575964
45.92907029478458
46.34702947845805
46.74176870748299
47.13650793650794
47.53124716553288
47.94920634920635
48.34394557823129
48.738684807256234
49.13342403628118
49.52816326530612
49.92290249433107
50.31764172335601
50.712380952380954
51.13034013605442
51.525079365079364
51.94303854875283
52.33777777777778
52.73251700680272
53.127256235827666
53.52199546485261
53.91673469387755
54.33469387755102
54.72943310657596
55.12417233560091
55.51891156462585
55.913650793650795
56.30839002267574
56.726349206349205
57.12108843537415
57.51582766439909
57.91056689342403
58.30530612244898
58.72326530612245
59.11800453514739
59.512743764172335
59.90748299319728
60.32544217687075
60.720181405895694
61.11492063492064
61.50965986394558
61.92761904761905
62.32235827664399
62.69387755102041
63.111836734693874
63.52979591836735
63.901315192743766
64.31927437641724
64.71401360544218
65.13197278911565
65.52671201814059
65.92145124716554
66.31619047619047
66.73414965986395
67.15210884353742
67.52362811791383
67.91836734693878
68.31310657596372
68.73106575963719
69.14902494331066
69.5437641723356
69.93850340136055
70.33324263038548
70.70476190476191
71.12272108843537
71.51746031746032
71.9354195011338
72.33015873015873
72.72489795918368
73.11963718820861
73.53759637188209
73.93233560090702
74.32707482993197
74.72181405895692
75.13977324263038
75.53451247165533
75.90603174603174
76.32399092970522
76.74195011337868
77.1134693877551
77.53142857142858
77.92616780045351
78.34412698412699
78.73886621315192
79.13360544217687
79.52834467120181
79.92308390022676
80.3178231292517
80.73578231292517
81.13052154195012
81.52526077097505
81.94321995464853
82.31473922902494
82.73269841269841
83.15065759637189
83.54539682539682
83.94013605442177
84.3348752834467
84.75283446712018
85.14757369614513
85.51909297052154
85.91383219954649
86.33179138321995
86.7265306122449
87.12126984126984
87.53922902494331
87.93396825396826
88.3287074829932
88.72344671201814
89.11818594104308
89.53614512471655
89.93088435374149
90.32562358276644
90.72036281179139
91.13832199546485
91.5330612244898
91.90458049886621
92.32253968253968
92.74049886621316
93.11201814058957
93.48353741496598
93.90149659863945
94.31945578231293
94.71419501133786
95.13215419501134
95.52689342403629
95.94485260770975
96.31637188208617
96.71111111111111
97.12907029478458
97.54702947845804
97.94176870748299
98.33650793650794
98.73124716553288
99.14920634920635
99.54394557823129
99.93868480725624
100.33342403628117
100.72816326530612
101.12290249433107
101.49442176870748
101.91238095238096
102.30712018140589
102.70185941043084
103.1198185941043
103.51455782312925
103.9092970521542
104.30403628117914
104.72199546485261
105.11673469387755
105.5114739229025
105.90621315192743
106.3241723356009
106.71891156462586
107.11365079365079
107.50839002267574
107.90312925170068
108.32108843537415
108.71582766439909
109.11056689342404
109.50530612244899
109.90004535147392
110.3180045351474
110.6895238095238
111.10748299319728
111.50222222222222
111.92018140589569
112.31492063492064
112.7328798185941
113.12761904761905
113.52235827664398
113.91709750566893
114.33505668934241
114.72979591836734
115.1245351473923
115.51927437641723
115.9372335600907
116.33197278911565
116.74993197278911
117.12145124716554
117.51619047619047
117.93414965986395
118.35210884353741
118.72362811791383
119.14158730158731
119.53632653061224
119.93106575963719
120.32580498866213
120.72054421768708
121.11528344671201
121.51002267573696
121.9047619047619
122.32272108843537
122.71746031746032
123.11219954648526
123.5069387755102
123.92489795918367
124.31963718820862
124.71437641723357
125.1091156462585
125.52707482993198
125.92181405895691
126.31655328798186
126.7112925170068
127.10603174603175
127.52399092970522
127.94195011337868
128.3134693877551
128.73142857142858
129.12616780045352
129.544126984127
129.91564625850341
130.31038548752835
130.70512471655329
131.09986394557822
131.5178231292517
131.91256235827663
132.3073015873016
132.72526077097507
133.12
133.51473922902494
133.93269841269841
134.32743764172335
134.72217687074829
135.11691609977325
135.51165532879818
135.90639455782312
136.30113378684808
136.69587301587302
137.09061224489795
137.4853514739229
137.90331065759636
138.29804988662133
138.71600907029477
139.11074829931974
139.50548752834467
139.9002267573696
140.31818594104308
140.71292517006802
141.10766439909298
141.50240362811792
141.9203628117914
142.31510204081633
142.70984126984126
143.10458049886623
143.52253968253967
143.91727891156464
144.31201814058957
144.72997732426305
145.12471655328798
145.51945578231292
145.91419501133788
146.30893424036282
146.7268934240363
147.0984126984127
147.49315192743765
147.8878911564626
148.30585034013606
148.700589569161
149.09532879818593
149.5132879818594
149.90802721088434
150.32598639455782
150.72072562358278
151.13868480725623
151.5334240362812
151.92816326530613
152.32290249433106
152.717641723356
153.11238095238096
153.5071201814059
153.87863945578232
154.2965986394558
154.71455782312924
155.1092970521542
155.52725623582765
155.9219954648526
156.3399546485261
156.73469387755102
157.12943310657596
157.54739229024943
157.94213151927437
158.33687074829933
158.73160997732427
159.1263492063492
159.54430839002268
159.9390476190476
160.33378684807255
160.7285260770975
161.12326530612245
161.51800453514738
161.8895238095238
162.28426303854874
162.6790022675737
163.09696145124715
163.51492063492063
163.9096598639456
164.32761904761904
164.76879818594105
165.11709750566894
165.51183673469387
165.92979591836735
166.34775510204082
166.74249433106576
167.1372335600907
167.53197278911566
167.9267120181406
168.32145124716553
168.71619047619046
169.13414965986394
169.5288888888889
169.94684807256235
170.31836734693877
170.73632653061225
171.13106575963718
171.52580498866214
171.89732426303854
172.31528344671202
172.7332426303855
173.12798185941043
173.52272108843536
173.91746031746032
174.28897959183672
174.68371882086169
175.10167800453516
175.4964172335601
175.89115646258503
176.28589569160997
176.70385487528344
177.12181405895691
177.51655328798185
177.9112925170068
178.32925170068026
178.72399092970522
179.11873015873016
179.5134693877551
179.90820861678006
180.3261678004535
180.72090702947847
181.1156462585034
181.51038548752834
181.90512471655327
182.29986394557824
182.7178231292517
183.11256235827665
183.50730158730158
183.92526077097506
184.32
184.71473922902496
185.1094784580499
185.52743764172337
185.9221768707483
186.34013605442178
186.7348752834467
187.1528344671202
187.54757369614512
187.94231292517006
188.33705215419502
188.73179138321996
189.1265306122449
189.54448979591837
189.9392290249433
190.33396825396827
190.7287074829932
191.14666666666668
191.5414058956916
191.91292517006804
192.30766439909297
192.74884353741496
193.14358276643992
193.53832199546486
193.95628117913833
194.35102040816327
194.7457596371882
195.14049886621316
195.5352380952381
195.92997732426304
196.3479365079365
196.74267573696144
197.16063492063492
197.53215419501134
197.92689342403628
