0.11609977324263039
0.46439909297052157
0.7894784580498866
1.1609977324263039
1.509297052154195
1.8575963718820863
2.2291156462585033
2.5774149659863945
2.9257142857142857
3.274013605442177
3.622312925170068
3.9938321995464854
4.342131519274377
4.690430839002268
5.038730158730159
5.410249433106576
5.758548752834467
6.106848072562358
6.455147392290249
6.8034467120181406
7.151746031746032
7.500045351473923
7.848344671201814
8.219863945578231
8.568163265306122
8.916462585034013
9.264761904761905
9.613061224489796
9.984580498866213
10.332879818594105
10.681179138321996
11.029478458049887
11.377777777777778
11.72607709750567
12.07437641723356
12.422675736961452
12.770975056689343
13.142494331065759
13.49079365079365
13.862312925170068
14.210612244897959
14.535691609977324
14.883990929705215
15.255510204081633
15.603809523809524
15.952108843537415
16.300408163265306
16.648707482993196
17.020226757369613
17.368526077097506
17.716825396825396
18.06512471655329
18.413424036281178
18.76172335600907
19.11002267573696
19.481541950113378
19.82984126984127
20.17814058956916
20.526439909297054
20.874739229024943
21.24625850340136
21.59455782312925
21.942857142857143
22.291156462585032
22.639455782312925
22.987755102040815
23.336054421768708
23.684353741496597
24.055873015873015
24.404172335600908
24.752471655328797
25.10077097505669
25.472290249433108
25.820589569160997
26.16888888888889
26.51718820861678
26.865487528344673
27.213786848072562
27.562086167800455
27.93360544217687
28.281904761904762
28.63020408163265
28.978503401360545
29.326802721088434
29.675102040816327
30.046621315192745
30.394920634920634
30.743219954648527
31.091519274376417
31.43981859410431
31.7881179138322
32.15963718820862
32.507936507936506
32.8562358276644
33.20453514739229
33.55283446712018
33.90113378684807
34.249433106575964
34.59773242630386
34.969251700680275
35.31755102040816
35.66585034013605
36.014149659863946
36.36244897959184
36.710748299319725
37.05904761904762
37.40734693877551
37.77886621315193
38.12716553287982
38.47546485260771
38.8237641723356
39.19528344671202
39.54358276643991
39.8918820861678
40.24018140589569
40.58848072562358
40.936780045351476
41.28507936507936
41.633378684807255
42.00489795918367
42.353197278911566
42.70149659863946
43.049795918367344
43.39809523809524
43.769614512471655
44.11791383219955
44.46621315192744
44.81451247165533
45.16281179138322
45.51111111111111
45.859410430839006
46.23092970521542
46.57922902494331
46.9275283446712
47.275827664399095
47.62412698412698
47.972426303854874
48.32072562358277
48.66902494331066
49.017324263038546
49.36562358276644
49.73714285714286
50.108662131519274
50.45696145124717
50.80526077097505
51.153560090702946
51.50185941043084
51.85015873015873
52.19845804988662
52.54675736961451
52.895056689342404
53.26657596371882
53.614875283446715
53.9631746031746
54.31147392290249
54.659773242630386
55.00807256235828
55.356371882086165
55.70467120181406
56.076190476190476
56.42448979591837
56.77278911564626
57.12108843537415
57.46938775510204
57.84090702947846
58.18920634920635
58.53750566893424
58.88580498866213
59.23410430839002
59.582403628117916
59.9307029478458
60.30222222222222
60.65052154195011
60.998820861678006
61.3471201814059
61.718639455782316
62.0669387755102
62.415238095238095
62.74031746031746
63.111836734693874
63.46013605442177
63.80843537414966
64.15673469387755
64.52825396825396
64.87655328798186
65.22485260770975
65.57315192743764
65.92145124716554
66.29297052154195
66.64126984126985
66.96634920634921
67.33786848072562
67.68616780045352
68.0344671201814
68.3827664399093
68.73106575963719
69.1025850340136
69.4508843537415
69.79918367346939
70.14748299319727
70.49578231292517
70.84408163265306
71.19238095238096
71.56390022675737
71.91219954648525
72.26049886621315
72.60879818594104
72.95709750566894
73.32861678004535
73.67691609977324
74.02521541950114
74.37351473922902
74.72181405895692
75.07011337868481
75.4184126984127
75.78993197278912
76.138231292517
76.48653061224489
76.83482993197279
77.18312925170068
77.53142857142858
77.90294784580499
78.25124716553287
78.59954648526077
78.94784580498866
79.29614512471656
79.64444444444445
80.01596371882086
80.36426303854876
80.71256235827664
81.06086167800453
81.40916099773243
81.75746031746031
82.10575963718821
82.47727891156462
82.82557823129251
83.17387755102041
83.5221768707483
83.8704761904762
84.21877551020408
84.5902947845805
84.9385941043084
85.28689342403628
85.63519274376418
85.98349206349206
86.33179138321995
86.68009070294785
87.05160997732426
87.39990929705215
87.74820861678005
88.09650793650793
88.44480725623583
88.79310657596372
89.16462585034013
89.51292517006803
89.86122448979592
90.20952380952382
90.5578231292517
90.90612244897959
91.27764172335601
91.6259410430839
91.9742403628118
92.32253968253968
92.67083900226757
93.01913832199547
93.36743764172336
93.71573696145124
94.08725623582767
94.43555555555555
94.78385487528345
95.13215419501134
95.50367346938775
95.85197278911565
96.20027210884354
96.54857142857144
96.89687074829932
97.2451700680272
97.5934693877551
97.94176870748299
98.29006802721088
98.6615873015873
99.00988662131519
99.35818594104309
99.70648526077098
100.05478458049886
100.40308390022676
100.75138321995465
101.12290249433107
101.47120181405896
101.81950113378684
102.16780045351474
102.51609977324263
102.88761904761905
103.23591836734694
103.58421768707483
103.93251700680273
104.28081632653061
104.6291156462585
104.9774149659864
105.34893424036281
105.69723356009071
106.0455328798186
106.39383219954648
106.74213151927438
107.09043083900227
107.43873015873015
107.78702947845805
108.15854875283446
108.50684807256236
108.85514739229025
109.20344671201813
109.55174603174603
109.92326530612245
110.27156462585035
110.61986394557823
110.96816326530612
111.31646258503402
111.6647619047619
112.01306122448979
112.36136054421769
112.70965986394557
113.05795918367347
113.42947845804989
113.77777777777777
114.12607709750567
114.47437641723356
114.82267573696146
115.17097505668934
115.54249433106575
115.86757369614513
116.23909297052154
116.58739229024944
116.95891156462585
117.30721088435374
117.65551020408164
118.00380952380952
118.35210884353741
118.70040816326531
119.0487074829932
119.3970068027211
119.74530612244898
120.11682539682539
120.46512471655329
120.81342403628118
121.16172335600908
121.51002267573696
121.83510204081632
122.18340136054422
122.55492063492063
122.92643990929706
123.27473922902495
123.62303854875283
123.99455782312926
124.34285714285714
124.69115646258503
125.06267573696145
125.41097505668934
125.75927437641724
126.10757369614512
126.45587301587301
126.82739229024943
127.17569160997732
127.52399092970522
127.8722902494331
128.220589569161
128.5688888888889
128.91718820861678
129.26548752834466
129.61378684807255
129.96208616780046
130.31038548752835
130.65868480725624
131.03020408163266
131.37850340136055
131.72680272108843
132.07510204081632
132.4234013605442
132.79492063492063
133.14321995464852
133.49151927437643
133.83981859410432
134.1881179138322
134.5364172335601
134.88471655328797
135.2562358276644
135.60453514739228
135.95283446712017
136.3243537414966
136.67265306122448
137.0209523809524
137.36925170068028
137.71755102040817
138.06585034013605
138.41414965986394
138.76244897959182
139.11074829931974
139.45904761904762
139.83056689342405
140.17886621315193
140.52716553287982
140.8754648526077
141.24698412698413
141.59528344671202
141.9435827664399
142.2918820861678
142.6401814058957
142.9884807256236
143.33678004535147
143.7082993197279
144.05659863945579
144.40489795918367
144.75319727891156
145.10149659863944
145.44979591836736
145.79809523809524
146.14639455782313
146.51791383219955
146.86621315192744
147.23773242630386
147.58603174603175
147.93433106575964
148.28263038548752
148.6309297052154
148.97922902494332
149.3275283446712
149.6758276643991
150.04734693877552
150.3956462585034
150.7439455782313
151.09224489795918
151.44054421768706
151.78884353741498
152.13714285714286
152.5086621315193
152.85696145124717
153.20526077097506
153.55356009070294
153.90185941043083
154.25015873015872
154.59845804988663
154.96997732426303
155.31827664399094
155.66657596371883
156.0148752834467
156.3631746031746
156.71147392290248
157.0597732426304
157.4312925170068
157.77959183673468
158.1278911564626
158.47619047619048
158.82448979591837
159.17278911564625
159.52108843537414
159.86938775510205
160.24090702947845
160.58920634920634
160.93750566893425
161.28580498866214
161.65732426303856
162.00562358276645
162.35392290249433
162.70222222222222
163.07374149659864
163.42204081632653
163.77034013605441
164.1186394557823
164.46693877551022
164.8152380952381
165.163537414966
165.51183673469387
165.8833560090703
166.23165532879818
166.57995464852607
166.92825396825396
167.27655328798187
167.62485260770976
167.99637188208618
168.32145124716553
168.6697505668934
169.04126984126984
169.38956916099772
169.73786848072564
170.10938775510203
170.45768707482992
170.80598639455783
171.13106575963718
171.5025850340136
171.8508843537415
172.19918367346938
172.5474829931973
172.9190022675737
173.26730158730157
173.6156009070295
173.96390022675737
174.31219954648526
174.66049886621315
175.03201814058957
175.38031746031746
175.72861678004534
176.07691609977323
176.42521541950114
176.77351473922903
177.12181405895691
177.4701133786848
177.84163265306123
178.1899319727891
178.538231292517
178.8865306122449
179.2348299319728
179.58312925170068
179.9546485260771
180.302947845805
180.65124716553288
180.99954648526077
181.34784580498865
181.69614512471657
182.04444444444445
182.39274376417234
182.76426303854876
183.11256235827665
183.46086167800453
183.80916099773242
184.18068027210884
184.52897959183673
184.87727891156462
185.22557823129253
185.57387755102042
185.9221768707483
186.2704761904762
186.61877551020407
186.9902947845805
187.33859410430838
187.68689342403627
188.03519274376418
188.38349206349207
