0.35
0.73
1.11
1.48
1.84
2.19
2.54
2.89
3.25
3.6
3.96
4.31
4.67
5.03
5.39
5.74
6.1
6.46
6.81
7.17
7.53
7.89
8.25
8.61
8.97
9.32
9.67
10.03
10.39
10.75
11.1
11.46
11.82
12.18
12.54
12.9
13.25
13.61
13.96
14.32
14.67
15.03
15.39
15.76
16.11
16.46
16.82
17.18
17.54
17.9
18.26
18.62
18.97
19.32
19.68
20.04
20.4
20.76
21.12
21.48
21.83
22.18
22.54
22.89
23.25
23.61
23.97
24.32
24.68
25.03
25.39
25.76
26.12
26.47
26.83
27.19
27.54
27.89
28.25
28.61
28.97
29.32
29.68
30.04
30.39
30.74
31.09
31.46
31.82
32.17
32.52
32.88
33.24
33.6
33.96
34.32
34.68
35.03
35.39
35.75
36.1
36.46
36.82
37.18
37.54
37.89
38.25
38.61
38.96
39.32
39.67
40.03
40.39
40.75
41.11
41.47
41.82
42.17
42.52
42.88
43.24
43.6
43.96
44.32
44.68
45.04
45.39
45.74
46.1
46.46
46.82
47.18
47.53
47.89
48.25
48.61
48.96
49.32
49.68
50.04
50.39
50.75
51.11
51.46
51.82
52.18
52.54
52.9
53.25
53.61
53.97
54.33
54.68
55.04
55.39
55.75
56.1
56.46
56.82
57.18
57.54
57.89
58.24
58.6
58.95
59.3
59.66
60.03
60.39
60.75
61.1
61.45
61.81
62.17
62.53
62.89
63.25
63.6
63.96
64.31
64.67
65.03
65.39
65.75
66.11
66.46
66.82
67.18
67.53
67.88
68.24
68.6
68.96
69.32
69.67
70.03
70.39
70.74
71.09
71.45
71.81
72.17
72.53
72.89
73.25
73.61
73.97
74.33
74.69
75.04
75.4
75.77
76.13
76.49
76.84
77.18
77.54
77.89
78.25
78.61
78.97
79.33
79.69
80.05
80.4
80.75
81.11
81.47
81.82
82.18
82.54
82.9
83.25
83.61
83.96
84.31
84.67
85.02
85.37
85.74
86.11
86.47
86.84
87.26
87.6
87.94
88.27
88.61
88.96
89.31
89.67
90.02
90.38
90.74
91.1
91.46
91.82
92.17
92.52
92.88
93.24
93.6
93.95
94.31
94.67
95.03
95.39
95.75
96.11
96.46
96.82
97.17
97.53
97.89
98.25
98.61
98.96
99.32
99.67
100.04
100.4
100.75
101.11
101.46
101.82
102.18
102.54
102.89
103.25
103.61
103.97
104.33
104.69
105.04
105.4
105.75
106.11
106.46
106.82
107.18
107.54
107.89
108.24
108.6
108.96
109.32
109.68
110.04
110.4
110.75
111.11
111.47
111.82
112.18
112.54
112.9
113.26
113.62
113.98
114.33
114.68
115.03
115.39
115.76
116.12
116.49
116.84
117.18
117.53
117.89
118.24
118.59
118.95
119.31
119.67
120.03
120.38
120.74
121.1
121.45
121.81
122.17
122.53
122.89
123.25
123.61
123.97
124.33
124.68
125.04
125.39
125.75
126.11
126.46
126.82
127.18
127.53
127.89
128.25
128.61
128.97
129.32
129.68
130.05
130.4
130.76
131.12
131.47
131.83
132.18
132.54
132.9
133.26
133.62
133.98
134.33
134.68
135.04
135.4
135.76
136.12
136.48
136.83
137.19
137.55
137.9
138.26
138.61
138.96
139.32
139.68
140.04
140.4
140.75
141.11
141.47
141.82
142.18
142.54
142.9
143.25
143.6
143.96
144.31
144.66
145.01
145.38
145.74
146.1
146.46
146.81
147.16
147.52
147.88
148.24
148.61
148.97
149.32
149.67
150.02
150.38
150.74
151.1
151.46
151.82
152.17
152.53
152.88
153.24
153.6
153.95
154.31
154.66
155.01
155.36
155.71
