0.04
0.77
1.53
2.27
3.03
3.77
4.53
5.29
6.08
6.85
7.59
8.33
9.08
9.81
10.54
11.27
12.01
12.77
13.5
14.21
14.92
15.64
16.35
17.05
17.77
18.5
19.22
19.96
20.71
21.48
22.23
22.95
23.68
24.44
25.18
25.91
26.65
27.38
28.11
28.83
29.57
30.32
31.06
31.79
32.54
33.28
34.02
34.76
35.49
36.23
36.96
37.68
38.4
39.14
39.86
40.57
41.3
42.04
42.8
43.54
44.26
44.99
45.72
46.46
47.2
47.95
48.69
49.42
50.14
50.86
51.56
52.27
52.97
53.67
54.37
55.07
55.78
56.52
57.26
57.98
58.72
59.46
60.19
60.91
61.64
62.38
63.12
63.84
64.56
65.28
66.02
66.75
67.49
68.23
68.97
69.69
70.41
71.14
71.88
72.6
73.33
74.07
74.81
75.55
76.3
77.05
77.79
78.52
79.25
80.0
80.74
81.48
82.23
82.98
83.72
84.47
85.19
85.93
86.65
87.38
88.13
88.89
89.63
90.36
91.08
91.81
92.53
93.26
93.98
94.73
95.48
96.2
96.92
97.65
98.37
99.12
99.87
100.63
101.37
102.11
102.85
103.58
104.32
105.05
105.77
106.5
107.23
107.96
108.7
109.43
110.16
110.9
111.63
112.32
112.81
113.49
114.21
114.94
115.65
116.35
117.07
117.82
118.55
119.27
120.0
120.72
121.44
122.17
122.89
123.61
124.34
125.07
125.8
126.53
127.25
127.99
128.72
129.46
130.18
130.92
131.65
132.38
133.12
133.85
134.6
135.36
136.11
136.85
137.58
138.33
139.07
139.81
140.54
141.26
141.98
142.71
143.43
144.19
144.91
145.65
146.4
147.15
147.88
148.62
149.35
150.08
150.81
151.53
152.28
153.02
153.76
154.5
155.25
155.99
156.71
157.45
158.2
158.94
159.66
160.38
161.1
161.84
162.57
163.3
164.03
164.77
165.48
166.21
166.94
167.67
168.4
169.13
169.86
170.6
171.33
172.04
172.75
173.47
174.19
174.92
175.65
176.38
177.11
177.83
178.55
179.28
180.01
180.75
181.48
182.2
182.92
183.63
184.38
185.12
185.85
186.57
187.3
188.04
188.8
189.52
190.23
190.94
191.65
192.35
193.03
193.75
194.46
195.17
195.89
196.59
197.3
198.01
198.73
199.48
200.22
200.94
201.66
202.39
203.12
203.84
204.56
205.27
205.97
206.68
207.4
208.12
208.84
209.55
210.26
210.97
211.69
212.4
213.11
213.82
214.54
215.26
215.99
216.71
217.42
218.13
218.85
219.56
220.27
220.98
221.71
222.44
223.17
223.89
224.61
225.33
226.03
226.74
227.45
228.16
228.87
229.58
230.3
231.02
231.73
232.45
233.15
233.88
234.6
235.33
236.04
236.78
237.51
238.23
238.96
239.69
240.41
241.13
241.86
242.59
243.31
244.04
244.75
245.46
246.17
246.89
247.62
248.35
249.06
249.84
250.61
251.34
252.08
252.77
253.46
254.2
254.91
255.63
