0.48
1.12
1.75
2.36
3.01
3.63
4.26
4.89
5.52
6.16
6.79
7.42
8.06
8.69
9.31
9.95
10.58
11.21
11.77
12.24
12.82
13.42
14.04
14.69
15.31
15.95
16.59
17.23
17.85
18.48
19.11
19.74
20.37
21.01
21.64
22.27
22.9
23.52
24.15
24.78
25.4
26.05
26.69
27.33
27.91
28.39
28.92
29.53
30.16
30.8
31.44
32.07
32.7
33.33
33.97
34.59
35.22
35.85
36.49
37.12
37.75
38.38
39.01
39.64
40.28
40.91
41.54
42.16
42.8
43.43
44.07
44.7
45.33
45.96
46.59
47.22
47.86
48.49
49.12
49.75
50.38
51.01
51.63
52.27
52.91
53.54
54.17
54.8
55.43
56.06
56.7
57.33
57.96
58.59
59.22
59.85
60.48
61.12
61.75
62.38
63.01
63.64
64.27
64.9
65.54
66.17
66.8
67.43
68.06
68.69
69.33
69.96
70.59
71.22
71.86
72.5
73.13
73.75
74.37
75.01
75.64
76.27
76.91
77.54
78.17
78.8
79.43
80.06
80.7
81.33
81.96
82.59
83.22
83.86
84.49
85.12
85.75
86.38
87.01
87.64
88.28
88.91
89.54
90.17
90.8
91.43
92.06
92.69
93.33
93.96
94.59
95.22
95.85
96.48
97.12
97.75
98.38
99.01
99.64
100.27
100.9
101.53
102.17
102.8
103.43
104.06
104.7
105.33
105.96
106.59
107.22
107.86
108.49
109.12
109.75
110.37
111.01
111.64
112.28
112.91
113.54
114.17
114.8
115.43
116.07
116.7
117.33
117.96
118.59
119.22
119.85
120.49
121.12
121.75
122.38
123.01
123.64
124.27
124.91
125.54
126.17
126.8
127.43
128.07
128.7
129.34
129.96
130.59
131.23
131.86
132.49
133.12
133.75
134.38
135.01
135.65
136.28
136.91
137.54
138.17
138.8
139.43
140.07
140.7
141.33
141.96
142.59
143.22
143.85
144.49
145.12
145.75
146.38
147.01
147.64
148.28
148.91
149.54
150.17
150.8
151.43
152.06
152.69
153.33
153.96
154.59
155.22
155.86
156.49
157.11
157.74
158.38
159.01
159.64
160.28
160.91
161.54
162.17
162.8
163.43
164.06
164.69
165.33
165.95
166.59
167.22
167.86
168.49
169.12
169.75
170.38
171.01
171.64
172.27
172.91
173.54
174.17
174.79
175.43
176.07
176.7
177.33
177.96
178.59
179.22
179.85
180.49
181.12
181.75
182.38
183.01
183.64
184.27
184.9
185.54
186.17
186.8
187.43
188.07
188.7
189.33
189.96
190.59
191.22
191.86
192.49
193.12
193.75
194.38
195.01
195.64
196.28
196.91
197.54
198.17
198.8
199.43
200.06
200.7
201.33
201.96
202.59
203.23
203.86
204.49
205.12
205.75
206.38
207.01
207.65
208.28
208.91
209.54
210.17
210.8
211.44
212.07
212.7
213.33
213.96
214.6
215.24
215.88
216.5
217.13
217.77
218.4
219.02
219.65
220.29
220.92
221.55
222.18
222.81
223.45
224.07
224.7
225.34
225.97
226.59
227.22
227.86
228.49
229.12
229.75
230.39
231.02
231.65
232.28
232.92
233.55
234.17
234.78
235.38
