0.03
0.56
1.07
1.57
2.07
2.56
3.05
3.55
4.04
4.53
5.03
5.53
6.03
6.53
7.03
7.52
8.02
8.52
9.01
9.51
10.01
10.51
11.01
11.51
12.01
12.5
13.0
13.5
14.0
14.5
15.0
15.49
15.99
16.49
16.98
17.48
17.98
18.48
18.99
19.53
20.05
20.56
21.07
21.56
22.06
22.56
23.06
23.55
24.05
24.55
25.05
25.55
26.05
26.55
27.05
27.54
28.04
28.54
29.03
29.53
30.03
30.53
31.03
31.53
32.02
32.52
33.02
33.52
34.02
34.52
35.02
35.53
36.05
36.55
37.05
37.55
38.04
38.54
39.04
39.54
40.04
40.53
41.03
41.53
42.03
42.53
43.03
43.52
44.02
44.52
45.02
45.52
46.02
46.51
47.01
47.51
48.01
48.51
49.0
49.5
50.0
50.5
51.0
51.5
51.99
52.49
52.99
53.49
53.99
54.49
54.99
55.49
55.98
56.48
56.97
57.47
57.97
58.47
58.97
59.46
59.96
60.46
60.96
61.46
61.96
62.46
62.96
63.47
63.95
64.45
64.95
65.44
65.94
66.44
66.95
67.47
67.98
68.48
68.98
69.48
69.97
70.47
70.97
71.47
71.97
72.46
72.96
73.46
73.96
74.46
74.96
75.45
75.95
76.45
76.95
77.45
77.94
78.44
78.94
79.44
79.94
80.43
80.93
81.43
81.93
82.43
82.93
83.43
83.93
84.43
84.93
85.42
85.92
86.42
86.92
87.42
87.91
88.41
88.91
89.41
89.91
90.41
90.91
91.4
91.9
92.4
92.9
93.39
93.89
94.39
94.89
95.39
95.89
96.38
96.88
97.38
97.88
98.38
98.88
99.37
99.87
100.37
100.87
101.37
101.86
102.36
102.86
103.36
103.86
104.36
104.85
105.35
105.85
106.35
106.85
107.35
107.85
108.34
108.84
109.34
109.83
110.33
110.84
111.34
111.83
112.33
112.82
113.32
113.82
114.32
114.82
115.32
115.82
116.31
116.81
117.31
117.81
118.31
118.81
119.31
119.8
120.3
120.8
121.3
121.8
122.3
122.8
123.3
123.79
124.25
124.66
125.06
125.46
125.9
126.4
126.9
127.41
127.91
128.42
128.93
129.44
129.94
130.44
130.94
