0.04
0.46
0.87
1.29
1.71
2.13
2.54
2.96
3.38
3.8
4.21
4.63
5.04
5.46
5.88
6.3
6.72
7.14
7.55
7.97
8.39
8.81
9.22
9.64
10.06
10.48
10.89
11.31
11.73
12.15
12.57
12.99
13.41
13.82
14.24
14.66
15.07
15.49
15.91
16.33
16.75
17.17
17.59
18.0
18.41
18.83
19.25
19.67
20.09
20.51
20.92
21.34
21.75
22.17
22.59
23.01
23.43
23.84
24.26
24.68
25.1
25.52
25.93
26.35
26.77
27.19
27.61
28.03
28.45
28.86
29.28
29.7
30.12
30.53
30.95
31.37
31.79
32.2
32.62
33.04
33.46
33.88
34.3
34.71
35.13
35.55
35.96
36.38
36.8
37.22
37.64
38.06
38.48
38.89
39.3
39.72
40.14
40.56
40.98
41.39
41.81
42.22
42.64
43.06
43.48
43.9
44.31
44.73
45.15
45.57
45.99
46.41
46.83
47.24
47.66
48.08
48.5
48.91
49.33
49.75
50.17
50.59
51.01
51.42
51.84
52.26
52.67
53.09
53.51
53.93
54.35
54.77
55.18
55.6
56.02
56.44
56.85
57.27
57.69
58.11
58.53
58.94
59.36
59.78
60.2
60.62
61.03
61.45
61.87
62.28
62.7
63.12
63.54
63.96
64.37
64.79
65.21
65.63
66.05
66.47
66.89
67.3
67.72
68.14
68.56
68.97
69.39
69.81
70.22
70.64
71.06
71.48
71.9
72.31
72.73
73.15
73.57
73.99
74.4
74.82
75.23
75.65
76.07
76.49
76.91
77.33
77.75
78.16
78.58
79.0
79.42
79.84
80.26
80.67
81.09
81.51
81.92
82.34
82.76
83.18
83.59
84.01
84.42
84.84
85.26
85.68
86.1
86.52
86.94
87.36
87.77
88.19
88.61
89.03
89.44
89.86
90.28
90.7
91.12
91.53
91.95
92.37
92.78
93.2
93.62
94.04
94.46
94.87
95.29
95.71
96.12
96.54
96.96
97.38
97.79
98.21
98.63
99.05
99.47
99.89
100.31
100.73
101.14
101.56
101.98
102.4
102.81
103.23
103.65
104.07
104.49
104.91
105.32
105.74
106.16
106.58
106.99
107.41
107.83
108.25
108.66
109.08
109.5
109.92
110.33
110.75
111.17
111.59
112.01
112.43
112.84
113.26
113.68
114.1
114.51
114.93
115.35
115.77
116.18
116.6
117.02
117.44
117.86
118.28
118.7
119.11
119.53
119.95
120.36
120.78
121.2
121.62
122.03
122.45
122.87
123.29
123.71
124.12
124.54
124.96
125.38
125.79
126.21
126.63
127.05
127.47
127.89
128.31
128.72
129.14
129.56
129.98
130.4
130.81
131.23
131.65
132.06
132.48
132.9
133.32
133.74
134.15
134.57
134.99
135.4
135.82
136.24
136.66
137.08
137.5
137.91
138.33
138.75
139.17
139.58
140.0
140.42
140.84
141.26
141.67
142.09
142.51
142.93
143.35
143.77
144.18
144.6
145.02
145.43
145.85
146.27
146.69
147.12
147.54
147.95
148.37
148.79
149.2
149.61
