0.04
0.56
1.09
1.63
2.17
2.7
3.23
3.76
4.31
4.84
5.36
5.89
6.43
6.96
7.49
8.01
8.55
9.08
9.61
10.14
10.68
11.2
11.73
12.27
12.79
13.31
13.86
14.4
14.93
15.47
16.0
16.52
17.05
17.58
18.11
18.64
19.17
19.7
20.23
20.76
21.29
21.83
22.36
22.89
23.42
23.94
24.48
25.01
25.55
26.08
26.61
27.14
27.67
28.2
28.72
29.26
29.79
30.32
30.85
31.38
31.92
32.45
32.98
33.51
34.04
34.57
35.1
35.63
36.17
36.7
37.22
37.75
38.29
38.82
39.35
39.88
40.41
40.95
41.48
42.01
42.54
43.05
43.58
44.13
44.67
45.2
45.73
46.26
46.79
47.32
47.85
48.38
48.91
49.44
49.97
50.5
51.04
51.57
52.1
52.63
53.16
53.69
54.22
54.75
55.28
55.81
56.34
56.87
57.41
57.94
58.47
59.0
59.53
60.06
60.59
61.13
61.66
62.19
62.72
63.25
63.78
64.31
64.84
65.37
65.91
66.44
66.97
67.5
68.03
68.56
69.09
69.62
70.15
70.68
71.21
71.74
72.27
72.8
73.34
73.87
74.4
74.93
75.46
76.0
76.53
77.06
77.59
78.12
78.65
79.18
79.71
80.24
80.77
81.31
81.83
82.36
82.9
83.43
83.96
84.49
85.01
85.55
86.08
86.61
87.15
87.68
88.21
88.74
89.27
89.8
90.33
90.86
91.39
91.91
92.44
92.98
93.52
94.04
94.58
95.11
95.64
96.18
96.71
97.23
97.76
98.29
98.83
99.36
99.88
100.4
100.94
101.47
102.01
102.54
103.07
103.61
104.13
104.66
105.19
105.73
106.26
106.79
107.32
107.85
108.38
108.9
109.44
109.97
110.5
111.04
111.58
112.11
112.64
113.18
113.71
114.23
114.75
115.29
115.82
116.36
116.89
117.42
117.94
118.47
119.0
119.54
120.07
120.59
121.13
121.66
122.19
122.73
123.26
123.79
124.32
124.85
125.38
125.9
126.44
126.97
127.49
127.94
128.39
128.85
129.33
129.85
130.36
130.89
131.43
131.96
132.49
133.02
133.55
134.09
134.63
135.17
135.7
136.23
136.76
137.29
