0.01
0.45
0.88
1.29
1.7
2.11
2.53
2.96
3.41
3.87
4.33
4.81
5.3
5.79
6.28
6.76
7.24
7.72
8.2
8.68
9.16
9.64
10.12
10.6
11.08
11.56
12.04
12.52
13.0
13.48
13.96
14.44
14.92
15.4
15.88
16.36
16.84
17.32
17.8
18.28
18.76
19.24
19.72
20.2
20.68
21.16
21.64
22.12
22.6
23.08
23.56
24.04
24.52
25.0
25.48
25.96
26.44
26.92
27.4
27.88
28.36
28.84
29.32
29.8
30.28
30.76
31.24
31.72
32.2
32.68
33.16
33.64
34.12
34.6
35.08
35.56
36.04
36.52
37.0
37.48
37.96
38.44
38.92
39.4
39.88
40.36
40.84
41.32
41.8
42.28
42.76
43.24
43.72
44.2
44.68
45.16
45.64
46.12
46.6
47.08
47.56
48.04
48.52
49.0
49.48
49.96
50.44
50.92
51.4
51.88
52.36
52.84
53.32
53.8
54.28
54.76
55.24
55.72
56.2
56.68
57.16
57.64
58.12
58.6
59.08
59.56
60.04
60.52
61.0
61.48
61.96
62.44
62.92
63.4
63.88
64.36
64.84
65.32
65.8
66.28
66.76
67.24
67.72
68.2
68.68
69.16
69.64
70.12
70.6
71.08
71.56
72.04
72.52
73.0
73.48
73.96
74.44
74.92
75.4
75.88
76.36
76.84
77.32
77.8
78.28
78.76
79.24
79.72
80.2
80.68
81.16
81.64
82.12
82.6
83.08
83.56
84.04
84.52
84.99
85.47
85.95
86.43
86.91
87.39
87.87
88.35
88.83
89.31
89.79
90.27
90.75
91.24
91.72
92.2
92.68
93.16
93.64
94.12
94.6
95.08
95.56
96.04
96.52
97.0
97.48
97.96
98.44
98.92
99.4
99.88
100.36
100.84
101.32
101.8
102.28
102.76
103.24
103.72
104.2
104.68
105.16
105.64
106.12
106.6
107.08
107.56
108.04
108.52
109.0
109.48
109.96
110.44
110.92
111.4
111.88
112.36
112.84
113.32
113.8
114.28
114.76
115.24
115.72
116.2
116.68
117.16
117.64
118.12
118.6
119.08
119.56
120.04
120.52
121.0
121.48
121.96
122.44
122.92
123.4
123.88
124.36
124.84
125.32
125.8
126.28
126.76
127.24
127.72
128.19
128.66
129.13
129.57
130.01
130.45
130.91
131.37
131.85
132.33
132.82
133.31
133.8
