0.04
0.55
1.06
1.57
2.08
2.59
3.1
3.61
4.13
4.64
5.15
5.66
6.17
6.68
7.19
7.7
8.21
8.72
9.23
9.74
10.25
10.77
11.28
11.79
12.3
12.81
13.32
13.83
14.34
14.85
15.36
15.87
16.38
16.89
17.4
17.91
18.42
18.94
19.45
19.96
20.47
20.98
21.49
22.0
22.51
23.03
23.54
24.05
24.56
25.07
25.58
26.09
26.6
27.11
27.62
28.13
28.64
29.15
29.66
30.17
30.68
31.19
31.7
32.22
32.73
33.24
33.75
34.26
34.77
35.28
35.79
36.3
36.81
37.32
37.83
38.35
38.86
39.37
39.88
40.39
40.9
41.41
41.92
42.43
42.94
43.45
43.97
44.48
44.99
45.5
46.01
46.52
47.03
47.54
48.05
48.56
49.07
49.58
50.1
50.61
51.12
51.63
52.14
52.65
53.16
53.67
54.18
54.69
55.2
55.71
56.22
56.73
57.24
57.75
58.26
58.77
59.29
59.8
60.31
60.82
61.33
61.84
62.35
62.86
63.37
63.88
64.39
64.91
65.41
65.92
66.44
66.95
67.46
67.97
68.48
68.99
69.5
70.01
70.52
71.03
71.54
72.06
72.57
73.08
73.59
74.1
74.61
75.12
75.64
76.15
76.66
77.17
77.68
78.19
78.7
79.21
79.72
80.23
80.74
81.25
81.76
82.27
82.78
83.29
83.8
84.32
84.83
85.34
85.85
86.36
86.87
87.38
87.89
88.4
88.91
89.42
89.93
90.44
90.95
91.47
91.98
92.49
93.0
93.51
94.02
94.53
95.04
95.55
96.06
96.57
97.08
97.6
98.11
98.62
99.13
99.64
100.14
100.66
101.17
101.68
102.19
102.7
103.21
103.72
104.23
104.74
105.25
105.77
106.28
106.79
107.3
107.81
108.32
108.83
109.34
109.85
110.36
110.87
111.38
111.89
112.4
112.91
113.42
113.94
114.45
114.96
115.47
115.98
116.49
117.0
117.51
118.02
118.53
119.04
119.55
120.06
120.57
121.08
121.59
122.1
122.61
123.13
123.64
124.15
124.66
125.17
125.68
126.19
126.7
127.21
127.72
128.23
128.74
129.25
129.76
130.27
130.78
131.29
131.8
132.32
132.83
133.34
133.85
134.36
134.87
135.38
135.89
136.4
136.91
137.42
137.93
138.44
138.95
139.46
139.97
140.48
140.99
141.51
142.02
142.53
143.04
143.55
144.06
144.57
145.08
145.59
146.1
146.61
147.12
147.63
148.14
148.65
149.17
149.68
150.19
150.7
151.21
151.72
152.23
152.74
153.25
153.76
154.27
154.78
155.29
155.8
156.31
156.82
157.33
157.84
158.35
158.87
159.38
159.89
160.4
160.91
161.42
161.93
162.44
162.95
163.46
163.97
164.48
165.0
165.51
166.02
166.53
167.04
167.54
168.06
168.57
169.08
169.58
170.1
170.61
171.12
171.63
172.14
172.65
173.16
173.67
174.18
174.69
175.2
175.71
176.23
176.74
177.25
177.76
178.27
178.78
179.29
179.8
180.31
180.82
181.33
181.84
182.35
182.86
183.37
183.88
184.39
184.9
185.41
185.92
186.44
186.95
187.46
187.96
188.47
188.98
189.49
190.0
190.52
191.03
191.54
192.05
192.56
193.07
193.58
194.09
194.6
195.11
195.62
196.13
196.64
197.15
197.66
198.17
198.68
199.19
199.7
200.21
200.72
201.23
201.74
202.25
202.77
203.28
203.79
204.29
204.81
205.32
205.83
206.34
206.85
207.36
207.87
208.38
208.89
209.4
209.91
210.42
210.93
211.44
211.95
212.46
212.97
213.48
213.99
214.5
215.01
215.52
216.03
216.54
217.06
217.57
218.08
218.58
219.1
219.61
220.12
220.63
221.14
221.62
222.1
222.59
