0.06
0.65
1.23
1.82
2.41
3.0
3.6
4.19
4.78
5.38
5.97
6.57
7.15
7.75
8.34
8.94
9.54
10.13
10.73
11.32
11.91
12.51
13.1
13.69
14.28
14.87
15.46
16.06
16.67
17.28
17.88
18.46
19.06
19.66
20.25
20.84
21.43
22.02
22.62
23.22
23.81
24.4
24.99
25.58
26.18
26.78
27.37
27.96
28.54
29.12
29.7
30.29
30.88
31.48
32.06
32.65
33.23
33.83
34.42
35.01
35.6
36.19
36.78
37.37
37.96
38.55
39.14
39.73
40.32
40.92
41.52
42.11
42.7
43.29
43.89
44.49
45.08
45.67
46.26
46.84
47.43
48.03
48.62
49.22
49.81
50.4
51.0
51.61
52.21
52.8
53.4
54.0
54.6
55.22
55.89
56.56
57.19
57.8
58.4
59.0
59.6
60.2
60.79
61.38
61.97
62.57
63.17
63.78
64.37
64.96
65.55
66.16
66.75
67.35
67.94
68.53
69.13
69.74
70.33
70.93
71.54
72.23
72.87
73.47
74.06
74.65
75.25
75.86
76.46
77.06
77.66
78.26
78.85
79.45
80.04
80.63
81.23
81.84
82.43
83.03
83.62
84.2
84.8
85.4
85.99
86.6
87.19
87.79
88.41
89.01
89.6
90.21
90.8
91.4
91.99
92.6
93.19
93.78
94.37
94.95
95.55
96.15
96.75
97.34
97.94
98.53
99.12
99.73
100.33
100.92
101.5
102.09
102.68
103.28
103.87
104.46
105.05
105.64
106.23
106.85
107.45
108.04
108.64
109.23
109.83
110.45
111.11
111.73
112.35
112.94
113.55
114.15
114.75
115.35
115.95
116.54
117.13
117.74
118.34
118.94
119.53
120.13
120.72
121.33
121.93
122.52
123.11
123.7
124.3
124.9
125.5
126.08
126.67
127.26
127.86
128.46
129.05
129.64
130.23
130.83
131.43
132.04
132.63
133.22
133.83
134.42
135.01
135.61
136.2
136.79
137.38
137.98
138.58
139.18
139.77
140.36
140.94
141.53
142.13
142.72
143.31
143.9
144.5
145.1
145.69
146.28
146.87
147.46
148.04
148.63
149.22
149.82
150.42
151.02
151.62
152.22
152.81
153.4
153.99
154.58
155.17
155.77
156.36
156.95
157.54
158.14
158.73
159.32
159.91
160.51
161.1
161.68
162.27
162.86
163.45
164.03
164.61
165.19
165.77
166.35
166.93
167.51
168.09
168.69
169.28
169.87
170.46
171.05
171.65
172.26
172.85
173.45
174.04
174.62
175.21
175.82
176.41
177.0
177.59
178.17
178.76
179.36
179.95
180.54
181.12
181.71
182.32
182.91
183.5
184.08
184.67
185.26
185.85
186.44
187.02
187.6
188.18
188.76
189.35
189.95
190.54
191.13
191.71
192.3
192.89
193.48
194.06
194.65
195.24
195.83
196.43
197.04
197.64
198.23
198.83
199.42
200.01
200.61
201.21
201.81
202.4
202.99
203.58
204.18
204.77
205.36
205.96
206.57
207.16
207.75
208.34
208.93
209.52
210.11
210.71
211.31
211.91
212.51
213.09
213.66
214.24
214.83
215.43
216.02
216.6
217.19
217.78
218.39
219.0
219.59
220.12
220.67
221.22
221.76
222.28
222.8
223.35
223.95
224.56
225.16
225.76
226.35
226.94
227.53
228.12
228.71
229.31
229.91
230.5
231.09
231.68
232.28
232.88
233.46
234.04
234.63
235.21
235.8
236.4
236.98
237.56
238.14
238.73
239.31
239.89
240.48
241.07
241.66
242.25
242.84
243.44
244.03
244.61
245.19
245.79
246.38
246.97
247.55
248.13
248.71
249.31
249.9
250.49
251.08
251.66
252.23
252.81
253.4
253.98
254.55
255.13
255.71
256.3
256.89
257.48
258.06
258.63
259.22
259.81
260.39
260.98
261.56
262.14
262.71
263.33
263.92
264.51
265.09
265.67
266.25
266.84
267.42
268.01
268.6
269.19
269.78
270.37
270.96
271.57
272.16
272.71
273.24
273.77
274.25
274.78
275.32
275.83
276.38
276.95
277.45
277.99
278.63
279.19
279.74
280.3
