0.01
0.5
1.0
1.48
1.97
2.47
2.96
3.48
4.02
4.57
5.13
5.7
6.31
6.89
7.45
8.02
8.59
9.19
9.76
10.33
10.87
11.42
11.99
12.55
13.1
13.65
14.22
14.77
15.32
15.87
16.43
16.98
17.52
18.07
18.63
19.18
19.73
20.28
20.84
21.39
21.94
22.49
23.05
23.6
24.15
24.7
25.27
25.82
26.37
26.91
27.48
28.03
28.58
29.13
29.69
30.24
30.8
31.35
31.91
32.46
33.02
33.56
34.13
34.68
35.23
35.78
36.35
36.9
37.44
37.99
38.55
39.1
39.65
40.2
40.76
41.31
41.85
42.4
42.97
43.52
44.07
44.62
45.18
45.73
46.27
46.81
47.37
47.92
48.47
49.02
49.59
50.14
50.69
51.24
51.8
52.35
52.9
53.45
54.02
54.57
55.12
55.67
56.23
56.78
57.33
57.88
58.44
59.0
59.57
60.13
60.7
61.27
61.83
62.38
62.95
63.51
64.07
64.62
65.19
65.75
66.3
66.86
67.43
67.98
68.53
69.09
69.66
70.22
70.78
71.34
71.9
72.46
73.01
73.56
74.13
74.69
75.25
75.8
76.37
76.93
77.49
78.05
78.61
79.17
79.73
80.28
80.84
81.4
81.96
82.51
83.07
83.62
84.17
84.72
85.29
85.84
86.39
86.94
87.5
88.05
88.59
89.14
89.69
90.24
90.79
91.33
91.89
92.43
92.97
93.52
94.08
94.63
95.18
95.72
96.28
96.83
97.37
97.91
98.47
99.01
99.56
100.1
100.66
101.2
101.74
102.29
102.85
103.42
103.98
104.56
105.14
105.7
106.24
106.79
107.36
107.91
108.46
109.01
109.57
110.12
110.67
111.22
111.78
112.33
112.88
113.43
113.99
114.55
115.1
115.65
116.21
116.76
117.31
117.86
118.43
118.98
119.54
120.1
120.67
121.22
121.77
122.33
122.9
123.46
124.01
124.56
125.13
125.68
126.24
126.79
127.35
127.9
128.45
129.0
129.57
130.13
130.69
131.24
131.8
132.36
132.91
133.46
134.03
134.58
135.14
135.69
136.26
136.82
137.37
137.92
138.48
139.03
139.59
140.15
140.71
141.26
141.82
142.37
142.94
143.49
144.04
144.6
145.16
145.72
146.27
146.82
147.39
147.95
148.51
149.06
149.63
150.18
150.7
151.19
151.69
152.22
152.75
153.27
153.79
154.32
154.85
155.38
155.9
156.43
156.95
157.47
158.0
158.53
159.06
159.59
160.12
160.64
161.16
161.68
162.19
162.69
