0.03
0.53
1.03
1.53
2.03
2.53
3.03
3.53
4.03
4.53
5.03
5.53
6.03
6.53
7.03
7.53
8.03
8.53
9.03
9.53
10.03
10.53
11.03
11.53
12.03
12.53
13.03
13.53
14.03
14.53
15.03
15.53
16.03
16.53
17.03
17.53
18.03
18.53
19.03
19.53
20.03
20.53
21.03
21.53
22.03
22.53
23.03
23.53
24.03
24.53
25.03
25.53
26.03
26.53
27.03
27.53
28.02
28.53
29.03
29.53
30.03
30.53
31.03
31.53
32.02
32.52
33.02
33.52
34.02
34.52
35.02
35.52
36.02
36.52
37.02
37.52
38.02
38.52
39.02
39.52
40.02
40.52
41.02
41.52
42.02
42.52
43.02
43.52
44.02
44.52
45.02
45.52
46.02
46.52
47.02
47.52
48.02
48.52
49.02
49.52
50.02
50.52
51.02
51.52
52.01
52.52
53.02
53.52
54.02
54.52
55.02
55.52
56.02
56.52
57.02
57.52
58.02
58.52
59.02
59.52
60.02
60.52
61.02
61.52
62.02
62.52
63.02
63.52
64.02
64.52
65.02
65.52
66.02
66.52
67.02
67.52
68.02
68.52
69.01
69.51
70.01
70.51
71.01
71.51
72.01
72.51
73.01
73.51
74.01
74.51
75.01
75.51
76.01
76.51
77.01
77.51
78.01
78.51
79.01
79.51
80.0
80.51
81.01
81.51
82.01
82.51
83.01
83.51
84.01
84.51
85.01
85.51
86.01
86.51
87.01
87.51
88.01
88.51
89.01
89.51
90.01
90.51
91.01
91.51
92.01
92.51
93.01
93.51
94.01
94.51
95.01
95.51
96.01
96.5
97.0
97.5
98.0
98.5
99.0
99.5
100.0
100.5
101.0
101.5
102.0
102.5
103.0
103.5
104.0
104.5
105.0
105.5
106.0
106.5
107.0
107.5
108.0
108.5
109.0
109.5
110.0
110.5
111.0
111.49
111.98
112.48
112.98
113.48
113.98
114.48
114.98
115.48
115.98
116.48
116.98
117.48
117.98
118.48
118.98
119.48
119.98
120.48
120.98
121.48
121.98
122.48
122.98
123.48
123.98
124.48
124.98
125.48
125.98
126.48
126.98
127.48
127.98
128.48
128.98
129.48
129.98
130.48
130.98
131.48
131.98
132.48
132.98
133.48
133.98
134.48
134.98
135.48
135.98
136.48
136.98
137.48
137.98
138.48
138.98
139.48
139.98
140.48
140.98
141.48
141.98
142.48
142.98
143.48
143.98
144.47
144.95
145.43
145.89
146.37
146.83
147.28
147.74
148.22
148.71
149.21
149.71
