0.45
0.95
1.42
1.86
2.31
2.76
3.21
3.66
4.09
4.55
5.0
5.46
5.91
6.37
6.83
7.29
7.74
8.19
8.65
9.11
9.57
10.02
10.48
10.93
11.39
11.85
12.3
12.76
13.21
13.67
14.13
14.58
15.04
15.51
15.96
16.41
16.86
17.32
17.78
18.24
18.69
19.15
19.6
20.06
20.51
20.98
21.43
21.89
22.34
22.8
23.25
23.71
24.16
24.63
25.08
25.53
25.99
26.45
26.9
27.35
27.8
28.26
28.72
29.17
29.62
30.08
30.54
31.0
31.45
31.91
32.37
32.82
33.27
33.73
34.19
34.65
35.1
35.56
36.02
36.47
36.93
37.39
37.84
38.3
38.75
39.21
39.66
40.12
40.57
41.03
41.48
41.94
42.39
42.85
43.3
43.76
44.21
44.67
45.12
45.58
46.03
46.49
46.94
47.4
47.86
48.31
48.76
49.21
49.66
50.13
50.59
51.05
51.5
51.96
52.41
52.87
53.33
53.79
54.25
54.71
55.16
55.62
56.07
56.52
56.97
57.43
57.89
58.35
58.81
59.26
59.71
60.17
60.62
61.08
61.54
62.0
62.45
62.91
63.37
63.82
64.27
64.73
65.19
65.65
66.1
66.55
67.0
67.45
67.91
68.36
68.82
69.28
69.73
70.19
70.64
71.1
71.56
72.02
72.47
72.93
73.39
73.85
74.3
74.76
75.21
75.67
76.13
76.58
77.03
77.49
77.94
78.4
78.86
79.31
79.77
80.23
80.68
81.14
81.59
82.05
82.51
82.97
83.42
83.88
84.34
84.8
85.26
85.72
86.17
86.62
87.07
87.53
87.99
88.45
88.9
89.36
89.81
90.27
90.73
91.19
91.64
92.1
92.55
93.01
93.47
93.93
94.38
94.84
95.29
95.74
96.19
96.65
97.11
97.57
98.02
98.49
98.95
99.41
99.86
100.32
100.78
101.23
101.69
102.15
102.6
103.04
103.49
103.95
104.41
104.87
105.33
105.78
106.23
106.7
107.16
107.62
108.08
108.55
109.0
109.46
109.91
110.37
110.83
111.29
111.74
112.2
112.65
113.11
113.56
114.02
114.47
114.93
115.39
115.85
116.31
116.76
117.22
117.67
118.12
118.58
119.03
119.49
119.95
120.4
120.86
121.32
121.77
122.23
122.68
123.13
123.6
124.06
124.51
124.97
125.42
125.87
126.33
126.79
127.25
127.7
128.16
128.62
129.07
129.53
129.98
130.44
130.9
131.35
131.81
132.27
132.73
133.19
133.64
134.1
134.55
135.01
135.46
135.93
136.38
136.84
137.3
137.75
138.2
138.66
139.12
139.58
140.04
140.5
140.96
141.42
141.87
142.33
142.79
143.25
143.7
144.16
144.62
145.07
145.52
145.97
146.43
146.9
147.35
147.81
148.26
148.72
149.18
149.64
150.09
150.55
151.01
151.46
151.91
152.37
152.83
153.29
153.75
154.2
154.65
155.11
155.56
156.02
156.48
156.94
157.39
157.86
158.31
158.77
159.22
159.68
160.14
160.59
161.05
161.51
161.96
162.42
162.88
163.34
163.79
164.25
164.7
165.16
165.62
166.08
166.53
166.99
167.44
167.9
168.35
168.81
169.27
169.73
170.18
170.64
171.1
171.56
172.01
172.47
172.93
173.38
173.83
174.29
174.74
175.2
175.66
176.12
176.58
177.03
177.48
177.94
178.4
178.86
179.32
179.78
180.23
180.69
181.15
181.61
182.07
182.53
182.98
183.44
183.89
184.35
184.81
185.27
185.73
186.19
186.64
187.09
187.54
188.0
188.46
188.92
189.38
189.84
190.29
190.74
191.19
191.65
192.12
192.58
193.03
193.49
193.95
194.41
194.86
195.31
195.77
196.23
196.69
197.15
197.6
198.06
198.51
198.96
199.42
199.89
200.35
200.8
201.25
201.71
202.16
202.62
203.08
203.54
204.0
204.46
204.91
205.37
205.81
206.26
206.72
207.18
207.64
208.09
208.55
209.01
209.47
209.92
210.38
