0.02
0.32
0.67
1.02
1.33
1.66
2.0
2.28
2.6
2.98
3.26
3.58
3.94
4.24
4.57
4.95
5.24
5.56
5.94
6.26
6.59
6.99
7.28
7.57
7.86
8.19
8.56
8.86
9.19
9.57
9.88
10.21
10.58
10.88
11.2
11.57
11.87
12.2
12.57
12.87
13.2
13.57
13.85
14.14
14.41
14.72
15.09
15.38
15.69
16.06
16.37
16.7
17.08
17.37
17.69
18.04
18.33
18.66
19.04
19.34
19.65
20.03
20.33
20.66
21.09
21.48
21.77
22.09
22.51
22.9
23.2
23.52
23.89
24.18
24.51
24.93
25.32
25.61
25.92
26.28
26.57
26.88
27.25
27.54
27.85
28.22
28.52
28.85
29.27
29.66
29.95
30.26
30.63
30.93
31.26
31.69
32.08
32.38
32.71
33.04
33.32
33.62
33.96
34.26
34.58
34.94
35.23
35.56
35.98
36.37
36.67
36.99
37.42
37.81
38.11
38.43
38.81
39.1
39.42
39.78
40.06
40.37
40.74
41.08
41.45
41.78
42.13
42.43
42.74
43.1
43.39
43.71
44.08
44.37
44.68
45.03
45.32
45.63
46.0
46.3
46.61
46.97
47.27
47.6
47.98
48.29
48.62
48.98
49.35
49.67
49.99
50.34
50.63
50.94
51.29
51.62
51.92
52.2
52.52
52.86
53.23
53.57
53.9
54.24
54.52
54.81
55.11
55.42
55.76
56.09
56.39
56.7
57.01
57.33
57.64
57.95
58.28
58.64
58.96
59.27
59.59
59.95
60.27
60.6
60.92
61.22
61.52
61.85
62.14
62.46
62.8
63.13
63.43
63.73
64.03
64.32
64.61
64.91
65.24
65.57
65.92
66.26
66.6
66.95
67.3
67.65
67.99
68.32
68.65
68.99
69.34
69.67
69.99
70.32
70.64
70.96
71.3
71.63
71.96
72.29
72.62
72.95
73.28
73.62
73.95
74.28
74.6
74.92
75.24
75.56
75.89
76.22
76.55
76.89
77.24
77.58
77.91
78.24
78.58
78.91
79.24
79.56
79.89
80.22
80.55
80.89
81.23
81.56
81.89
82.22
82.57
82.92
83.27
83.63
83.98
84.34
84.69
85.04
85.38
85.72
86.07
86.42
86.76
87.1
87.45
87.79
88.12
88.46
88.79
89.14
89.49
89.82
90.16
90.5
90.84
91.18
91.54
91.89
92.24
92.59
92.93
93.29
93.65
94.0
94.35
94.69
95.03
95.37
95.7
96.05
96.4
96.74
97.09
97.45
97.8
98.15
98.5
98.85
99.2
99.56
99.91
100.27
100.62
100.98
101.34
101.69
102.03
102.37
102.71
103.06
103.4
103.75
104.1
104.45
104.82
105.18
105.53
105.88
106.23
106.59
106.95
107.32
107.68
108.03
108.37
108.72
109.08
109.44
109.79
110.15
110.51
110.86
111.22
111.58
111.93
112.28
112.63
112.98
113.35
113.71
114.06
114.42
114.77
115.14
115.5
115.86
116.22
116.57
116.91
117.26
117.62
117.98
118.33
118.69
119.05
119.41
119.77
120.12
120.48
120.83
121.18
121.54
121.91
122.28
122.63
122.99
123.35
123.72
124.09
124.45
124.8
125.16
125.52
125.89
126.26
126.64
127.0
127.36
127.71
128.07
128.45
128.82
129.17
129.53
129.89
130.25
130.61
130.97
131.33
131.7
132.05
132.38
132.7
133.03
133.37
133.67
133.97
134.27
134.6
134.95
135.3
135.67
136.03
136.37
136.72
137.07
137.44
137.81
138.14
138.45
138.77
139.13
139.49
139.84
140.19
140.53
140.84
141.18
141.54
141.91
142.26
142.58
142.91
143.24
143.58
143.9
144.24
144.57
144.87
145.19
145.53
145.88
146.23
146.58
146.93
147.28
147.62
147.96
148.29
148.62
148.95
149.28
149.61
149.95
150.29
150.65
151.01
151.37
151.73
152.08
152.44
152.79
153.14
153.5
153.85
154.21
154.57
154.93
155.28
155.64
156.0
156.36
156.71
157.06
157.42
157.77
158.12
158.48
158.83
159.18
159.53
159.89
160.24
160.6
160.95
161.3
161.65
162.0
162.35
162.7
163.06
163.42
163.78
164.14
164.5
164.86
165.21
165.56
165.91
166.26
166.61
166.95
167.3
167.65
168.0
168.35
168.71
169.07
169.42
169.77
170.12
170.48
170.84
171.19
171.54
171.9
172.26
172.61
172.97
173.33
173.68
174.03
174.38
174.74
175.09
175.45
175.8
176.17
176.54
176.91
177.27
177.64
178.01
178.38
178.74
179.11
179.48
179.84
180.2
180.55
180.89
181.23
181.57
181.93
182.29
182.66
183.02
183.37
183.71
184.06
184.41
184.76
185.11
185.47
185.82
186.15
186.48
186.81
187.14
187.49
187.84
188.2
188.55
188.89
189.24
189.59
189.94
190.29
190.63
190.98
191.33
191.67
192.01
192.34
192.67
193.01
193.37
193.72
194.06
194.39
194.72
195.05
195.38
195.73
196.06
196.4
196.74
197.07
197.41
197.75
198.08
198.42
198.75
199.08
199.42
199.75
200.08
200.4
200.72
201.05
201.39
201.73
202.06
202.39
202.72
203.04
203.37
203.7
204.03
204.36
204.69
205.02
205.35
205.68
206.01
206.35
206.68
207.01
207.34
207.67
208.0
208.34
208.67
209.0
209.36
209.72
210.09
210.45
210.82
211.17
211.51
211.85
212.18
212.52
212.85
213.18
213.52
213.85
214.18
214.52
214.87
215.2
215.5
215.8
216.1
216.41
216.73
217.06
217.39
217.73
218.06
218.39
218.72
219.05
219.37
219.7
220.03
220.36
220.69
221.02
221.34
221.67
222.0
222.33
222.66
222.99
223.32
223.64
223.97
224.3
224.62
224.95
225.27
225.6
225.92
226.25
226.57
226.89
227.22
227.54
227.87
228.2
228.53
228.86
229.18
229.51
229.84
230.17
230.51
230.86
231.19
231.48
231.79
232.08
232.39
232.72
233.05
233.39
233.72
234.06
234.39
234.72
235.05
235.39
235.73
236.07
236.42
236.78
237.16
237.53
237.91
238.26
238.59
238.93
239.27
239.6
239.93
240.27
240.6
240.93
241.27
241.6
241.93
242.26
242.59
242.91
243.24
243.57
243.9
244.23
244.57
244.9
245.23
245.58
245.92
246.27
246.62
246.97
247.32
247.67
248.02
248.37
248.72
249.04
249.35
249.67
249.98
250.31
250.67
251.03
251.38
251.69
252.0
252.31
252.62
252.91
253.21
253.52
253.81
254.1
254.4
254.72
255.06
255.46
255.83
256.17
256.5
256.83
257.16
257.49
257.83
258.16
258.49
258.82
259.15
259.49
259.83
260.17
260.52
260.86
261.2
261.54
261.88
262.22
262.56
262.91
263.25
263.59
263.93
264.27
264.61
264.95
265.29
265.63
265.96
266.3
266.63
266.95
267.27
267.58
267.9
268.23
268.56
268.9
269.24
269.59
269.93
270.28
270.62
270.97
271.31
271.66
272.01
272.35
272.7
273.05
273.39
273.73
274.07
274.42
274.77
275.11
275.45
275.8
276.14
276.48
276.82
277.15
277.48
277.81
278.13
278.44
278.76
279.09
279.43
279.77
280.1
280.42
280.75
281.08
281.43
281.77
282.11
282.45
282.8
283.14
283.47
283.8
284.12
284.46
284.8
285.14
285.47
285.79
286.11
286.44
286.79
287.13
287.47
287.82
288.17
288.51
288.85
289.19
289.53
289.87
290.21
290.61
290.96
291.29
291.61
291.92
292.24
292.58
292.92
293.26
293.61
293.96
294.29
294.63
294.97
295.31
295.65
295.99
296.33
296.66
296.98
297.3
297.65
298.01
298.36
298.7
299.04
299.38
299.7
300.01
300.33
300.6
300.91
301.24
301.57
301.91
302.25
302.59
302.92
303.26
303.6
303.93
304.26
304.59
304.92
305.23
305.55
305.89
306.23
306.57
306.9
307.23
307.56
307.87
308.21
308.56
308.91
309.26
309.6
309.94
310.26
310.58
310.92
311.27
311.62
311.97
312.31
312.65
312.98
313.3
313.64
313.99
314.34
314.69
315.03
315.36
315.68
315.99
316.33
316.68
317.03
317.37
317.71
318.05
318.38
318.69
319.03
319.39
319.74
320.08
320.42
320.76
321.09
321.4
321.74
322.09
322.43
322.78
323.12
323.46
323.82
324.22
324.59
324.95
325.28
325.6
325.92
326.23
326.54
326.86
327.22
327.55
327.89
328.19
328.46
328.79
329.14
329.49
329.84
330.19
330.54
330.89
331.24
331.59
331.94
332.29
332.64
332.99
333.34
333.69
334.04
334.39
334.75
335.1
335.45
335.8
336.15
336.49
336.82
337.15
337.49
337.85
338.19
338.51
338.84
339.18
339.5
339.79
340.07
340.4
340.73
341.05
341.37
341.7
342.05
342.4
342.75
343.1
343.45
343.8
344.14
344.49
344.83
345.18
345.52
345.86
346.19
346.51
346.83
347.15
347.5
347.85
348.2
348.54
348.89
349.24
349.59
349.94
350.28
350.62
350.97
351.33
351.69
352.01
352.34
352.66
352.98
353.3
353.62
353.91
354.22
354.54
354.86
355.21
355.56
355.91
356.25
356.59
356.94
357.27
357.59
357.91
358.25
358.6
358.95
359.29
359.63
359.97
360.29
360.6
360.95
361.31
361.66
362.0
362.34
362.68
363.01
363.32
363.65
364.0
364.35
364.7
365.04
365.38
365.72
366.02
366.35
366.7
367.05
367.39
367.74
368.08
368.41
368.72
369.06
369.41
369.76
370.1
370.44
370.77
371.07
371.36
371.7
372.05
372.39
372.74
373.08
373.42
373.76
374.06
374.39
374.74
375.09
375.43
375.75
376.05
376.37
376.68
377.01
377.34
377.68
378.03
378.37
378.71
379.04
379.34
379.66
380.0
380.34
380.69
381.03
381.37
381.71
382.03
382.34
382.67
383.01
383.36
383.7
384.03
384.35
384.65
384.98
385.32
385.67
386.01
386.35
386.68
387.0
387.3
387.63
387.97
388.3
388.64
388.97
389.3
389.62
389.92
390.23
390.57
390.9
391.24
391.57
391.9
392.21
392.5
392.82
393.16
393.5
393.83
394.16
394.48
394.8
395.09
395.4
395.73
396.06
396.4
396.73
397.07
397.42
397.81
398.17
398.5
398.85
399.19
399.55
399.89
400.24
400.59
400.95
401.32
401.68
402.06
402.41
