0.04
0.6
1.14
1.69
2.23
2.77
3.31
3.85
4.41
4.96
5.5
6.04
6.61
7.16
7.69
8.21
8.74
9.28
9.81
10.36
10.91
11.46
12.01
12.55
13.08
13.62
14.16
14.71
15.26
15.8
16.34
16.88
17.43
17.97
18.51
19.06
19.6
20.14
20.68
21.23
21.77
22.31
22.85
23.4
23.94
24.49
25.03
25.57
26.11
26.66
27.2
27.74
28.29
28.83
29.37
29.92
30.46
31.0
31.54
32.09
32.63
33.17
33.71
34.26
34.81
35.37
35.92
36.44
36.97
37.52
38.06
38.6
39.15
39.69
40.24
40.78
41.32
41.86
42.41
42.95
43.49
44.03
44.57
45.12
45.66
46.21
46.75
47.29
47.83
48.38
48.92
49.46
50.01
50.55
51.09
51.64
52.18
52.72
53.27
53.81
54.35
54.89
55.44
55.98
56.52
57.06
57.61
58.15
58.7
59.24
59.78
60.33
60.87
61.41
61.95
62.5
63.04
63.58
64.13
64.67
65.22
65.79
66.33
66.86
67.38
67.92
68.47
69.01
69.55
70.1
70.64
71.18
71.73
72.27
72.81
73.35
73.9
74.44
74.99
75.53
76.07
76.61
77.16
77.7
78.24
78.78
79.33
79.87
80.41
80.95
81.49
82.04
82.59
83.13
83.7
84.24
84.76
85.31
85.85
86.39
86.93
87.48
88.02
88.57
89.14
89.68
90.21
90.75
91.29
91.83
92.38
92.92
93.45
93.99
94.54
95.08
95.63
96.17
96.71
97.25
97.8
98.34
98.88
99.43
99.97
100.51
101.05
101.6
102.14
102.68
103.23
103.77
104.31
104.85
105.4
105.94
106.49
107.03
107.57
108.11
108.66
109.2
109.74
110.29
110.83
111.37
111.92
112.46
113.0
113.54
114.09
114.63
115.17
115.71
116.26
116.8
117.35
117.89
118.43
118.97
119.52
120.06
120.6
121.15
121.7
122.27
122.8
123.32
123.86
124.4
124.94
125.49
126.03
126.57
127.11
127.66
128.2
128.74
129.29
129.83
130.37
130.91
131.46
132.0
132.56
133.1
133.63
134.16
134.7
135.25
135.8
136.34
136.88
137.42
137.95
138.47
138.99
139.51
140.03
140.56
141.1
141.63
