0.04
0.5
0.96
1.43
1.89
2.35
2.81
3.27
3.72
4.17
4.63
5.09
5.55
5.99
6.45
6.91
7.36
7.82
8.28
8.74
9.2
9.67
10.13
10.59
11.04
11.49
11.96
12.42
12.88
13.34
13.81
14.29
14.74
15.18
15.63
16.08
16.55
17.02
17.48
17.94
18.39
18.84
19.29
19.76
20.22
20.67
21.13
21.59
22.05
22.5
22.96
23.42
23.88
24.34
24.8
25.25
25.71
26.17
26.63
27.09
27.55
28.01
28.46
28.92
29.38
29.84
30.31
30.78
31.24
31.69
32.15
32.6
33.06
33.52
33.97
34.43
34.88
35.33
35.79
36.25
36.71
37.17
37.63
38.11
38.58
39.04
39.5
39.96
40.41
40.88
41.35
41.81
42.26
42.71
43.17
43.62
44.07
44.53
44.99
45.44
45.9
46.36
46.82
47.27
47.71
48.16
48.63
49.11
49.57
50.03
50.49
50.96
51.43
51.89
52.35
52.79
53.25
53.71
54.17
54.63
55.08
55.54
55.99
56.45
56.92
57.4
57.86
58.33
58.79
59.25
59.71
60.17
60.62
61.07
61.54
62.01
62.47
62.92
63.37
63.83
64.29
64.75
65.22
65.68
66.14
66.6
67.06
67.52
67.98
68.43
68.89
69.36
69.82
70.28
70.74
71.2
71.65
72.11
72.56
73.02
73.47
73.93
74.4
74.88
75.34
75.8
76.26
76.72
77.19
77.66
78.12
78.58
79.04
79.5
79.96
80.42
80.88
81.33
81.78
82.23
82.69
83.16
83.62
84.08
84.54
85.0
85.47
85.93
86.39
86.85
87.3
87.76
88.21
88.67
89.13
89.58
90.03
90.49
90.95
91.41
91.87
92.32
92.77
93.23
93.69
94.15
94.6
95.06
95.52
95.98
96.44
96.9
97.36
97.82
98.27
98.72
99.18
99.64
100.11
100.58
101.04
101.49
101.94
102.4
102.85
103.31
103.76
104.22
104.68
105.13
105.59
106.05
106.5
106.95
107.41
107.88
108.35
108.82
109.28
109.73
110.19
110.65
111.12
111.59
112.05
112.52
112.97
113.43
113.88
114.34
114.79
115.24
115.7
116.17
116.63
117.09
117.54
117.99
118.44
118.91
119.38
119.85
120.31
120.76
121.22
121.68
122.15
122.61
123.06
123.52
123.97
124.42
124.88
125.34
125.79
126.24
126.7
127.16
127.64
128.1
128.56
129.01
129.46
129.93
130.4
130.86
131.32
131.79
132.25
132.71
133.16
133.61
134.06
134.51
134.98
135.45
135.91
136.38
136.84
137.3
137.76
138.22
138.67
139.12
139.58
140.04
140.5
140.95
141.41
141.87
142.32
142.78
143.24
143.7
144.16
144.62
145.09
145.55
146.01
146.47
146.93
147.4
147.86
148.33
148.79
149.25
149.71
150.17
150.63
151.09
151.54
151.99
152.45
152.92
153.38
153.84
154.3
154.75
155.21
155.68
156.14
156.6
157.05
157.51
157.97
158.43
158.88
159.35
159.81
160.27
160.74
161.21
161.68
162.13
162.57
163.02
163.46
163.92
164.39
164.84
165.3
165.75
166.21
166.65
167.09
167.54
168.0
168.46
168.94
169.41
169.88
170.34
170.8
171.27
171.73
172.19
172.65
173.1
173.55
174.01
174.47
174.93
175.39
175.85
176.31
176.78
177.23
177.67
178.11
178.56
179.02
179.49
179.97
180.45
180.92
181.37
181.83
182.3
182.75
183.21
183.67
184.13
184.59
185.05
185.54
185.98
186.43
186.9
187.34
187.8
188.26
188.73
189.19
189.65
190.12
190.58
191.05
191.51
191.97
192.42
192.88
193.34
193.8
194.26
194.72
195.18
195.64
196.1
196.56
197.02
197.48
197.94
198.4
198.85
199.31
199.77
200.23
200.69
201.15
201.61
202.07
202.52
202.96
203.41
203.85
204.31
204.78
205.24
205.71
206.17
206.63
207.09
207.55
208.01
208.47
208.93
209.39
209.85
210.31
210.78
211.23
211.69
212.15
212.61
213.06
213.52
213.98
214.44
214.9
215.36
215.82
216.28
216.75
217.21
217.67
218.13
218.59
219.04
219.5
219.96
220.42
220.87
221.33
221.79
222.26
222.72
223.18
223.63
224.1
224.55
225.01
225.47
225.93
226.38
226.84
227.3
227.75
228.22
228.69
229.16
229.62
230.07
230.53
230.98
231.44
231.9
232.35
232.81
233.27
233.74
234.2
234.66
235.12
235.58
236.03
236.49
236.95
237.41
237.87
238.33
238.78
239.22
239.67
240.14
240.6
241.06
241.53
241.99
242.45
242.91
243.37
243.83
244.29
244.75
245.22
245.69
246.13
246.57
247.01
247.46
247.91
248.37
248.84
249.32
249.8
250.29
250.77
251.21
251.67
252.15
252.67
253.19
253.59
253.99
254.38
254.78
255.19
255.62
256.06
256.51
256.94
257.36
257.8
258.21
258.63
259.05
259.45
259.82
260.19
260.57
260.97
261.38
261.77
262.21
262.64
263.07
263.51
263.97
264.41
