0.03
0.33
0.62
0.91
1.2
1.49
1.79
2.08
2.38
2.67
2.96
3.25
3.55
3.84
4.13
4.43
4.72
5.01
5.3
5.6
5.9
6.19
6.48
6.77
7.06
7.35
7.64
7.93
8.22
8.52
8.81
9.11
9.4
9.7
9.98
10.26
10.55
10.84
11.12
11.41
11.7
11.99
12.28
12.57
12.85
13.13
13.41
13.69
13.98
14.28
14.57
14.86
15.15
15.44
15.74
16.04
16.33
16.62
16.9
17.18
17.48
17.78
18.07
18.36
18.64
18.93
19.22
19.52
19.81
20.1
20.38
20.67
20.97
21.26
21.55
21.84
22.13
22.43
22.73
23.03
23.31
23.57
23.81
24.07
24.34
24.61
24.83
25.08
25.36
25.66
25.97
26.28
26.59
26.9
27.22
27.54
27.85
28.15
28.44
28.67
28.9
29.16
29.46
29.76
30.07
30.39
30.7
31.02
31.33
31.64
31.95
32.27
32.58
32.9
33.22
33.53
33.84
34.15
34.47
34.78
35.09
35.4
35.71
36.02
36.33
36.65
36.97
37.28
37.59
37.9
38.21
38.52
38.83
39.14
39.44
39.75
40.07
40.39
40.71
41.02
41.33
41.65
41.97
42.28
42.59
42.89
43.19
43.47
43.71
43.93
44.19
44.49
44.8
45.11
45.43
45.75
46.07
46.38
46.69
47.0
47.31
47.63
47.95
48.26
48.57
48.88
49.2
49.52
49.83
50.15
50.46
50.78
51.09
51.41
51.73
52.04
52.36
52.67
52.98
53.29
53.59
53.89
54.19
54.49
54.78
55.03
55.25
55.5
55.79
56.1
56.41
56.73
57.05
57.37
57.69
58.0
58.31
58.62
58.94
59.26
59.58
59.89
60.2
60.52
60.83
61.15
61.47
61.78
62.09
62.4
62.72
63.03
63.34
63.65
63.96
64.28
64.6
64.91
65.23
65.54
65.85
66.16
66.48
66.8
67.11
67.42
67.73
68.04
68.35
68.65
68.95
69.26
69.57
69.89
70.21
70.53
70.84
71.15
71.46
71.78
72.1
72.42
72.74
73.05
73.36
73.67
73.98
74.3
74.62
74.94
75.25
75.57
75.89
76.21
76.53
76.84
77.14
77.42
77.65
77.87
78.15
78.46
78.77
79.08
79.4
79.71
80.03
80.35
80.65
80.95
81.26
81.57
81.88
82.19
82.5
82.8
83.11
83.43
83.74
84.04
84.35
84.66
84.97
85.28
85.59
85.9
86.2
86.5
86.81
87.13
87.44
87.75
88.05
88.35
88.66
88.97
89.28
89.58
89.88
90.18
90.46
90.7
90.92
91.17
91.45
91.72
91.95
92.19
92.45
92.69
92.91
93.18
93.48
93.79
94.11
94.44
94.76
95.08
95.4
95.71
96.02
96.31
96.55
96.78
97.06
97.36
97.67
97.98
98.31
98.63
98.95
99.27
99.59
99.9
100.21
100.48
100.71
100.94
101.22
101.53
101.84
102.17
102.5
102.82
103.14
103.46
103.77
104.09
104.42
104.74
105.06
105.38
105.7
106.02
106.35
106.67
107.0
107.32
107.62
107.9
108.13
108.35
108.62
108.92
109.23
109.54
109.86
110.17
110.48
110.79
111.1
111.41
111.73
112.05
112.37
112.68
112.99
113.3
113.62
113.94
114.26
114.58
114.89
115.2
115.52
115.84
116.15
116.46
116.78
117.09
117.41
117.72
118.03
118.34
118.64
118.94
119.25
119.56
119.88
120.19
120.51
120.81
121.12
121.42
121.72
122.03
122.34
122.65
122.97
123.3
123.62
123.94
124.25
124.55
124.82
125.03
125.27
125.55
125.85
126.15
126.47
126.8
127.12
127.45
127.77
128.09
128.41
128.73
129.05
129.37
129.69
130.01
130.32
130.64
130.96
131.29
131.61
131.93
132.25
132.57
132.89
133.21
133.53
133.84
134.14
134.43
134.67
134.88
135.14
135.43
135.73
136.04
136.35
136.66
136.97
137.28
137.58
137.88
138.17
138.42
138.64
138.89
139.19
139.5
139.81
140.13
140.46
140.79
141.11
141.42
141.73
142.05
142.38
142.7
143.03
143.34
143.65
143.96
144.25
144.51
144.73
144.97
145.26
145.57
145.88
146.2
146.52
146.84
147.16
147.47
147.79
148.11
148.44
148.76
149.07
149.37
149.68
149.99
150.3
150.6
150.9
151.2
151.51
151.82
152.12
152.43
152.73
153.03
153.34
153.65
153.96
154.26
154.56
154.87
155.18
155.5
155.81
156.12
156.42
156.73
157.03
157.34
157.65
157.95
158.25
158.54
158.82
159.06
159.3
159.55
159.81
160.05
160.29
160.55
160.82
161.12
161.42
161.72
162.02
162.32
162.61
162.91
163.2
163.49
163.78
164.08
164.39
164.71
165.02
165.33
165.64
165.95
166.26
166.57
166.88
167.2
167.51
167.81
168.13
168.45
168.77
169.09
169.4
169.71
170.02
170.33
170.65
170.96
171.27
171.58
171.9
172.21
172.53
172.84
173.15
173.46
173.78
174.09
174.41
174.72
175.03
175.34
175.65
175.97
176.29
176.61
176.91
177.21
177.52
177.84
178.15
178.46
178.76
179.07
179.38
179.69
180.01
180.33
180.64
180.95
181.26
181.57
181.88
182.2
182.51
182.82
183.14
183.46
183.76
184.05
184.35
184.66
184.98
185.3
185.61
185.92
186.22
186.52
186.83
187.14
187.46
187.78
188.08
188.39
188.7
189.02
189.33
189.64
189.94
190.24
190.55
190.86
191.17
191.48
191.78
192.08
192.35
192.57
192.79
193.05
193.34
193.63
193.93
194.22
194.47
194.7
194.96
195.26
195.56
195.86
196.14
196.37
196.59
196.86
197.16
197.47
197.77
198.05
198.28
198.52
198.79
199.08
199.39
199.69
199.98
200.23
200.45
200.7
200.99
201.29
201.58
201.85
202.07
202.31
202.59
202.89
203.2
203.52
203.84
204.16
204.48
204.79
205.1
205.41
205.73
206.05
206.37
206.69
207.01
207.32
207.64
207.95
208.25
208.56
208.87
209.19
209.51
209.83
210.16
210.48
210.79
211.1
211.41
211.73
212.05
212.37
212.68
213.0
213.32
213.64
213.96
214.28
214.59
214.91
215.24
215.56
215.88
216.2
216.51
216.83
217.15
217.47
217.8
218.12
218.43
218.75
219.06
219.38
219.69
220.01
220.32
220.63
220.94
221.26
221.57
221.88
222.19
222.5
222.82
223.13
223.44
223.75
224.06
224.38
224.69
225.0
225.31
225.63
225.95
226.26
226.57
226.88
227.19
227.5
227.82
228.14
228.46
228.77
229.08
229.39
229.7
230.01
230.31
230.62
230.93
231.24
231.55
231.86
232.17
232.47
232.78
233.08
233.38
233.68
233.98
234.27
234.56
234.84
235.13
235.42
235.72
236.02
236.32
236.62
236.92
237.22
237.52
237.82
238.12
238.41
238.7
239.0
239.3
239.6
239.9
240.2
240.5
240.8
241.11
241.42
241.73
242.03
242.33
242.63
242.93
243.24
243.54
243.85
244.15
244.45
244.75
245.06
245.37
245.67
245.97
246.27
246.58
246.89
247.19
247.49
247.78
248.08
248.38
248.69
248.99
249.28
249.58
249.88
250.18
250.49
250.79
251.09
251.39
251.69
251.99
252.3
252.6
252.9
253.19
253.49
253.78
254.08
254.38
254.69
254.99
255.3
255.61
255.91
256.21
256.51
256.8
257.09
257.39
257.7
258.0
258.29
258.59
258.89
259.18
259.44
259.69
259.94
260.2
260.48
260.75
261.03
261.32
261.58
261.84
262.09
262.35
262.61
262.88
263.15
263.42
263.69
263.96
264.22
264.48
264.73
264.98
265.23
265.49
265.74
265.99
266.25
266.51
266.77
267.03
267.29
267.56
267.82
268.08
268.34
268.6
268.87
