0.03
0.4
0.78
1.17
1.56
1.94
2.31
2.69
3.08
3.46
3.84
4.22
4.6
4.97
5.34
5.72
6.1
6.49
6.88
7.27
7.65
8.03
8.42
8.81
9.2
9.6
9.99
10.37
10.75
11.13
11.52
11.91
12.29
12.68
13.07
13.46
13.84
14.22
14.61
15.0
15.39
15.78
16.16
16.55
16.93
17.32
17.7
18.08
18.47
18.87
19.26
19.65
20.04
20.42
20.81
21.2
21.59
21.98
22.36
22.75
23.13
23.51
23.9
24.28
24.67
25.05
25.44
25.83
26.22
26.6
26.99
27.39
27.77
28.16
28.54
28.93
29.31
29.7
30.09
30.47
30.86
31.25
31.64
32.03
32.41
32.8
33.19
33.57
33.96
34.35
34.73
35.12
35.5
35.88
36.26
36.65
37.05
37.45
37.84
38.23
38.62
39.01
39.4
39.8
40.19
40.57
40.96
41.35
41.73
42.12
42.5
42.89
43.28
43.67
44.06
44.44
44.83
45.22
45.61
45.99
46.37
46.75
47.14
47.53
47.92
48.31
48.69
49.07
49.46
49.85
50.23
50.62
51.01
51.39
51.78
52.16
52.55
52.94
53.33
53.72
54.11
54.5
54.89
55.28
55.67
56.06
56.46
56.85
57.23
57.62
58.01
58.4
58.78
59.17
59.56
59.95
60.34
60.73
61.12
61.51
61.89
62.27
62.66
63.04
63.43
63.82
64.21
64.6
64.98
65.36
65.75
66.14
66.52
66.91
67.29
67.68
68.07
68.46
68.85
69.24
69.63
70.02
70.4
70.79
71.18
71.57
71.95
72.34
72.72
73.11
73.5
73.89
74.28
74.66
75.04
75.42
75.81
76.2
76.59
76.97
77.36
77.75
78.14
78.54
78.94
79.34
79.73
80.12
80.5
80.88
81.27
81.65
82.04
82.42
82.8
83.19
83.57
83.95
84.34
84.73
85.12
85.51
85.89
86.28
86.66
87.04
87.43
87.81
88.2
88.59
88.97
89.36
89.75
90.13
90.52
90.9
91.28
91.67
92.06
92.45
92.84
93.22
93.61
93.99
94.37
94.76
95.16
95.55
95.93
96.31
96.7
97.08
97.47
97.85
98.25
98.64
99.02
99.41
99.8
100.19
100.57
100.96
101.35
101.73
102.11
102.49
102.87
103.26
103.65
104.05
104.44
104.83
105.22
105.61
106.0
106.39
106.78
107.17
107.55
107.93
108.31
108.7
109.09
109.48
109.87
110.27
110.66
111.04
111.42
111.81
112.19
112.58
112.97
113.35
113.74
114.13
114.52
114.91
115.29
115.68
116.06
116.45
116.84
117.23
117.61
118.0
118.39
118.79
119.18
119.57
119.96
120.35
120.74
121.13
121.52
121.9
122.28
122.66
123.05
123.44
123.83
124.21
124.6
124.99
125.37
125.75
126.14
126.53
126.91
127.3
127.69
128.07
128.46
128.84
129.23
129.61
130.0
130.39
130.77
131.16
131.55
131.94
132.33
132.72
133.11
133.5
133.88
134.26
134.65
135.04
135.42
135.8
136.18
136.57
136.96
137.35
137.73
138.12
138.51
138.9
139.29
139.68
140.07
140.45
140.83
141.22
141.61
142.0
142.39
142.78
143.16
143.55
143.94
144.32
144.71
145.1
145.49
145.88
146.26
146.65
147.03
147.42
147.81
148.19
148.58
148.97
149.36
149.75
150.13
150.52
150.9
151.29
151.68
152.08
152.47
152.86
153.25
153.63
154.02
154.4
154.78
155.17
155.56
155.95
156.34
156.72
157.11
157.49
157.88
158.27
158.66
159.04
159.43
159.82
160.21
160.59
160.97
161.36
161.75
162.14
162.52
162.91
163.3
163.69
164.08
164.46
164.85
165.24
165.62
166.02
166.42
166.81
167.2
167.59
167.98
168.37
168.75
169.14
169.53
169.91
170.3
170.68
171.07
171.46
171.84
172.23
172.61
173.0
173.38
173.76
174.15
174.54
174.92
175.31
175.7
176.08
176.46
176.84
177.22
177.61
178.0
178.39
178.78
179.16
179.55
179.94
180.33
180.71
181.1
181.49
181.88
182.27
182.66
183.05
183.43
183.81
184.19
184.58
184.97
185.35
185.73
186.12
186.51
186.9
187.29
187.68
188.07
188.46
188.85
189.23
189.62
190.0
190.39
190.78
191.17
191.55
191.94
192.32
192.71
193.09
193.47
193.86
194.25
194.64
195.03
195.42
195.81
196.19
196.58
196.97
197.36
197.74
198.14
198.56
198.94
199.34
199.76
