0.03
0.34
0.67
1.0
1.32
1.63
1.97
2.31
2.63
2.95
3.28
3.6
3.93
4.25
4.57
4.89
5.22
5.55
5.88
6.2
6.53
6.85
7.17
7.49
7.81
8.13
8.46
8.78
9.11
9.43
9.75
10.06
10.37
10.69
11.01
11.33
11.65
11.97
12.29
12.62
12.94
13.27
13.6
13.92
14.24
14.57
14.9
15.22
15.54
15.86
16.18
16.5
16.82
17.14
17.46
17.78
18.1
18.42
18.74
19.06
19.37
19.69
20.0
20.32
20.64
20.96
21.28
21.6
21.93
22.25
22.57
22.89
23.21
23.53
23.85
24.16
24.48
24.8
25.11
25.43
25.75
26.07
26.39
26.71
27.02
27.34
27.66
27.97
28.29
28.61
28.93
29.25
29.57
29.89
30.2
30.52
30.84
31.16
31.49
31.81
32.13
32.45
32.77
33.09
33.41
33.73
34.05
34.37
34.68
35.0
35.31
35.62
35.94
36.25
36.57
36.89
37.21
37.53
37.85
38.17
38.49
38.81
39.13
39.44
39.76
40.07
40.38
40.7
41.02
41.34
41.66
41.97
42.28
42.6
42.92
43.24
43.55
43.87
44.18
44.49
44.81
45.12
45.44
45.76
46.08
46.4
46.72
47.04
47.35
47.67
47.99
48.3
48.62
48.93
49.25
49.57
49.89
50.2
50.51
50.83
51.15
51.47
51.78
52.09
52.41
52.73
53.04
53.35
53.67
53.98
54.3
54.61
54.92
55.24
55.56
55.88
56.2
56.53
56.85
57.17
57.5
57.83
58.15
58.48
58.81
59.14
59.46
59.78
60.09
60.41
60.73
61.05
61.37
61.69
62.01
62.33
62.65
62.98
63.31
63.63
63.96
64.29
64.61
64.92
65.24
65.56
65.88
66.19
66.51
66.83
67.15
67.47
67.79
68.11
68.44
68.76
69.08
69.4
69.73
70.05
70.37
70.7
71.02
71.35
71.67
71.99
72.31
72.63
72.95
73.27
73.59
73.91
74.22
74.54
74.86
75.18
75.5
75.82
76.14
76.46
76.78
77.1
77.42
77.74
78.06
78.38
78.7
79.02
79.34
79.66
79.99
80.31
80.63
80.95
81.26
81.58
81.9
82.22
82.54
82.85
83.17
83.48
83.8
84.11
84.43
84.75
85.07
85.39
85.7
86.02
86.34
86.65
86.97
87.29
87.6
87.91
88.22
88.54
88.85
89.17
89.48
89.8
90.11
90.42
90.73
91.05
91.36
91.68
91.99
92.31
92.62
92.93
93.24
93.55
93.87
94.18
94.49
94.81
95.12
95.44
95.75
96.06
96.38
96.7
97.01
97.33
97.64
97.95
98.26
98.57
98.89
99.21
99.52
99.84
100.15
100.47
100.79
101.1
101.42
101.73
102.05
102.36
102.67
102.99
103.3
103.61
103.92
104.23
104.55
104.87
105.18
105.5
105.82
106.13
106.44
106.76
107.07
107.38
107.7
108.02
108.33
108.64
108.95
109.27
109.59
109.91
110.22
110.54
110.85
111.16
111.47
111.78
112.09
112.41
112.72
113.04
113.35
113.67
113.98
114.3
114.62
114.94
115.26
115.58
115.91
116.24
116.56
116.88
117.19
117.51
117.83
118.14
118.46
118.78
119.09
119.41
119.72
120.03
120.35
120.67
120.99
121.31
121.64
121.96
122.28
122.6
122.92
123.24
123.55
123.87
124.18
124.49
124.81
125.13
125.46
125.79
126.11
126.44
126.77
127.1
127.42
127.75
128.08
128.4
128.72
129.04
129.36
129.67
129.99
130.31
130.63
130.95
131.27
131.59
131.91
132.23
132.55
132.87
133.19
133.51
133.83
134.15
134.47
134.79
135.11
135.43
135.75
136.07
136.4
136.72
137.04
137.35
137.67
137.99
138.3
138.62
138.93
139.25
139.57
139.89
140.21
140.53
140.85
141.17
141.49
141.8
142.12
142.44
142.77
143.1
143.42
143.75
144.07
144.4
144.72
145.04
145.36
145.69
146.01
146.33
146.65
146.97
147.28
147.6
147.93
148.25
148.58
148.9
149.22
149.54
149.86
150.18
150.5
150.81
151.13
151.44
151.75
152.06
152.37
152.69
153.01
153.33
153.64
153.96
154.28
154.6
154.92
155.24
155.56
155.88
156.19
156.51
156.83
157.14
157.45
157.77
158.09
158.41
158.72
159.04
159.35
159.67
159.98
160.29
160.61
160.93
161.24
161.56
161.87
162.19
162.5
162.82
163.14
163.46
163.78
164.1
164.42
164.74
165.05
165.36
165.68
165.99
166.3
166.62
166.94
167.25
167.57
167.88
168.2
168.51
168.83
169.15
169.47
169.78
170.1
170.41
170.72
171.03
171.34
171.65
171.97
172.29
172.61
172.93
173.25
173.57
173.88
174.19
174.5
174.81
175.13
175.44
175.76
176.07
176.39
176.7
177.02
177.34
177.66
177.98
178.3
178.62
178.93
179.25
179.57
179.88
180.2
180.51
180.83
181.14
181.46
181.78
182.1
182.42
182.73
183.04
183.36
183.68
184.0
184.31
184.63
184.94
185.25
185.56
185.88
186.19
186.5
186.81
187.13
187.45
187.77
188.09
188.41
188.73
189.05
189.37
189.68
189.99
190.3
190.61
190.92
191.24
191.56
191.88
192.2
192.52
192.84
193.15
193.46
193.77
194.08
194.39
194.71
195.02
195.34
195.65
195.97
196.29
196.61
196.92
197.24
197.56
197.87
198.19
198.51
198.82
199.14
199.45
199.77
200.08
200.39
200.7
201.02
201.33
201.65
201.97
202.29
202.6
202.92
203.23
203.55
203.86
204.17
204.49
204.8
205.11
205.43
205.74
206.06
206.38
206.7
207.02
207.34
207.66
207.98
208.29
208.6
208.91
209.22
209.53
209.84
210.16
210.47
210.77
211.07
211.38
211.69
212.0
212.31
212.62
212.93
213.24
213.56
213.87
214.18
214.49
214.8
215.1
215.4
215.71
216.02
216.33
216.64
216.96
217.27
217.58
217.89
218.2
218.51
218.82
219.13
219.44
219.75
220.06
220.37
220.67
220.97
221.28
221.59
221.9
222.21
222.52
222.83
223.14
223.45
223.76
224.07
224.38
224.69
225.01
225.33
225.64
225.95
226.26
226.57
226.88
227.19
227.5
227.82
228.14
228.45
228.76
229.07
229.38
229.7
