0.06
0.57
1.07
1.58
2.08
2.58
3.09
3.6
4.1
4.61
5.11
5.61
6.12
6.62
7.13
7.63
8.14
8.64
9.14
9.65
10.15
10.66
11.16
11.67
12.17
12.67
13.18
13.68
14.18
14.69
15.19
15.7
16.2
16.7
17.21
17.71
18.22
18.72
19.22
19.73
20.23
20.74
21.24
21.75
22.25
22.75
23.26
23.76
24.27
24.77
25.27
25.78
26.28
26.79
27.29
27.8
28.3
28.81
29.31
29.81
30.32
30.82
31.33
31.83
32.33
32.84
33.34
33.85
34.35
34.85
35.36
35.86
36.36
36.87
37.38
37.88
38.38
38.89
39.39
39.9
40.4
40.91
41.41
41.91
42.42
42.92
43.43
43.93
44.44
44.94
45.44
45.95
46.45
46.96
47.46
47.96
48.47
48.97
49.48
49.98
50.48
50.99
51.49
52.0
52.5
53.01
53.51
54.01
54.52
55.02
55.52
56.02
56.53
57.04
57.54
58.05
58.55
59.06
59.56
60.07
60.57
61.07
61.58
62.08
62.58
63.09
63.59
64.1
64.6
65.11
65.61
66.12
66.62
67.13
67.63
68.13
68.64
69.14
69.65
70.15
70.65
71.16
71.66
72.17
72.67
73.17
73.68
74.18
74.69
75.19
75.69
76.2
76.7
77.21
77.71
78.22
78.72
79.23
79.73
80.23
80.74
81.24
81.74
82.25
82.75
83.26
83.76
84.27
84.77
85.28
85.78
86.28
86.79
87.29
87.8
88.3
88.8
89.31
89.81
90.32
90.82
91.33
91.83
92.33
92.84
93.34
93.85
94.35
94.85
95.36
95.86
96.37
96.87
97.38
97.88
98.39
98.89
99.39
99.9
100.4
100.9
101.41
101.91
102.42
102.92
103.43
103.93
104.44
104.94
105.44
105.95
106.45
106.96
107.46
107.96
108.47
108.97
109.48
109.98
110.48
110.99
111.5
112.0
112.5
113.01
113.51
114.02
114.52
115.02
115.53
116.03
116.54
117.04
117.55
118.05
118.55
119.05
119.56
120.07
120.57
121.08
121.58
122.08
122.59
123.09
123.6
124.1
124.6
125.11
125.61
126.12
126.62
127.12
127.63
128.13
128.64
129.14
129.65
130.15
130.65
131.16
131.66
132.17
132.67
133.18
133.68
134.18
134.69
135.19
135.7
136.2
136.7
137.2
137.68
138.14
138.6
139.08
139.55
140.0
140.45
140.91
141.37
141.83
142.29
142.76
143.21
