0.03
0.48
0.91
1.36
1.8
2.26
2.7
3.14
3.56
4.0
4.45
4.89
5.32
5.76
6.2
6.64
7.08
7.52
7.97
8.41
8.86
9.3
9.74
10.18
10.62
11.06
11.5
11.94
12.38
12.82
13.26
13.7
14.15
14.59
15.03
15.47
15.91
16.35
16.79
17.23
17.68
18.12
18.56
19.0
19.44
19.88
20.32
20.76
21.2
21.64
22.08
22.53
22.97
23.41
23.85
24.29
24.73
25.17
25.61
26.05
26.49
26.94
27.38
27.82
28.26
28.7
29.14
29.58
30.02
30.46
30.9
31.34
31.79
32.23
32.67
33.11
33.55
33.99
34.43
34.87
35.31
35.75
36.2
36.64
37.08
37.52
37.96
38.4
38.84
39.28
39.72
40.17
40.61
41.05
41.49
41.93
42.37
42.81
43.25
43.69
44.13
44.57
45.01
45.46
45.9
46.34
46.78
47.22
47.66
48.1
48.54
48.98
49.42
49.87
50.31
50.75
51.19
51.63
52.07
52.51
52.95
53.39
53.83
54.28
54.72
55.16
55.6
56.04
56.48
56.92
57.36
57.8
58.24
58.68
59.12
59.57
60.01
60.45
60.89
61.33
61.77
62.21
62.65
63.09
63.54
63.98
64.42
64.86
65.3
65.74
66.18
66.62
67.06
67.5
67.94
68.38
68.83
69.27
69.71
70.15
70.59
71.03
71.47
71.91
72.36
72.8
73.25
73.69
74.12
74.56
75.0
75.44
75.88
76.32
76.77
77.21
77.65
78.09
78.53
78.97
79.41
79.85
80.29
80.73
81.17
81.61
82.06
82.5
82.94
83.38
83.82
84.26
84.7
85.14
85.58
86.02
86.46
86.9
87.35
87.79
88.23
88.67
89.11
89.55
89.99
90.43
90.87
91.31
91.76
92.2
92.64
93.08
93.52
93.96
94.4
94.84
95.28
95.72
96.17
96.61
97.05
97.49
97.93
98.37
98.81
99.25
99.69
100.13
100.58
101.02
101.46
101.9
102.34
102.78
103.22
103.66
104.1
104.54
104.98
105.43
105.87
106.31
106.75
107.19
107.63
108.07
108.51
108.95
109.39
109.83
110.28
110.72
111.16
111.6
112.04
112.48
112.92
113.36
113.8
114.25
114.69
115.13
115.57
116.01
116.45
116.89
117.33
117.77
118.21
118.65
119.09
119.53
119.98
120.42
120.86
121.3
121.74
122.18
122.62
123.06
123.5
123.94
124.39
124.83
125.27
125.71
126.15
126.59
127.03
127.47
127.92
128.36
128.81
129.27
129.74
130.18
130.59
130.99
131.37
131.77
132.2
132.59
132.99
133.43
133.87
134.31
134.74
135.18
135.62
136.07
136.49
136.9
137.33
