0.04
0.38
0.72
1.06
1.39
1.7
2.01
2.33
2.65
2.98
3.31
3.64
3.96
4.28
4.59
4.9
5.21
5.54
5.86
6.18
6.5
6.83
7.15
7.47
7.79
8.12
8.44
8.76
9.08
9.41
9.73
10.05
10.37
10.7
11.02
11.34
11.67
11.99
12.31
12.63
12.95
13.28
13.6
13.92
14.25
14.57
14.9
15.22
15.54
15.86
16.19
16.51
16.83
17.15
17.47
17.79
18.11
18.44
18.76
19.09
19.41
19.73
20.06
20.38
20.7
21.02
21.34
21.67
21.99
22.31
22.63
22.96
23.28
23.61
23.93
24.25
24.57
24.89
25.22
25.54
25.86
26.18
26.5
26.83
27.15
27.47
27.79
28.11
28.44
28.76
29.09
29.41
29.73
30.06
30.38
30.7
31.02
31.34
31.67
31.99
32.31
32.64
32.96
33.28
33.6
33.92
34.25
34.57
34.89
35.22
35.54
35.86
36.18
36.51
36.83
37.15
37.47
37.8
38.12
38.44
38.76
39.08
39.41
39.73
40.05
40.37
40.7
41.02
41.34
41.66
41.98
42.31
42.63
42.95
43.27
43.6
43.92
44.24
44.56
44.89
45.21
45.53
45.85
46.18
46.5
46.83
47.15
47.47
47.79
48.11
48.44
48.76
49.08
49.41
49.73
50.05
50.37
50.69
51.01
51.34
51.66
51.99
52.31
52.63
52.95
53.28
53.6
53.92
54.24
54.57
54.9
55.22
55.54
55.86
56.18
56.5
56.82
57.15
57.48
57.8
58.12
58.44
58.77
59.09
59.41
59.73
60.05
60.37
60.7
61.02
61.35
61.67
61.99
62.31
62.63
62.96
63.28
63.6
63.92
64.25
64.57
64.89
65.22
65.54
65.86
66.18
66.5
66.82
67.15
67.47
67.79
68.12
68.44
68.76
69.09
69.41
69.73
70.06
70.38
70.7
71.02
71.34
71.67
71.99
72.31
72.63
72.95
73.28
73.6
73.92
74.25
74.57
74.89
75.21
75.53
75.86
76.18
76.5
76.82
77.15
77.47
77.79
78.11
78.44
78.76
79.08
79.4
79.73
80.05
80.37
80.69
81.02
81.34
81.67
81.99
82.31
82.63
82.96
83.29
83.61
83.93
84.25
84.57
84.89
85.21
85.54
85.86
86.18
86.51
86.83
87.15
87.47
87.79
88.12
88.44
88.76
89.08
89.41
89.73
90.05
90.37
90.69
91.01
91.34
91.66
91.99
92.31
92.63
92.96
93.28
93.61
93.93
94.25
94.57
94.9
95.22
95.54
95.86
96.18
96.5
96.83
97.15
97.47
97.79
98.11
98.44
98.76
99.08
99.41
99.73
100.06
100.38
100.7
101.02
101.35
101.67
101.99
102.31
102.63
102.95
103.28
103.6
103.93
104.25
104.57
104.89
105.22
105.54
105.86
106.18
106.5
106.83
107.15
107.47
107.8
108.12
108.44
108.77
109.09
109.41
109.73
110.06
110.38
110.7
111.03
111.35
111.68
112.0
112.32
112.64
112.96
113.28
113.6
113.93
114.25
114.57
114.9
115.22
115.54
115.86
116.19
116.51
116.83
117.16
117.48
117.8
118.12
118.45
118.77
119.09
119.41
119.74
120.06
120.38
120.7
121.03
121.35
121.67
121.99
122.32
122.64
122.96
123.28
123.61
123.93
124.25
124.57
124.9
125.22
125.54
125.86
126.19
126.51
126.83
127.15
127.48
127.8
128.12
128.44
128.77
129.09
129.42
129.74
130.06
130.38
130.7
131.02
131.35
131.67
132.0
132.33
132.65
132.97
133.29
133.61
133.93
134.25
134.57
134.89
135.22
135.55
135.87
136.19
136.51
136.83
137.16
137.48
137.8
138.13
138.45
138.77
139.09
139.42
139.74
140.06
140.39
140.71
141.03
141.35
141.68
142.0
142.32
142.64
142.97
143.29
143.61
143.93
144.25
144.58
144.9
145.22
145.55
145.87
146.19
146.52
146.84
147.16
147.48
147.8
148.13
148.45
148.77
149.09
149.41
149.73
150.05
150.38
150.7
151.02
151.35
151.67
151.99
152.31
152.64
152.96
153.28
153.6
153.93
154.25
154.57
154.9
155.22
155.54
155.85
156.15
156.45
156.74
157.03
157.33
157.62
157.91
158.2
158.49
158.78
159.07
159.36
159.65
159.94
160.23
160.53
160.83
161.13
161.43
161.73
162.03
162.33
162.64
162.94
163.24
163.54
163.84
164.15
164.46
164.76
165.07
165.37
165.68
165.99
166.3
166.61
166.92
167.23
167.54
167.86
168.18
168.49
168.81
169.12
169.44
169.76
170.07
170.39
170.71
171.02
171.32
171.62
171.92
172.22
172.53
172.83
173.13
