0.01
0.37
0.71
1.03
1.41
1.85
2.3
2.76
3.22
3.67
4.12
4.57
5.03
5.48
5.94
6.39
6.85
7.3
7.76
8.21
8.67
9.12
9.57
10.02
10.48
10.94
11.39
11.84
12.3
12.75
13.21
13.66
14.11
14.56
15.02
15.48
15.93
16.39
16.84
17.29
17.75
18.2
18.65
19.1
19.56
20.02
20.48
20.93
21.38
21.83
22.28
22.73
23.19
23.65
24.11
24.56
25.02
25.47
25.92
26.38
26.83
27.28
27.74
28.19
28.65
29.1
29.56
30.01
30.47
30.92
31.38
31.83
32.28
32.73
33.19
33.64
34.1
34.55
35.01
35.46
35.92
36.37
36.83
37.28
37.73
38.18
38.64
39.1
39.55
40.0
40.46
40.91
41.37
41.82
42.27
42.72
43.18
43.63
44.07
44.53
45.0
45.45
45.91
46.36
46.82
47.27
47.73
48.18
48.63
49.08
49.54
50.0
50.45
50.9
51.36
51.81
52.27
52.72
53.18
53.63
54.08
54.54
54.99
55.45
55.9
56.35
56.8
57.26
57.72
58.17
58.63
59.08
59.53
59.99
60.44
60.9
61.35
61.8
62.26
62.71
63.17
63.62
64.08
64.53
64.99
65.44
65.89
66.35
66.8
67.26
67.71
68.16
68.62
69.07
69.53
69.98
70.44
70.89
71.34
71.8
72.25
72.71
73.16
73.62
74.07
74.52
74.98
75.43
75.89
76.34
76.8
77.25
77.7
78.15
78.61
79.07
79.52
79.97
80.43
80.88
81.34
81.79
82.25
82.7
83.15
83.61
84.07
84.52
84.97
85.43
85.88
86.33
86.79
87.24
87.7
88.15
88.61
89.06
89.51
89.97
90.42
90.87
91.31
91.76
92.23
92.69
93.15
93.6
94.06
94.51
94.97
95.42
95.87
96.32
96.78
97.24
97.69
98.14
98.6
99.05
99.51
99.96
100.42
100.87
101.32
101.77
102.23
102.68
103.14
103.59
104.05
104.5
104.96
105.41
105.87
106.32
106.78
107.23
107.69
108.14
108.59
109.05
109.5
109.95
110.41
110.86
111.32
111.77
112.23
112.68
113.13
113.58
114.04
114.49
114.95
115.41
115.86
116.32
116.77
117.22
117.68
118.13
118.59
119.04
119.5
119.95
120.41
120.86
121.32
121.77
122.22
122.68
123.13
123.59
124.04
124.49
124.95
125.4
125.86
126.31
126.77
127.22
127.68
128.13
128.59
129.04
129.49
129.95
130.4
130.85
131.31
131.76
132.22
132.67
133.13
133.58
134.04
134.49
134.95
135.4
135.86
136.31
136.76
137.21
137.67
138.13
138.58
139.03
139.49
139.94
140.4
140.85
141.31
141.76
142.22
142.67
143.13
143.58
144.03
144.49
144.94
145.4
145.85
146.31
146.76
147.22
147.67
148.12
148.58
149.03
149.49
149.94
150.4
150.85
151.3
151.76
152.21
152.67
153.12
153.58
154.03
154.49
154.94
155.39
155.85
156.3
156.76
157.21
157.66
158.11
158.54
158.96
159.35
159.71
160.06
160.42
160.82
161.25
161.67
