0.03
0.64
1.25
1.87
2.48
3.1
3.71
4.32
4.93
5.54
6.15
6.76
7.37
7.98
8.59
9.2
9.8
10.4
11.01
11.62
12.24
12.85
13.47
14.07
14.69
15.3
15.91
16.52
17.13
17.75
18.35
18.96
19.57
20.18
20.79
21.4
22.01
22.62
23.24
23.85
24.46
25.07
25.68
26.29
26.9
27.51
28.12
28.74
29.34
29.95
30.56
31.18
31.79
32.4
33.01
33.62
34.23
34.83
35.44
36.05
36.67
37.27
37.88
38.5
39.11
39.72
40.33
40.94
41.55
42.16
42.77
43.38
43.99
44.61
45.21
45.82
46.43
47.04
47.65
48.25
48.87
49.48
50.09
50.7
51.31
51.92
52.53
53.14
53.76
54.36
54.98
55.59
56.2
56.81
57.42
58.03
58.64
59.25
59.86
60.47
61.08
61.69
62.3
62.92
63.53
64.14
64.74
65.34
65.96
66.56
67.18
67.79
68.4
69.01
69.62
70.23
70.84
71.45
72.07
72.68
73.29
73.89
74.51
75.12
75.73
76.34
76.95
77.56
78.17
78.78
79.39
80.0
80.61
81.22
81.84
82.45
83.06
83.67
84.28
84.89
85.5
86.11
86.72
87.33
87.94
88.55
89.16
89.77
90.38
90.99
91.6
92.21
92.83
93.43
94.04
94.64
95.25
95.86
96.48
97.09
97.7
98.31
98.92
99.53
100.14
100.74
101.36
101.96
102.58
103.2
103.81
104.41
105.03
105.64
106.25
106.86
107.47
108.08
108.69
109.3
109.91
110.53
111.14
111.75
112.36
112.96
113.57
114.18
114.79
115.4
116.01
116.62
117.23
117.84
118.45
119.06
119.67
120.28
120.9
121.51
122.13
122.73
123.34
123.96
124.56
125.17
125.78
126.39
127.0
127.62
128.22
128.83
129.45
130.05
130.66
131.27
131.89
132.49
133.11
133.72
134.33
134.94
135.54
136.15
136.76
137.37
137.99
138.6
139.21
139.83
140.43
141.04
141.66
142.27
142.88
143.49
144.1
144.71
145.32
145.93
146.54
147.15
147.76
148.37
148.98
149.59
150.2
150.81
151.43
152.03
152.64
153.25
153.86
154.47
155.08
155.69
156.3
156.91
157.52
158.13
158.74
159.36
159.97
160.58
161.19
161.8
162.41
163.02
163.63
164.23
164.84
165.45
166.06
166.68
167.29
167.9
168.51
169.12
169.73
170.34
170.95
171.56
172.17
172.78
173.39
174.01
174.61
175.23
175.83
176.44
177.05
177.67
178.28
178.88
179.49
180.1
180.71
181.33
181.94
182.54
183.16
183.76
184.37
184.98
185.6
186.21
186.82
187.43
188.04
188.65
189.26
189.87
190.49
191.09
191.7
192.32
192.93
193.54
194.14
194.76
195.37
195.98
196.59
197.19
197.8
198.41
199.02
199.63
200.25
200.86
201.47
202.08
202.69
203.3
203.91
204.52
205.13
205.73
206.35
206.96
207.57
208.18
208.79
209.41
210.02
210.63
211.23
211.85
212.46
213.07
213.68
214.28
214.9
215.51
216.12
216.73
217.34
217.94
218.56
219.17
219.79
220.39
221.0
221.61
222.22
222.83
223.44
224.06
224.67
225.28
225.88
226.49
227.11
227.72
228.33
228.94
229.55
230.15
230.77
231.37
231.99
232.6
233.21
233.82
234.43
235.04
235.65
236.25
236.87
237.47
238.09
238.7
239.32
239.93
240.54
241.15
241.76
242.37
242.97
243.59
244.2
244.8
245.41
246.03
246.64
247.25
247.86
248.47
249.1
249.71
250.32
250.93
251.55
252.16
252.77
253.38
253.99
254.6
255.2
255.79
256.39
256.99
257.6
258.2
258.86
259.47
260.07
260.66
