0.14
0.47
0.84
1.2
1.55
1.93
2.31
2.7
3.06
3.43
3.77
4.05
4.39
4.76
5.13
5.51
5.89
6.27
6.64
7.02
7.4
7.77
8.15
8.53
8.91
9.28
9.66
10.04
10.42
10.79
11.17
11.55
11.93
12.3
12.68
13.06
13.43
13.81
14.19
14.57
14.94
15.32
15.7
16.08
16.45
16.83
17.21
17.59
17.96
18.33
18.71
19.09
19.47
19.85
20.23
20.61
20.98
21.36
21.74
22.12
22.49
22.87
23.25
23.62
24.0
24.38
24.76
25.14
25.51
25.89
26.26
26.64
27.02
27.4
27.77
28.15
28.53
28.91
29.28
29.66
30.04
30.42
30.79
31.17
31.55
31.93
32.3
32.68
33.06
33.44
33.81
34.19
34.57
34.95
35.32
35.7
36.08
36.46
36.83
37.21
37.59
37.96
38.34
38.72
39.1
39.47
39.85
40.23
40.61
40.98
41.36
41.74
42.12
42.49
42.87
43.25
43.62
44.0
44.38
44.76
45.13
45.51
45.89
46.27
46.64
47.02
47.4
47.78
48.15
48.53
48.91
49.28
49.66
50.04
50.42
50.79
51.17
51.55
51.93
52.3
52.68
53.06
53.44
53.81
54.19
54.57
54.94
55.32
55.7
56.08
56.46
56.83
57.21
57.59
57.96
58.34
58.72
59.09
59.47
59.85
60.23
60.61
60.98
61.36
61.74
62.12
62.49
62.87
63.25
63.62
64.0
64.38
64.76
65.13
65.51
65.89
66.26
66.64
67.02
67.4
67.77
68.15
68.53
68.91
69.29
69.66
70.04
70.42
70.8
71.17
71.55
71.93
72.3
72.68
73.06
73.44
73.81
74.19
74.57
74.94
75.32
75.7
76.08
76.46
76.83
77.21
77.59
77.97
78.34
78.72
79.09
79.47
79.85
80.23
80.61
80.98
81.36
81.74
82.11
82.49
82.88
83.25
83.56
83.85
84.2
84.56
84.9
85.25
85.65
86.05
86.41
86.77
87.13
87.49
87.86
88.25
88.62
89.0
89.38
89.76
90.13
90.51
90.89
91.27
91.65
92.02
92.4
92.78
93.15
93.53
93.91
94.29
94.67
95.04
95.42
95.8
96.17
96.55
96.93
97.31
97.68
98.06
98.44
98.81
99.19
99.57
99.95
100.32
100.7
101.08
101.46
101.83
102.21
102.59
102.96
103.34
103.72
104.1
104.48
104.85
105.23
105.61
105.98
106.36
106.74
107.12
107.49
107.87
108.25
108.63
109.0
109.38
109.76
110.14
110.51
110.89
111.27
111.65
112.02
112.4
112.77
113.15
113.53
113.91
114.28
114.66
115.04
115.42
115.79
116.17
116.55
116.92
117.26
117.54
117.88
118.25
118.63
119.0
119.38
119.76
120.14
120.51
120.89
121.27
121.64
122.02
122.4
122.78
123.15
123.53
123.91
124.28
124.66
125.03
125.4
125.79
126.17
126.55
126.93
127.31
127.69
128.06
128.44
128.82
129.19
129.57
129.94
130.32
130.69
131.03
131.31
131.65
132.02
132.4
132.78
133.15
133.53
133.91
134.28
134.66
135.04
135.42
135.79
136.17
136.55
136.93
137.3
137.68
138.06
138.44
138.81
139.19
139.57
139.95
140.32
140.7
141.08
141.46
141.83
142.21
142.59
142.97
143.34
143.72
144.1
144.47
144.85
145.23
145.61
145.98
146.36
146.74
147.12
147.49
147.87
148.25
148.63
149.0
149.38
149.76
150.13
150.51
150.89
151.27
151.64
152.02
152.4
152.78
153.16
153.53
153.91
154.29
154.66
155.04
155.42
155.79
156.17
156.55
156.93
157.3
157.68
158.06
158.44
158.82
159.19
159.57
159.95
160.32
160.7
161.08
161.46
161.83
162.21
162.59
162.97
163.34
163.72
164.1
164.48
164.85
165.23
165.61
165.98
166.36
166.74
167.12
167.49
167.87
168.25
168.63
169.0
169.38
169.76
170.13
170.51
170.89
171.27
171.62
171.95
172.24
172.59
172.94
173.27
173.63
173.99
174.37
174.75
175.13
175.51
175.89
176.26
176.64
177.02
177.4
177.78
178.15
178.53
178.91
179.29
179.66
180.04
180.42
180.79
181.17
181.55
181.92
182.3
182.68
183.06
183.43
183.81
184.19
184.57
184.94
185.32
185.7
186.07
186.45
186.82
187.18
187.51
187.83
188.17
188.54
188.9
189.25
189.59
189.93
190.28
190.62
190.96
191.29
191.62
191.93
192.25
192.59
192.97
193.36
193.74
194.12
