0.01
0.28
0.55
0.82
1.08
1.35
1.62
1.91
2.2
2.5
2.8
3.1
3.41
3.7
3.96
4.17
4.39
4.66
4.95
5.25
5.56
5.87
6.17
6.47
6.77
7.08
7.38
7.69
8.0
8.3
8.61
8.92
9.23
9.53
9.83
10.14
10.45
10.75
11.06
11.37
11.68
11.99
12.29
12.59
12.9
13.2
13.51
13.82
14.12
14.43
14.73
15.04
15.35
15.66
15.96
16.27
16.57
16.87
17.18
17.49
17.8
18.1
18.41
18.71
19.01
19.31
19.62
19.93
20.24
20.55
20.86
21.16
21.47
21.77
22.07
22.38
22.69
23.0
23.31
23.61
23.91
24.21
24.52
24.82
25.13
25.45
25.76
26.06
26.36
26.66
26.97
27.28
27.59
27.89
28.2
28.51
28.82
29.12
29.42
29.73
30.03
30.34
30.65
30.96
31.26
31.56
31.87
32.18
32.49
32.79
33.1
33.41
33.72
34.02
34.32
34.63
34.93
35.23
35.54
35.85
36.16
36.46
36.77
37.08
37.38
37.68
37.99
38.3
38.61
38.91
39.22
39.53
39.83
40.13
40.44
40.75
41.06
41.36
41.67
41.98
42.28
42.59
42.9
43.21
43.51
43.81
44.11
44.42
44.72
45.03
45.34
45.65
45.96
46.26
46.56
46.87
47.17
47.48
47.79
48.1
48.4
48.71
49.01
49.32
49.63
49.93
50.23
50.54
50.85
51.16
51.47
51.78
52.08
52.38
52.69
53.0
53.31
53.61
53.91
54.22
54.52
54.83
55.14
55.45
55.75
56.05
56.36
56.67
56.97
57.28
57.59
57.9
58.2
58.5
58.81
59.12
59.42
59.72
60.03
60.34
60.65
60.95
61.26
61.57
61.87
62.18
62.49
62.8
63.1
63.4
63.71
64.02
64.32
64.62
64.93
65.24
65.55
65.85
66.15
66.46
66.77
67.07
67.38
67.69
68.0
68.3
68.61
68.92
69.22
69.52
69.83
70.14
70.45
70.75
71.06
71.37
71.67
71.97
72.28
72.59
72.89
73.2
73.5
73.8
74.11
74.42
74.73
75.04
75.34
75.65
75.95
76.25
76.56
76.87
77.18
77.49
77.79
78.09
78.4
78.71
79.01
79.32
79.63
79.94
80.24
80.54
80.85
81.16
81.47
81.77
82.08
82.39
82.7
83.0
83.3
83.61
83.91
84.22
84.52
84.83
85.14
85.44
85.75
86.06
86.36
86.67
86.98
87.29
87.59
87.89
88.2
88.5
88.81
89.11
89.42
89.73
90.04
90.34
90.65
90.96
91.27
91.57
91.88
92.19
92.5
92.8
93.1
93.41
93.71
94.01
94.32
94.63
94.94
95.24
95.55
95.86
96.17
96.47
96.78
97.08
97.38
97.68
97.99
98.3
98.61
98.92
99.23
99.54
99.85
100.15
100.45
100.76
101.06
101.36
101.67
101.98
102.29
102.59
102.89
103.2
103.51
103.81
104.12
104.43
104.74
105.04
105.34
105.65
105.95
106.26
106.57
106.88
107.18
107.48
107.79
108.1
108.4
108.71
109.02
109.33
109.63
109.94
110.25
110.56
110.86
111.16
111.47
111.78
112.09
112.39
112.69
113.0
113.3
113.61
113.92
114.23
114.53
114.83
115.14
115.45
115.75
116.06
116.37
116.68
116.98
117.28
117.59
117.9
118.2
118.51
118.82
119.13
119.43
119.73
120.04
120.35
120.66
120.96
121.27
121.58
121.89
122.19
122.49
122.8
123.1
123.4
123.71
124.02
124.33
124.63
124.94
125.24
125.55
125.85
126.16
126.47
126.78
127.08
127.39
127.69
128.0
128.3
128.61
128.92
129.23
129.53
129.84
130.15
130.46
130.76
131.07
131.38
131.69
131.99
132.29
132.6
132.9
133.2
133.51
133.82
134.13
134.43
134.74
135.05
135.36
135.66
135.97
136.27
136.57
136.87
137.18
137.49
137.8
138.11
138.42
138.73
139.03
139.33
139.64
139.95
140.25
140.55
140.86
141.17
141.48
141.78
142.08
142.39
142.69
143.0
143.31
143.62
143.92
144.22
144.53
144.84
145.14
145.45
145.76
146.07
146.37
146.67
146.98
147.29
147.59
147.89
148.2
148.51
148.82
149.12
149.43
149.74
150.05
150.36
150.67
150.97
151.28
151.58
151.88
152.19
152.5
152.8
153.11
153.42
153.72
154.03
154.33
154.64
154.94
155.25
155.55
155.86
156.16
156.46
156.72
156.93
157.14
157.41
157.7
158.0
158.3
158.6
158.88
159.13
159.38
159.66
159.94
160.22
160.49
160.76
161.02
161.29
161.55
161.81
162.07
162.33
162.59
162.85
163.11
163.38
163.65
163.92
164.19
164.46
164.73
165.0
165.27
165.53
165.79
166.05
166.31
166.57
166.83
167.09
167.35
167.62
167.89
168.16
168.43
168.7
168.97
169.24
169.51
169.77
170.03
170.29
170.55
170.81
171.07
171.33
171.59
171.85
172.11
172.37
172.63
