0.48
0.98
1.46
1.95
2.44
2.93
3.41
3.89
4.37
4.86
5.35
5.83
6.31
6.8
7.29
7.77
8.25
8.73
9.22
9.7
10.18
10.67
11.15
11.64
12.12
12.61
13.09
13.57
14.06
14.54
15.03
15.51
16.0
16.48
16.97
17.45
17.93
18.42
18.9
19.39
19.87
20.36
20.84
21.32
21.81
22.29
22.78
23.26
23.75
24.23
24.72
25.2
25.68
26.17
26.65
27.14
27.62
28.1
28.59
29.07
29.56
30.04
30.53
31.01
31.49
31.98
32.46
32.95
33.43
33.92
34.4
34.89
35.37
35.85
36.34
36.82
37.31
37.79
38.28
38.76
39.24
39.73
40.22
40.7
41.18
41.67
42.15
42.64
43.12
43.61
44.09
44.57
45.06
45.54
46.03
46.51
47.0
47.48
47.97
48.46
48.94
49.42
49.9
50.39
50.87
51.36
51.84
52.32
52.81
53.29
53.78
54.26
54.75
55.23
55.72
56.2
56.68
57.17
57.65
58.14
58.62
59.11
59.59
60.07
60.56
61.05
61.53
62.01
62.5
62.99
63.47
63.95
64.43
64.92
65.4
65.89
66.37
66.86
67.34
67.83
68.31
68.79
69.28
69.76
70.25
70.74
71.22
71.7
72.19
72.67
73.15
73.64
74.12
74.61
75.09
75.58
76.06
76.54
77.03
77.51
78.0
78.49
78.97
79.45
79.94
80.42
80.9
81.39
81.87
82.36
82.84
83.33
83.81
84.29
84.78
85.26
85.75
86.24
86.72
87.2
87.69
88.17
88.65
89.14
89.62
90.11
90.59
91.08
91.56
92.05
92.53
93.01
93.5
93.98
94.47
94.95
95.44
95.92
96.4
96.89
97.37
97.86
98.34
98.83
99.31
99.79
100.28
100.76
101.24
101.73
102.22
102.7
103.19
103.67
104.16
104.64
105.13
105.61
106.09
106.58
107.06
107.54
108.03
108.52
109.0
109.48
109.97
110.45
110.94
111.42
111.9
112.39
112.88
113.36
113.84
114.33
114.81
115.3
115.78
116.27
116.75
117.23
117.72
118.2
118.69
119.17
119.65
120.14
120.63
121.11
121.59
122.08
122.56
123.05
123.53
124.01
124.5
124.99
125.47
125.95
126.44
126.92
127.41
127.89
128.38
128.86
129.34
129.83
130.31
130.8
131.28
131.76
132.25
132.74
133.22
133.71
134.19
134.67
135.16
135.64
136.13
136.61
137.09
137.58
138.06
138.55
139.03
139.52
140.0
140.48
140.97
141.46
141.94
142.43
142.91
143.4
143.88
144.36
144.85
145.33
145.81
146.3
146.78
147.27
147.75
148.23
148.69
149.09
149.48
149.93
150.4
150.88
