0.05
0.32
0.59
0.86
1.14
1.41
1.67
1.94
2.22
2.49
2.76
3.03
3.31
3.58
3.85
4.12
4.39
4.67
4.94
5.22
5.49
5.76
6.02
6.29
6.56
6.83
7.1
7.37
7.64
7.91
8.18
8.45
8.72
9.0
9.27
9.54
9.81
10.08
10.35
10.61
10.88
11.14
11.41
11.68
11.95
12.22
12.49
12.76
13.03
13.3
13.57
13.84
14.1
14.37
14.64
14.91
15.17
15.44
15.71
15.98
16.24
16.5
16.76
17.02
17.28
17.55
17.82
18.09
18.36
18.62
18.88
19.15
19.42
19.69
19.97
20.25
20.52
20.79
21.05
21.31
21.58
21.86
22.13
22.41
22.68
22.95
23.22
23.48
23.75
24.02
24.28
24.54
24.81
25.07
25.33
25.6
25.87
26.13
26.4
26.67
26.93
27.2
27.47
27.73
28.0
28.27
28.53
28.8
29.07
29.34
29.6
29.86
30.13
30.4
30.67
30.93
31.2
31.47
31.73
31.99
32.25
32.51
32.77
33.03
33.29
33.55
33.81
34.07
34.33
34.58
34.84
35.1
35.36
35.61
35.87
36.13
36.39
36.65
36.91
37.17
37.43
37.68
37.94
38.2
38.46
38.72
38.98
39.24
39.49
39.74
39.99
40.25
40.51
40.77
41.03
41.28
41.53
41.78
42.04
42.31
42.57
42.83
43.09
43.35
43.61
43.86
44.12
44.38
44.64
44.9
45.16
45.42
45.68
45.93
46.19
46.45
46.71
46.97
47.22
47.48
47.74
48.0
48.25
48.51
48.76
49.02
49.27
49.53
49.79
50.05
50.3
50.56
50.82
51.08
51.35
51.61
51.87
52.12
52.38
52.64
52.9
53.16
53.42
53.68
53.94
54.2
54.45
54.71
54.97
55.24
55.5
55.76
56.02
56.27
56.53
56.79
57.05
57.31
57.57
57.83
58.08
58.33
58.59
58.85
59.11
59.38
59.65
59.91
60.16
60.41
60.66
60.92
61.18
61.44
61.69
61.95
62.21
62.46
62.72
62.98
63.24
63.5
63.76
64.03
64.3
64.56
64.82
65.09
65.35
65.61
65.87
66.14
66.41
66.67
66.94
67.2
67.46
67.73
68.0
68.27
68.54
68.82
69.09
69.35
69.61
69.87
70.13
70.4
70.67
70.93
71.19
71.45
71.71
71.97
72.24
72.51
72.78
73.05
73.32
73.58
73.85
74.12
74.38
74.65
74.92
75.18
75.45
75.71
75.96
76.22
76.48
76.74
77.01
77.29
77.56
77.83
78.09
78.35
78.61
78.87
79.13
79.39
79.65
79.92
80.2
80.48
80.75
81.02
81.28
81.54
81.81
82.08
82.35
82.61
82.87
83.14
83.4
83.66
83.91
84.16
84.41
84.66
84.92
85.17
85.43
85.69
85.94
86.2
86.46
86.72
86.98
87.23
87.49
87.75
88.0
88.25
88.51
88.77
89.03
89.28
89.54
89.79
90.04
90.3
90.56
90.82
91.08
91.33
91.59
91.84
92.09
92.35
92.61
92.87
93.13
93.39
93.64
93.89
94.15
94.41
94.66
94.92
95.18
95.44
95.69
95.94
96.19
96.45
96.71
96.98
97.24
97.5
97.76
98.02
98.27
98.53
98.79
99.05
99.31
99.57
99.83
100.09
100.34
100.6
100.86
101.13
101.39
101.65
101.92
102.19
102.46
102.73
102.99
103.25
103.52
103.8
104.07
104.34
104.61
104.87
105.14
105.4
105.66
105.93
106.2
106.47
106.74
107.01
107.27
107.53
107.8
108.06
108.33
108.6
108.86
109.12
109.38
109.63
109.89
110.15
110.41
110.67
110.93
111.19
111.44
111.69
111.95
112.21
112.47
112.73
112.99
113.25
113.51
113.76
114.01
114.26
114.52
114.78
115.05
115.32
115.58
115.84
116.09
116.34
116.59
116.84
117.09
117.34
117.59
117.84
118.09
118.34
118.6
118.86
119.12
119.38
119.64
119.89
120.14
120.39
120.65
120.91
121.16
121.42
121.67
121.92
122.17
122.42
122.68
122.94
123.2
123.46
123.71
123.97
124.22
124.47
124.72
124.97
125.22
125.48
125.74
125.99
126.24
126.49
126.74
127.0
127.25
127.5
127.75
128.0
128.25
128.5
128.76
129.02
129.28
129.54
129.8
130.06
130.31
130.56
130.81
131.06
131.31
131.56
131.82
132.07
132.31
132.56
132.8
133.05
133.3
133.55
133.81
134.06
134.32
134.58
134.85
135.11
135.37
135.63
135.88
136.13
136.38
136.63
136.88
137.13
137.38
137.62
137.86
138.11
138.36
138.61
138.86
139.12
139.38
139.64
139.89
140.14
140.38
140.63
140.87
141.12
141.37
141.61
141.85
142.1
142.35
142.6
142.86
143.12
143.38
143.63
143.88
144.13
144.38
144.63
144.88
145.13
145.38
145.62
145.86
146.1
146.34
146.59
146.85
147.1
147.35
147.6
147.85
148.1
148.34
148.59
148.84
149.08
149.32
149.56
149.8
150.04
150.29
150.54
150.79
151.04
151.3
151.55
151.8
152.05
152.3
152.54
152.79
153.04
153.28
153.53
153.79
154.04
154.29
154.54
154.79
155.04
155.3
155.56
155.82
156.07
156.32
156.57
156.81
157.06
157.3
157.55
157.8
158.04
158.3
158.55
158.8
159.05
159.3
159.55
159.8
160.05
160.3
160.54
160.79
161.04
161.28
161.52
161.76
162.01
162.26
162.51
162.76
163.01
163.27
163.52
163.78
164.03
164.28
164.53
164.77
165.02
165.27
165.51
165.76
166.01
166.25
166.5
166.74
166.99
167.24
167.49
167.74
168.0
168.25
168.5
168.75
169.02
169.28
169.54
169.79
170.04
170.28
170.53
170.78
171.03
171.29
171.55
171.8
172.05
172.3
172.54
172.79
173.05
173.3
173.55
173.79
174.03
174.27
174.52
174.77
175.02
175.27
175.53
175.79
176.04
176.29
176.54
176.79
177.05
177.3
177.55
177.8
178.05
178.3
178.54
178.79
179.04
179.29
179.55
179.8
180.05
180.3
180.55
180.8
181.05
181.3
181.54
181.79
182.03
182.27
182.51
182.76
183.01
183.26
183.51
183.75
184.0
184.25
184.5
184.75
185.0
185.25
185.5
185.75
186.0
186.24
186.48
186.73
186.98
187.22
187.47
187.72
187.97
188.21
188.45
188.7
188.96
189.22
189.47
189.72
189.97
190.21
190.46
190.71
190.96
191.21
191.45
191.7
191.94
192.18
192.43
192.68
192.94
193.2
193.45
193.7
193.95
194.19
194.43
194.67
194.91
195.16
195.4
195.65
195.9
196.16
196.48
196.77
197.03
197.3
197.56
197.82
198.09
198.36
198.64
198.91
199.17
199.44
199.71
199.97
200.24
200.51
200.78
201.07
201.35
201.64
201.96
202.26
202.55
202.8
203.05
203.33
203.61
203.87
