0.04
0.73
1.42
2.12
2.8
3.49
4.18
4.87
5.57
6.28
6.98
7.64
8.31
9.0
9.68
10.36
11.05
11.75
12.44
13.13
13.81
14.51
15.19
15.88
16.57
17.27
17.95
18.63
19.32
20.01
20.69
21.38
22.08
22.78
23.46
24.15
24.84
25.53
26.21
26.89
27.58
28.28
28.97
29.66
30.34
31.04
31.72
32.4
33.09
33.79
34.48
35.17
35.85
36.55
37.24
37.92
38.6
39.31
39.99
40.68
41.38
42.06
42.74
43.41
44.11
44.81
45.5
46.18
46.86
47.55
48.24
48.93
49.63
50.32
51.0
51.7
52.39
53.09
53.78
54.47
55.14
55.84
56.53
57.22
57.9
58.59
59.27
59.96
60.64
61.35
62.05
62.74
63.43
64.12
64.81
65.49
66.17
66.86
67.55
68.24
68.92
69.61
70.29
70.97
71.65
72.35
73.05
73.74
74.42
75.11
75.79
76.48
77.17
77.87
78.58
79.27
79.95
80.64
81.33
82.02
82.7
83.39
84.09
84.77
85.46
86.16
86.87
87.56
88.26
88.96
89.63
90.31
90.99
91.66
92.34
93.03
93.73
94.43
95.13
95.83
96.51
97.2
97.88
98.56
99.24
99.93
100.62
101.31
101.99
102.68
103.37
104.07
104.77
105.46
106.16
106.84
107.52
108.21
108.89
109.58
110.28
110.98
111.67
112.36
113.04
113.73
114.42
115.12
115.81
116.51
117.2
117.9
118.58
119.25
119.94
120.63
121.32
122.01
122.7
123.4
124.09
124.78
125.46
126.16
126.85
127.54
128.22
128.91
129.6
130.28
130.96
131.66
132.35
133.05
133.74
134.43
135.12
135.81
136.5
137.2
137.88
138.56
139.24
139.93
140.61
141.31
142.0
142.69
143.39
144.08
144.76
145.45
146.12
146.81
147.5
148.19
148.89
149.58
150.27
150.97
151.65
152.33
153.01
153.7
154.39
155.08
155.77
156.47
157.17
157.88
158.58
159.27
159.95
160.64
161.32
162.01
162.68
163.37
164.05
164.74
165.44
166.13
166.81
167.5
168.19
168.87
169.55
170.25
170.95
171.65
172.34
173.03
173.72
174.41
175.1
175.79
176.48
177.16
177.83
178.51
179.19
179.89
180.57
181.27
181.96
182.66
183.34
184.04
184.72
185.41
186.09
186.79
187.48
188.17
188.85
189.55
190.24
190.92
191.61
192.31
193.0
193.7
194.38
195.07
195.75
196.44
197.13
197.82
198.51
199.2
199.87
200.57
201.26
201.96
202.66
203.36
204.05
204.74
205.42
206.1
206.77
207.45
208.13
208.83
209.52
210.22
210.91
211.59
212.28
212.96
213.65
214.35
215.04
215.74
216.43
217.12
217.8
218.49
219.17
219.87
220.56
221.25
221.94
222.63
223.31
224.0
224.68
225.37
226.07
226.76
227.45
228.14
228.83
229.52
230.21
230.9
231.6
232.3
233.0
233.69
234.38
235.07
235.76
236.45
237.14
237.83
238.52
239.2
239.88
240.56
241.24
241.93
242.62
243.31
244.0
244.69
245.38
246.06
246.74
247.43
248.12
248.81
249.49
250.16
250.83
251.52
252.2
252.86
253.53
254.18
254.8
255.44
256.08
256.75
257.37
258.02
258.64
259.27
259.9
260.54
261.18
261.86
262.54
263.26
263.94
264.62
265.31
266.0
