0.05
0.54
1.03
1.53
2.03
2.52
3.02
3.52
4.01
4.51
5.0
5.5
5.99
6.49
6.98
7.48
7.98
8.47
8.96
9.44
9.92
10.4
10.87
11.35
11.83
12.32
12.8
13.28
13.75
14.23
14.7
15.18
15.66
16.15
16.63
17.11
17.58
18.05
18.51
18.97
19.44
19.92
20.4
20.88
21.35
21.83
22.31
22.79
23.26
23.73
24.21
24.68
25.15
25.62
26.1
26.57
27.04
27.51
27.98
28.45
28.92
29.39
29.86
30.33
30.8
31.27
31.74
32.21
32.68
33.14
33.6
34.06
34.54
35.02
35.5
35.98
36.45
36.93
37.41
37.9
38.38
38.86
39.34
39.81
40.29
40.77
41.25
41.73
42.21
42.69
43.17
43.64
44.12
44.59
45.06
45.53
46.0
46.47
46.94
47.4
47.87
48.33
48.78
49.24
49.7
50.18
50.65
51.12
51.59
52.05
52.52
52.99
53.47
53.95
54.43
54.9
55.38
55.85
56.32
56.79
57.27
57.74
58.22
58.69
59.17
59.64
60.11
60.58
61.06
61.53
62.0
62.48
62.95
63.42
63.89
64.36
64.83
65.3
65.77
66.24
66.71
67.18
67.65
68.12
68.59
69.06
69.54
70.01
70.49
70.96
71.43
71.9
72.38
72.86
73.33
73.8
74.27
74.74
75.21
75.69
76.17
76.64
77.11
77.58
78.06
78.53
78.99
79.46
79.93
80.4
80.87
81.34
81.81
82.27
82.74
83.2
83.67
84.15
84.63
85.11
85.58
86.06
86.54
87.01
87.49
87.97
88.44
88.92
89.39
89.87
90.35
90.83
91.3
91.78
92.25
92.72
93.2
93.68
94.15
94.62
95.09
95.57
96.04
96.5
96.98
97.45
97.91
98.37
98.84
99.32
99.8
100.28
100.77
101.25
101.72
102.2
102.68
103.16
103.64
104.11
104.59
105.07
105.55
106.03
106.51
106.99
107.47
107.94
108.42
108.9
109.37
109.84
110.31
110.79
111.26
111.73
112.2
112.66
113.12
113.58
114.04
114.51
114.98
115.45
115.91
116.37
116.84
117.31
117.78
118.26
118.73
119.21
119.68
120.15
120.63
121.1
121.59
122.07
122.54
123.02
123.5
123.97
124.44
124.91
125.39
125.86
126.34
126.81
127.29
127.76
128.23
128.7
129.17
129.65
130.13
130.6
131.07
131.54
132.01
132.48
132.95
133.43
133.91
134.38
134.85
135.32
135.79
136.27
136.75
137.23
137.71
138.18
138.66
139.13
139.61
140.08
140.55
141.03
141.51
141.98
142.46
142.93
143.4
143.87
144.34
144.81
145.28
145.75
146.23
146.7
147.17
147.63
148.08
148.52
148.95
149.37
149.77
150.17
150.55
150.93
151.31
151.7
