0.01
0.37
0.72
1.07
1.44
1.86
2.32
2.78
3.25
3.7
4.17
4.61
5.06
5.52
5.97
6.42
6.88
7.33
7.78
8.24
8.69
9.15
9.6
10.05
10.51
10.96
11.42
11.87
12.33
12.78
13.24
13.69
14.15
14.6
15.05
15.51
15.96
16.42
16.87
17.33
17.78
18.24
18.69
19.15
19.6
20.06
20.51
20.97
21.42
21.88
22.33
22.78
23.24
23.69
24.15
24.6
25.05
25.51
25.96
26.42
26.87
27.33
27.78
28.24
28.69
29.15
29.6
30.06
30.51
30.96
31.42
31.87
32.32
32.77
33.23
33.68
34.14
34.6
35.05
35.51
35.96
36.42
36.88
37.34
37.79
38.24
38.7
39.15
39.61
40.07
40.52
40.98
41.43
41.89
42.34
42.79
43.25
43.7
44.16
44.61
45.07
45.52
45.97
46.42
46.88
47.34
47.8
48.25
48.71
49.16
49.61
50.06
50.51
50.97
51.43
51.88
52.33
52.79
53.24
53.7
54.15
54.61
55.06
55.51
55.97
56.42
56.87
57.33
57.79
58.24
58.7
59.15
59.6
60.06
60.51
60.97
61.42
61.88
62.33
62.79
63.24
63.69
64.15
64.6
65.06
65.51
65.97
66.42
66.88
67.33
67.78
68.24
68.69
69.15
69.6
70.06
70.51
70.97
71.42
71.88
72.33
72.79
73.24
73.69
74.15
74.6
75.06
75.51
75.97
76.42
76.88
77.33
77.79
78.24
78.69
79.15
79.6
80.06
80.51
80.96
81.42
81.87
82.33
82.79
83.24
83.7
84.15
84.6
85.05
85.51
85.96
86.42
86.88
87.33
87.78
88.24
88.69
89.15
89.6
90.06
90.51
90.96
91.41
91.87
92.32
92.78
93.23
93.69
94.15
94.6
95.06
95.51
95.97
96.42
96.88
97.33
97.79
98.24
98.69
99.15
99.6
100.06
100.51
100.97
101.42
101.88
102.33
102.79
103.24
103.7
104.15
104.6
105.06
105.51
105.97
106.42
106.88
107.33
107.79
108.24
108.69
109.15
109.6
110.06
110.51
110.97
111.42
111.87
112.33
112.79
113.24
113.7
114.15
114.61
115.06
115.51
115.97
116.42
116.88
117.33
117.79
118.24
118.69
119.15
119.6
120.06
120.51
120.96
121.41
121.86
122.32
122.77
123.23
123.64
124.01
124.36
124.71
125.09
125.53
125.99
126.44
126.88
127.29
127.65
128.0
128.35
128.72
129.15
129.61
130.06
130.52
130.96
131.42
131.86
132.33
132.8
133.26
133.71
134.16
134.61
135.08
135.52
135.97
136.42
136.88
137.33
137.78
138.24
138.7
139.15
139.61
140.06
140.51
140.97
141.42
141.88
142.33
142.79
143.24
143.7
144.15
144.6
145.06
145.52
145.97
146.42
146.88
147.33
147.78
148.24
148.7
149.15
149.61
150.06
150.51
150.96
151.4
151.84
152.27
152.71
153.16
153.6
154.04
