0.37
0.74
1.17
1.55
1.96
2.35
2.73
3.1
3.48
3.85
4.23
4.6
4.98
5.35
5.73
6.11
6.48
6.85
7.23
7.6
7.98
8.35
8.72
9.09
9.47
9.84
10.22
10.59
10.96
11.33
11.71
12.09
12.46
12.84
13.21
13.58
13.96
14.33
14.71
15.09
15.46
15.84
16.21
16.58
16.96
17.33
17.71
18.09
18.46
18.84
19.21
19.58
19.96
20.33
20.71
21.09
21.47
21.84
22.21
22.58
22.96
23.33
23.71
24.09
24.46
24.84
25.21
25.58
25.96
26.34
26.71
27.09
27.46
27.84
28.21
28.59
28.96
29.33
29.71
30.09
30.46
30.84
31.21
31.59
31.96
32.34
32.71
33.09
33.46
33.84
34.21
34.59
34.96
35.33
35.71
36.09
36.46
36.84
37.21
37.59
37.96
38.34
38.71
39.09
39.46
39.84
40.21
40.59
40.96
41.33
41.71
42.09
42.46
42.83
43.2
43.56
43.93
44.31
44.69
45.08
45.46
45.83
46.21
46.58
46.96
47.33
47.71
48.09
48.46
48.83
49.21
49.58
49.96
50.33
50.71
51.08
51.46
51.83
52.21
52.58
52.96
53.33
53.71
54.09
54.46
54.83
55.21
55.58
55.96
56.33
56.71
57.08
57.46
57.84
58.21
58.58
58.96
59.33
59.71
60.08
60.46
60.83
61.21
61.58
61.96
62.33
62.71
63.09
63.46
63.84
64.21
64.59
64.96
65.33
65.71
66.09
66.46
66.84
67.21
67.58
67.96
68.33
68.71
69.09
69.46
69.83
70.21
70.59
70.96
71.33
71.71
72.09
72.46
72.83
73.21
73.58
73.96
74.33
74.71
75.09
75.46
75.84
76.21
76.58
76.96
77.34
77.72
78.1
78.48
78.86
79.24
79.62
79.99
80.36
80.73
81.09
81.46
81.84
82.21
82.58
82.96
83.33
83.71
84.09
84.46
84.84
85.21
85.58
85.96
86.33
86.71
87.09
87.46
87.84
88.21
88.58
88.96
89.33
89.71
90.09
90.46
90.84
91.21
91.58
91.96
92.33
92.71
93.09
93.47
93.84
94.21
94.58
94.96
95.33
95.71
96.09
96.46
96.84
97.21
97.59
97.96
98.34
98.71
99.09
99.46
99.84
100.21
100.59
100.96
101.33
101.71
102.09
102.46
102.84
103.21
103.59
103.96
104.34
104.71
105.09
105.46
105.84
106.21
106.59
106.96
107.33
107.71
108.09
108.46
108.84
109.21
109.58
109.96
110.34
110.71
111.09
111.46
111.84
112.21
112.59
112.96
113.34
113.71
114.09
114.46
114.83
115.2
115.57
115.94
116.32
116.7
117.08
117.46
117.83
118.21
118.58
118.96
119.33
119.71
120.09
120.46
120.83
121.21
121.58
121.96
122.34
122.71
123.09
123.46
123.83
124.21
124.59
124.96
125.33
125.71
126.09
126.46
126.83
127.21
127.58
127.96
128.33
128.71
129.09
129.46
129.83
130.21
130.58
130.96
131.33
131.71
132.09
132.46
132.83
133.21
133.58
133.96
134.33
134.71
135.09
135.46
135.84
136.21
136.59
136.96
137.33
137.71
138.09
138.46
138.83
139.21
139.58
139.96
140.33
140.71
141.09
141.46
141.84
142.21
142.59
142.96
143.33
143.71
144.09
144.46
144.84
145.21
145.58
145.96
146.34
146.71
147.09
147.46
147.84
148.21
148.59
148.96
149.34
149.72
150.1
150.48
150.86
151.24
151.61
151.98
152.35
152.72
153.09
153.46
153.84
154.21
154.58
154.96
155.33
155.71
156.09
156.46
156.84
157.21
157.58
157.96
158.34
158.71
159.09
159.46
159.84
160.21
160.58
160.96
161.33
161.71
162.09
162.46
162.84
163.21
163.59
163.96
164.33
164.71
165.09
165.46
165.84
166.21
166.58
166.96
167.33
167.71
168.09
168.46
168.84
169.21
169.59
169.96
170.34
170.71
171.09
171.46
171.84
172.21
172.58
172.96
173.33
173.71
174.09
174.46
174.84
175.21
175.59
175.96
176.34
176.71
177.09
177.46
177.84
178.21
178.59
178.96
179.33
179.71
180.09
180.46
180.84
181.21
181.59
181.96
182.34
182.71
183.09
183.46
183.84
184.21
184.59
184.96
185.34
185.71
186.09
186.46
186.82
187.19
187.56
187.93
188.31
188.69
189.08
189.46
189.84
190.21
190.58
190.96
191.33
191.71
192.09
192.46
192.84
193.21
193.58
193.96
194.34
194.71
195.09
195.46
195.84
196.21
196.59
196.96
197.33
197.71
198.09
198.47
198.86
199.27
199.68
200.03
200.38
200.75
201.11
201.48
201.86
202.24
202.62
202.99
203.36
203.73
204.1
204.47
204.84
205.22
205.6
205.97
206.34
206.7
207.06
207.42
207.79
208.16
208.53
208.91
209.29
209.68
210.08
210.46
210.84
211.21
211.59
211.96
212.33
212.71
213.09
213.46
213.84
214.21
214.58
214.96
215.33
215.71
216.09
216.46
216.84
217.21
217.59
217.96
218.34
218.71
219.09
219.46
219.84
220.21
220.58
220.96
221.33
221.71
222.09
222.46
222.84
223.21
223.59
223.96
224.34
224.71
225.09
225.46
225.84
226.21
226.59
226.96
227.33
227.71
228.09
228.46
228.84
229.21
229.59
229.96
230.34
230.72
231.09
231.46
231.84
232.22
232.59
232.96
233.34
233.72
234.09
234.46
234.83
235.2
235.57
