0.05
0.39
0.76
1.2
1.65
2.1
2.56
3.04
3.5
3.95
4.41
4.88
5.34
5.8
6.26
6.71
7.17
7.63
8.08
8.56
9.03
9.5
9.97
10.43
10.89
11.34
11.8
12.27
12.74
13.18
13.64
14.12
14.59
15.04
15.5
15.97
16.43
16.89
17.35
17.81
18.28
18.74
19.2
19.66
20.12
20.58
21.05
21.51
21.98
22.44
22.9
23.36
23.82
24.28
24.74
25.2
25.66
26.12
26.58
27.05
27.51
27.97
28.43
28.89
29.35
29.81
30.27
30.73
31.19
31.65
32.11
32.57
33.03
33.5
33.96
34.42
34.88
35.34
35.8
36.26
36.73
37.19
37.65
38.11
38.57
39.03
39.5
39.96
40.42
40.88
41.34
41.8
42.27
42.73
43.19
43.65
44.11
44.57
45.04
45.5
45.96
46.42
46.89
47.35
47.81
48.27
48.73
49.19
49.65
50.11
50.58
51.04
51.5
51.96
52.42
52.88
53.35
53.81
54.27
54.73
55.19
55.65
56.11
56.57
57.04
57.5
57.96
58.42
58.88
59.34
59.8
60.26
60.71
61.18
61.65
62.11
62.58
63.04
63.5
63.96
64.42
64.88
65.35
65.81
66.27
66.73
67.19
67.65
68.12
68.58
69.04
69.5
69.96
70.42
70.88
71.35
71.81
72.27
72.73
73.19
73.66
74.12
74.58
75.04
75.5
75.96
76.43
76.89
77.35
77.81
78.27
78.73
79.19
79.65
80.12
80.58
81.04
81.5
81.96
82.42
82.88
83.34
83.8
84.27
84.73
85.19
85.65
86.12
86.58
87.04
87.5
87.96
88.42
88.88
89.35
89.81
90.27
90.73
91.19
91.65
92.12
92.58
93.04
93.5
93.96
94.42
94.89
95.35
95.81
96.27
96.73
97.19
97.65
98.11
98.58
99.04
99.5
99.96
100.42
100.88
101.34
101.81
102.27
102.73
103.19
103.65
104.11
104.57
105.03
105.5
105.96
106.42
106.88
107.34
107.81
108.27
108.73
109.19
109.65
110.11
110.58
111.04
111.5
111.96
112.42
112.88
113.35
113.81
114.27
114.73
115.19
115.65
116.11
116.57
117.04
117.5
117.96
118.42
118.88
119.34
119.79
120.25
120.73
121.19
121.65
122.11
122.58
123.04
123.5
123.96
124.42
124.88
125.35
125.81
126.27
126.73
127.19
127.66
128.12
128.58
129.04
129.5
129.96
130.42
130.88
131.34
131.81
132.27
132.73
133.19
133.65
134.12
134.58
135.04
135.5
135.96
136.42
136.89
137.35
137.81
138.27
138.73
139.19
139.65
140.11
140.58
141.04
141.5
141.96
142.42
142.88
143.34
143.81
144.27
144.73
145.19
145.65
146.12
146.58
147.04
147.5
147.96
148.43
148.9
149.35
149.82
150.28
150.74
151.2
151.66
152.12
152.58
153.04
153.5
153.96
154.43
154.89
155.35
155.81
156.27
156.73
157.19
157.65
158.12
158.58
159.05
159.51
159.97
160.43
160.89
161.35
161.82
162.29
162.74
163.2
163.67
164.14
164.59
165.05
165.51
165.97
166.43
166.89
167.35
167.82
168.28
168.74
169.2
169.66
170.13
170.59
171.05
171.51
171.97
172.44
172.9
173.36
173.82
174.28
174.74
175.2
175.66
176.13
176.59
177.05
177.51
177.97
178.43
178.89
179.35
179.81
180.27
180.73
181.19
181.65
182.11
182.58
183.04
183.5
183.96
184.42
184.88
185.35
185.81
186.27
186.73
187.19
187.65
188.12
188.58
189.04
189.5
189.96
190.42
190.88
191.34
191.81
192.27
192.73
193.19
193.65
194.11
194.58
195.04
195.5
195.96
196.42
196.88
197.35
197.81
198.27
198.73
199.19
199.65
200.12
200.58
201.04
201.5
201.96
202.42
202.89
203.35
203.81
204.27
204.73
205.19
205.66
206.12
206.58
207.04
207.5
207.96
208.41
208.85
209.22
209.66
210.11
210.57
211.04
211.5
211.96
