0.08
0.47
0.86
1.25
1.66
2.07
2.48
2.88
3.28
3.67
4.07
4.48
4.88
5.27
5.67
6.07
6.47
6.86
7.26
7.66
8.06
8.46
8.86
9.25
9.65
10.04
10.44
10.83
11.23
11.63
12.03
12.43
12.84
13.24
13.63
14.02
14.41
14.81
15.21
15.6
16.01
16.41
16.8
17.2
17.6
18.0
18.39
18.78
19.18
19.58
19.99
20.39
20.78
21.18
21.57
21.97
22.37
22.76
23.15
23.53
23.92
24.33
24.73
25.13
25.52
25.92
26.33
26.73
27.13
27.53
27.93
28.32
28.71
29.1
29.5
29.9
30.3
30.69
31.09
31.49
31.89
32.29
32.69
33.08
33.47
33.86
34.26
34.66
35.05
35.45
35.85
36.25
36.65
37.04
37.44
37.84
38.23
38.63
39.03
39.43
39.82
40.21
40.61
41.01
41.41
41.81
42.21
42.61
43.01
43.41
43.81
44.21
44.6
45.0
45.39
45.78
46.18
46.58
46.98
47.38
47.78
48.18
48.57
48.97
49.37
49.76
50.16
50.56
50.95
51.35
51.76
52.17
52.57
52.96
53.35
53.74
54.14
54.54
54.93
55.33
55.73
56.13
56.53
56.92
57.32
57.71
58.11
58.51
58.91
59.31
59.7
60.1
60.5
60.89
61.29
61.69
62.09
62.49
62.88
63.28
63.68
64.07
64.47
64.86
65.26
65.66
66.06
66.46
66.86
67.26
67.65
68.05
68.44
68.83
69.23
69.63
70.03
70.43
70.83
71.23
71.63
72.02
72.42
72.82
73.22
73.61
74.01
74.41
74.8
75.19
75.59
75.98
76.38
76.78
77.18
77.58
77.98
78.38
78.77
79.17
79.56
79.96
80.36
80.76
81.16
81.55
81.95
82.35
82.75
83.14
83.53
83.93
84.33
84.73
85.13
85.52
85.92
86.32
86.72
87.12
87.52
87.91
88.3
88.7
89.1
89.5
89.9
90.29
90.69
91.09
91.49
91.89
92.29
92.69
93.08
93.47
93.87
94.27
94.67
95.06
95.46
95.86
96.26
96.66
97.06
97.45
97.84
98.24
98.64
99.03
99.42
99.82
100.22
100.62
101.02
101.42
101.82
102.22
102.61
103.0
103.4
103.8
104.2
104.59
104.98
105.38
105.78
106.18
106.58
106.98
107.37
107.77
108.17
108.57
108.97
109.37
109.77
110.16
110.56
110.96
111.36
111.75
112.15
112.55
112.95
113.34
113.74
114.14
114.54
114.94
115.34
115.73
116.12
116.51
116.9
117.29
117.68
118.08
118.48
118.88
119.29
119.7
120.1
120.5
120.89
121.28
121.68
122.08
122.48
122.88
123.27
123.67
124.07
124.47
124.88
125.27
125.66
126.05
126.45
126.85
127.25
127.65
128.05
128.45
128.84
129.24
129.64
130.04
130.43
130.83
131.22
131.62
132.02
132.41
132.81
133.21
133.61
134.0
134.4
134.8
135.19
135.59
135.98
136.38
136.78
137.18
137.57
137.97
138.37
138.77
139.16
139.56
139.96
140.36
140.75
141.15
141.55
141.95
142.35
142.75
143.15
143.54
143.93
144.33
144.73
145.13
145.53
145.92
146.32
146.72
147.12
147.52
147.91
148.31
148.7
149.1
149.5
149.9
150.3
150.7
151.09
151.48
151.88
152.29
152.68
153.08
153.48
153.87
154.26
154.66
155.06
155.46
155.86
156.25
156.65
157.05
157.45
157.85
158.25
158.64
159.03
159.43
159.83
160.23
160.62
161.01
161.42
161.82
162.22
162.62
163.02
163.41
163.8
164.2
164.59
164.99
165.39
165.78
166.18
166.58
166.98
167.39
167.78
168.17
168.56
168.96
169.36
169.76
170.16
170.56
170.96
171.36
171.76
172.15
172.55
172.94
173.33
173.73
174.12
174.52
174.92
175.31
175.71
176.11
176.52
176.92
177.32
177.71
178.11
178.5
178.9
179.29
179.69
180.08
180.48
180.89
181.29
181.69
182.09
182.48
182.87
183.27
183.66
184.06
184.46
184.86
185.26
185.66
186.05
186.46
186.86
187.27
187.66
188.06
188.46
188.86
189.26
189.65
190.01
190.39
190.78
191.18
191.57
191.94
192.31
192.69
193.06
193.44
193.83
194.23
194.63
195.02
195.41
195.8
196.2
196.6
197.0
197.4
197.8
