0.08
0.42
0.88
1.36
1.85
2.35
2.83
3.32
3.81
4.3
4.8
5.29
5.78
6.27
6.76
7.25
7.75
8.24
8.73
9.22
9.71
10.21
10.7
11.19
11.68
12.17
12.66
13.16
13.65
14.14
14.63
15.12
15.62
16.11
16.6
17.09
17.58
18.07
18.57
19.06
19.55
20.04
20.53
21.03
21.52
22.01
22.5
22.99
23.48
23.98
24.47
24.96
25.45
25.94
26.44
26.93
27.42
27.91
28.4
28.89
29.39
29.88
30.37
30.86
31.35
31.85
32.34
32.83
33.32
33.81
34.3
34.79
35.28
35.78
36.27
36.76
37.26
37.75
38.24
38.73
39.22
39.72
40.21
40.7
41.19
41.68
42.17
42.67
43.16
43.65
44.14
44.64
45.13
45.62
46.11
46.6
47.09
47.59
48.08
48.57
49.06
49.55
50.04
50.54
51.03
51.52
52.01
52.5
52.99
53.49
53.98
54.47
54.96
55.46
55.95
56.44
56.93
57.42
57.91
58.41
58.9
59.39
59.88
60.37
60.86
61.35
61.85
62.34
62.83
63.32
63.82
64.31
64.8
65.29
65.78
66.27
66.77
67.26
67.75
68.24
68.73
69.23
69.72
70.21
70.7
71.19
71.68
72.18
72.67
73.16
73.65
74.14
74.63
75.13
75.62
76.11
76.6
77.09
77.59
78.08
78.57
79.06
79.55
80.04
80.54
81.03
81.52
82.01
82.5
83.0
83.49
83.98
84.47
84.96
85.46
85.95
86.44
86.93
87.42
87.91
88.41
88.9
89.39
89.88
90.37
90.86
91.36
91.85
92.34
92.83
93.32
93.82
94.31
94.8
95.29
95.78
96.28
96.77
97.26
97.75
98.24
98.74
99.23
99.72
100.21
100.7
101.19
101.69
102.18
102.67
103.16
103.65
104.14
104.64
105.13
105.62
106.11
106.6
107.09
107.59
108.08
108.57
109.07
109.56
110.05
110.54
111.03
111.52
112.02
112.51
113.0
113.49
113.98
114.47
114.97
115.46
115.95
116.44
116.93
117.42
117.91
118.41
118.9
119.39
119.89
120.38
120.87
121.36
121.85
122.34
122.84
123.33
123.82
124.31
124.8
125.29
125.78
126.27
126.77
127.26
127.75
128.24
128.74
129.23
129.72
130.21
130.7
131.2
131.69
132.18
132.67
133.16
133.65
134.15
134.65
135.15
135.63
136.12
136.61
137.1
137.59
138.07
138.56
139.07
139.55
140.05
140.55
141.04
141.52
142.01
142.51
143.0
143.49
143.99
144.48
144.97
145.46
145.95
146.44
146.93
147.43
147.93
148.42
148.91
149.4
149.89
150.38
150.87
151.37
151.86
152.36
152.84
153.34
153.83
154.31
154.79
155.29
155.79
156.28
156.77
157.26
157.75
158.25
158.74
159.23
159.72
160.21
160.71
161.2
161.69
162.18
162.67
163.17
163.66
164.15
164.64
165.13
165.62
166.12
166.61
167.1
167.59
168.08
168.58
169.07
169.56
170.05
170.54
171.03
171.53
172.02
172.51
173.0
173.49
173.99
174.48
174.97
175.46
175.95
176.44
176.94
177.43
177.92
178.41
178.9
179.39
179.89
180.38
180.87
181.36
181.85
182.35
182.84
183.33
183.82
184.31
184.8
185.29
185.79
186.28
186.77
187.27
187.77
188.26
188.74
189.21
189.68
190.15
190.63
