0.44
0.87
1.36
1.88
2.47
3.04
3.58
4.1
4.6
5.09
5.59
6.1
6.6
7.1
7.6
8.11
8.61
9.11
9.64
10.12
10.62
11.12
11.63
12.12
12.62
13.14
13.63
14.11
14.61
15.1
15.6
16.11
16.61
17.1
17.6
18.11
18.61
19.11
19.61
20.11
20.62
21.12
21.62
22.11
22.62
23.12
23.62
24.11
24.61
25.11
25.61
26.11
26.61
27.11
27.61
28.11
28.61
29.11
29.61
30.11
30.61
31.11
31.61
32.11
32.61
33.11
33.61
34.11
34.61
35.11
35.61
36.11
36.61
37.11
37.61
38.11
38.61
39.11
39.61
40.11
40.61
41.11
41.61
42.11
42.61
43.11
43.61
44.11
44.61
45.11
45.61
46.11
46.61
47.11
47.61
48.11
48.61
49.11
49.63
50.12
50.62
51.12
51.62
52.12
52.62
53.14
53.63
54.11
54.61
55.1
55.6
56.11
56.61
57.1
57.6
58.11
58.61
59.11
59.6
60.11
60.61
61.12
61.62
62.11
62.61
63.11
63.6
64.11
64.61
65.11
65.61
66.11
66.61
67.11
67.61
68.11
68.61
69.11
69.61
70.11
70.61
71.11
71.61
72.11
72.61
73.11
73.61
74.11
74.61
75.11
75.61
76.11
76.61
77.11
77.61
78.11
78.61
79.11
79.62
80.11
80.61
81.11
81.61
82.11
82.61
83.11
83.61
84.11
84.61
85.11
85.61
86.11
86.61
87.11
87.61
88.11
88.61
89.11
89.61
90.11
90.61
91.11
91.61
92.11
92.61
93.11
93.61
94.11
94.61
95.11
95.61
96.11
96.61
97.11
97.61
98.11
98.61
99.11
99.61
100.11
100.61
101.11
101.61
102.11
102.61
103.11
103.61
104.11
104.61
105.11
105.63
106.12
106.63
107.13
107.64
108.12
108.62
109.14
109.63
110.11
110.61
111.1
111.6
112.11
112.61
113.1
113.6
114.11
114.61
115.11
115.6
116.11
116.61
117.12
117.62
118.11
118.61
119.11
119.6
120.11
120.61
121.11
121.61
122.11
122.61
123.11
123.61
124.11
124.61
125.11
125.61
126.11
126.61
127.11
127.61
128.11
128.61
129.11
129.61
130.11
130.61
131.11
131.61
132.11
132.61
133.11
133.61
134.11
134.61
135.11
135.61
136.11
136.61
137.11
137.61
138.11
138.61
139.11
139.61
140.11
140.61
141.11
141.61
142.11
142.61
143.11
143.61
144.11
144.61
145.11
145.61
146.11
146.61
147.11
147.61
148.11
148.61
149.11
149.61
150.11
150.61
151.11
151.61
152.11
152.61
153.11
153.61
154.11
154.61
155.11
155.61
156.11
156.61
157.11
157.61
158.11
158.61
159.11
159.61
160.11
160.61
161.11
161.61
162.11
162.61
163.11
163.61
164.11
164.61
165.11
165.61
166.11
166.61
167.11
167.61
168.12
168.61
169.11
169.61
170.11
170.6
171.1
171.58
172.05
172.47
172.88
173.36
173.86
174.33
174.86
175.35
175.85
176.34
176.85
177.32
177.7
178.12
178.61
179.1
179.6
180.11
180.61
181.11
181.63
182.11
182.61
183.1
183.61
184.11
184.61
185.12
185.63
186.11
186.61
187.1
187.6
188.11
188.61
189.11
189.61
190.11
190.61
191.11
191.61
192.11
192.61
193.11
193.61
194.11
194.61
195.11
195.61
196.11
196.61
197.11
197.61
198.11
198.61
199.11
199.61
200.11
200.61
201.11
201.61
202.11
202.61
203.11
203.61
204.11
204.61
205.11
205.61
206.11
206.61
207.11
207.61
208.11
208.61
209.11
209.61
210.11
210.61
211.11
211.61
212.12
212.65
213.16
213.66
214.15
214.68
215.23
215.75
216.26
