0.07
0.46
0.85
1.24
1.62
2.01
2.4
2.79
3.17
3.56
3.95
4.33
4.71
5.08
5.46
5.84
6.24
6.63
7.02
7.42
7.81
8.19
8.58
8.97
9.35
9.74
10.13
10.52
10.91
11.3
11.68
12.07
12.46
12.84
13.23
13.62
14.01
14.39
14.77
15.15
15.54
15.94
16.33
16.72
17.11
17.49
17.87
18.26
18.65
19.04
19.42
19.81
20.2
20.58
20.97
21.36
21.74
22.13
22.52
22.91
23.3
23.68
24.06
24.45
24.84
25.23
25.62
26.01
26.4
26.79
27.17
27.55
27.94
28.32
28.71
29.09
29.48
29.87
30.26
30.65
31.04
31.43
31.82
32.21
32.59
32.97
33.35
33.74
34.13
34.52
34.91
35.3
35.68
36.06
36.45
36.84
37.22
37.61
38.0
38.39
38.78
39.16
39.55
39.94
40.33
40.72
41.11
41.5
41.88
42.26
42.65
43.04
43.43
43.82
44.2
44.59
44.98
45.37
45.75
46.13
46.52
46.91
47.3
47.69
48.07
48.46
48.85
49.24
49.63
50.01
50.4
50.78
51.17
51.55
51.94
52.33
52.71
53.1
53.48
53.87
54.26
54.65
55.03
55.42
55.8
56.19
56.58
56.97
57.36
57.75
58.14
58.53
58.91
59.3
59.69
60.07
60.46
60.84
61.23
61.62
62.01
62.39
62.78
63.17
63.56
63.95
64.34
64.73
65.11
65.5
65.89
66.27
66.66
67.04
67.43
67.82
68.21
68.6
68.98
69.37
69.76
70.16
70.55
70.93
71.3
71.68
72.07
72.46
72.85
73.24
73.62
74.0
74.39
74.78
75.16
75.55
75.94
76.33
76.72
77.1
77.49
77.88
78.27
78.66
79.04
79.43
79.82
80.2
80.59
80.98
81.37
81.76
82.14
82.53
82.92
83.3
83.69
84.07
84.46
84.85
85.24
85.63
86.01
86.4
86.79
87.18
87.56
87.95
88.34
88.73
89.11
89.5
89.89
90.27
90.66
91.04
91.43
91.82
92.2
92.58
92.97
93.36
93.74
94.13
94.52
94.91
95.29
95.68
96.07
96.46
96.85
97.24
97.63
98.02
98.4
98.79
99.17
99.56
99.94
100.33
100.72
101.11
101.49
101.88
102.27
102.66
103.05
103.44
103.83
104.22
104.6
104.99
105.37
105.76
106.15
106.53
106.92
107.3
107.68
108.07
108.45
108.84
109.23
109.61
110.0
110.39
110.78
111.17
111.55
111.94
112.32
112.71
113.1
113.49
113.88
114.27
114.65
115.04
115.43
115.82
116.21
116.6
116.98
117.37
117.76
118.14
118.53
118.91
119.3
119.69
120.07
120.46
120.85
121.23
121.62
122.01
122.39
122.78
123.17
123.56
123.95
124.34
124.72
125.11
125.5
125.88
126.27
126.66
127.04
127.43
127.81
128.2
128.58
128.97
129.36
129.75
130.14
130.53
130.91
131.3
131.68
132.07
132.45
132.84
133.23
133.63
134.01
134.39
134.78
135.17
135.55
135.94
136.33
136.72
137.1
137.49
137.88
138.27
138.66
139.05
139.44
139.83
140.21
140.6
140.98
141.37
141.76
142.15
142.53
142.92
143.3
143.68
144.07
144.46
144.85
145.24
145.63
146.02
146.4
146.79
147.18
147.57
147.96
148.35
148.73
149.12
149.5
149.89
150.28
150.67
151.05
151.44
151.82
152.21
152.59
152.97
153.36
153.75
154.13
154.52
154.91
155.3
155.69
156.07
156.46
156.85
157.24
157.63
158.02
158.41
158.79
159.18
159.56
159.95
160.34
160.72
161.11
161.49
161.87
162.26
162.65
163.04
163.43
163.82
164.2
164.59
164.98
165.36
165.75
166.14
166.52
166.91
167.3
167.69
168.07
168.46
168.84
169.23
169.61
170.0
170.39
170.78
171.17
171.56
171.95
172.34
172.72
173.11
173.5
173.89
174.27
174.66
175.05
175.44
175.83
