0.01
0.56
1.18
1.82
2.46
3.1
3.73
4.37
5.02
5.65
6.29
6.9
7.42
8.04
8.68
9.32
9.97
10.59
11.24
11.89
12.54
13.19
13.83
14.46
15.11
15.75
16.38
17.02
17.66
18.3
18.94
19.57
20.21
20.86
21.51
22.16
22.78
23.41
24.04
24.67
25.32
25.97
26.61
27.25
27.89
28.53
29.16
29.81
30.45
31.09
31.72
32.36
33.0
33.64
34.28
34.93
35.57
36.21
36.85
37.48
38.12
38.75
39.38
40.02
40.66
41.3
41.94
42.58
43.22
43.86
44.49
45.13
45.78
46.41
47.05
47.69
48.33
48.96
49.6
50.23
50.88
51.52
52.16
52.8
53.44
54.08
54.71
55.36
56.0
56.64
57.27
57.91
58.55
59.19
59.83
60.47
61.11
61.75
62.39
63.03
63.66
64.29
64.93
65.57
66.21
66.85
67.49
68.13
68.77
69.4
70.04
70.68
71.32
71.96
72.6
73.24
73.88
74.52
75.15
75.8
76.44
77.08
77.71
78.36
79.0
79.64
80.27
80.92
81.56
82.2
82.83
83.47
84.11
84.75
85.38
86.02
86.66
87.3
87.94
88.58
89.21
89.85
90.5
91.14
91.79
92.43
93.07
93.7
94.34
94.98
95.61
96.25
96.9
97.53
98.17
98.81
99.45
100.09
100.73
101.37
102.01
102.65
103.29
103.93
104.57
105.21
105.84
106.48
107.12
107.76
108.4
109.04
109.67
110.31
110.96
111.59
112.22
112.86
113.51
114.16
114.8
115.43
116.07
116.71
117.35
117.99
118.62
119.26
119.9
120.53
121.17
121.81
122.45
123.1
123.74
124.38
125.02
125.66
126.29
126.93
127.57
128.21
128.84
129.49
130.13
130.77
131.4
132.04
132.67
133.31
133.96
134.6
135.25
135.89
136.53
137.16
137.8
138.44
139.08
139.72
140.36
140.99
141.63
142.27
142.91
143.54
144.19
144.83
145.47
146.11
146.75
147.39
148.03
148.67
149.31
149.94
150.58
151.21
151.85
152.49
153.14
153.8
154.45
155.11
155.74
156.36
156.98
157.62
158.25
158.89
159.53
160.16
160.8
161.44
162.08
162.72
163.35
164.0
164.64
165.28
165.92
166.57
167.21
167.84
168.48
169.12
169.75
170.39
171.03
171.67
172.31
172.95
173.59
174.23
174.87
175.5
176.15
176.79
177.43
178.07
178.71
179.35
179.99
180.63
181.27
181.9
182.55
183.18
183.82
184.46
185.1
185.74
186.37
187.01
187.65
188.3
188.94
189.58
190.22
190.85
191.49
192.13
192.77
193.41
194.04
194.68
195.32
195.96
196.6
197.24
197.88
198.52
199.17
199.81
200.45
201.09
201.73
202.37
203.01
203.65
204.28
204.92
205.56
206.2
206.83
207.47
208.11
208.76
209.4
210.04
210.68
211.32
211.96
212.6
213.25
213.89
214.52
215.16
215.8
216.43
217.07
217.72
218.36
218.99
219.62
220.26
220.9
221.55
222.19
222.83
223.46
224.11
224.75
225.39
226.02
226.66
227.29
227.93
228.58
229.22
229.86
230.5
231.14
231.78
232.41
233.05
233.69
234.33
234.97
235.61
236.25
236.89
237.53
238.17
238.82
239.46
240.1
240.74
241.38
242.02
242.65
243.29
243.93
244.57
245.21
245.85
246.49
247.13
247.77
248.41
249.05
249.69
250.33
250.97
251.61
252.25
252.89
253.53
254.17
254.81
255.43
