0.02
0.62
1.1
1.63
2.2
2.75
3.17
3.74
4.37
4.99
5.6
6.2
6.8
7.43
8.05
8.68
9.29
9.9
10.54
11.15
11.76
12.37
13.0
13.58
14.2
14.77
15.2
15.78
16.36
16.91
17.43
17.93
18.38
18.9
19.48
20.11
20.74
21.36
21.98
22.59
23.21
23.83
24.45
25.07
25.69
26.3
26.92
27.54
28.16
28.78
29.4
30.01
30.63
31.24
31.87
32.48
33.1
33.71
34.33
34.94
35.56
36.17
36.78
37.4
38.02
38.64
39.24
39.85
40.47
41.09
41.7
42.32
42.94
43.56
44.17
44.79
45.41
46.03
46.65
47.27
47.89
48.5
49.11
49.73
50.34
50.96
51.58
52.2
52.82
53.44
54.05
54.67
55.29
55.91
56.53
57.14
57.76
58.38
59.0
59.61
60.24
60.86
61.47
62.09
62.71
63.33
63.94
64.56
65.18
65.8
66.41
67.03
67.65
68.26
68.88
69.49
70.11
70.73
71.35
71.97
72.59
73.21
73.83
74.44
75.06
75.68
76.3
76.91
77.54
78.16
78.77
79.39
80.01
80.63
81.24
81.86
82.48
83.1
83.72
84.34
84.95
85.57
86.18
86.79
87.41
88.02
88.63
89.24
89.86
90.48
91.09
91.71
92.33
92.95
93.57
94.19
94.81
95.43
96.04
96.66
97.28
97.9
98.52
99.14
99.75
100.38
100.99
101.61
102.22
102.85
103.46
104.08
104.7
105.32
105.94
106.56
107.17
107.79
108.41
109.03
109.65
110.27
110.89
111.5
112.12
112.74
113.36
113.97
114.59
115.21
115.83
116.45
117.07
117.69
118.3
118.92
119.54
120.16
120.77
121.39
122.01
122.63
123.25
123.87
124.49
125.11
125.72
126.34
126.95
127.58
128.19
128.81
129.43
130.06
130.67
131.29
131.9
132.53
133.14
133.76
134.38
135.0
135.61
136.22
136.83
137.46
138.08
138.7
139.31
139.93
140.54
141.16
141.78
142.4
143.02
143.64
144.25
144.87
145.49
146.11
146.73
147.34
147.96
148.58
149.21
149.83
150.45
151.07
151.69
152.31
152.93
153.53
154.15
154.77
155.39
156.01
156.63
157.26
157.88
158.49
159.1
159.72
160.34
160.96
161.57
162.17
162.77
163.38
164.01
164.64
165.27
165.89
166.51
167.13
167.75
168.37
168.99
169.61
170.22
170.84
171.46
172.08
172.7
173.31
173.93
174.55
175.17
175.79
176.41
177.03
177.65
178.26
178.88
179.5
180.12
180.73
181.35
181.97
182.59
183.21
183.83
184.45
185.06
185.68
186.3
186.92
187.54
188.16
188.78
189.4
190.01
190.63
191.25
191.87
192.49
193.11
193.73
194.35
194.96
195.58
196.2
196.82
197.43
198.05
198.67
199.29
199.91
200.53
201.14
201.76
202.38
203.0
203.62
204.24
204.85
205.47
206.09
206.72
207.33
207.95
208.57
209.19
209.8
210.42
211.03
211.66
212.28
212.89
213.51
214.14
214.75
215.37
215.99
216.61
217.22
217.85
218.46
219.08
219.7
220.32
220.93
221.56
222.17
222.79
223.41
224.03
224.64
225.26
225.85
226.35
226.86
227.42
228.0
228.57
229.14
229.69
230.2
230.74
231.3
231.86
232.41
232.96
233.52
