0.08
0.54
1.0
1.46
1.92
2.38
2.84
3.31
3.77
4.23
4.69
5.15
5.62
6.08
6.54
7.0
7.46
7.92
8.38
8.84
9.31
9.77
10.23
10.69
11.16
11.62
12.08
12.54
13.0
13.46
13.92
14.39
14.85
15.31
15.77
16.23
16.69
17.16
17.62
18.08
18.54
19.0
19.46
19.92
20.39
20.85
21.31
21.77
22.23
22.7
23.17
23.63
24.08
24.55
25.01
25.47
25.93
26.39
26.86
27.32
27.77
28.23
28.66
29.01
29.41
29.85
30.31
30.77
31.22
31.69
32.16
32.62
33.08
33.53
33.94
34.3
34.72
35.17
35.63
36.1
36.56
37.01
37.47
37.93
38.39
38.85
39.32
39.78
40.24
40.7
41.16
41.62
42.08
42.55
43.01
43.47
43.93
44.39
44.85
45.31
45.77
46.24
46.7
47.16
47.62
48.08
48.55
49.01
49.47
49.93
50.39
50.85
51.32
51.78
52.24
52.7
53.16
53.62
54.08
54.54
55.01
55.47
55.93
56.39
56.85
57.32
57.79
58.25
58.7
59.16
59.62
60.08
60.55
61.01
61.47
61.93
62.39
62.85
63.31
63.78
64.24
64.7
65.16
65.62
66.08
66.52
66.96
67.4
67.86
68.33
68.79
69.26
69.75
70.23
70.7
71.16
71.62
72.08
72.55
73.01
73.47
73.93
74.39
74.85
75.32
75.78
76.24
76.7
77.16
77.62
78.09
78.55
79.01
79.47
79.93
80.4
80.85
81.31
81.77
82.23
82.69
83.15
83.62
84.08
84.54
85.01
85.47
85.93
86.39
86.85
87.31
87.77
88.23
88.7
89.16
89.62
90.08
90.54
91.0
91.47
91.93
92.39
92.85
93.31
93.77
94.23
94.7
95.16
95.62
96.08
96.54
97.0
97.47
97.93
98.39
98.85
99.31
99.77
100.24
100.7
101.16
101.62
102.09
102.55
103.01
103.47
103.93
104.39
104.85
105.31
105.78
106.24
106.7
107.16
107.63
108.09
108.55
109.01
109.47
109.93
110.39
110.85
111.32
111.78
112.24
112.7
113.16
113.62
114.08
114.54
115.01
115.47
115.93
116.39
116.85
117.31
117.78
118.24
118.7
119.16
119.62
120.08
120.55
121.01
121.47
121.93
122.39
122.85
123.31
123.78
124.24
124.7
125.16
125.62
126.08
126.54
127.01
127.47
127.93
128.39
128.85
129.32
129.78
130.24
130.7
131.16
131.62
132.07
132.52
132.94
133.38
133.8
134.17
134.57
134.96
135.38
135.8
136.27
136.72
137.16
137.56
137.97
138.43
138.84
139.25
139.65
140.09
140.57
141.06
141.55
142.07
142.6
143.06
143.54
144.05
144.53
145.0
145.46
145.91
146.36
146.81
147.25
147.72
148.19
148.66
149.14
149.62
150.09
150.55
151.01
151.47
151.93
152.39
152.86
153.32
153.78
154.24
154.7
155.16
155.63
156.09
156.55
157.01
157.47
157.93
158.39
158.86
159.32
159.78
160.24
160.7
161.16
161.62
162.09
162.55
163.01
163.47
163.94
164.4
164.86
165.32
165.78
166.24
166.7
167.16
167.62
168.08
168.55
169.01
169.47
169.93
170.39
170.85
171.32
171.78
172.24
172.7
173.16
173.62
174.08
174.54
175.01
175.47
175.93
176.39
176.85
177.31
177.78
178.24
178.7
179.16
179.62
180.08
180.55
181.01
181.47
181.92
182.37
182.82
183.26
183.7
184.17
