0.37
0.91
1.44
1.98
2.52
3.05
3.59
4.13
4.66
5.19
5.73
6.26
6.8
7.34
7.87
8.41
8.94
9.48
10.02
10.55
11.09
11.62
12.16
12.7
13.23
13.76
14.3
14.84
15.37
15.91
16.44
16.98
17.51
18.05
18.59
19.13
19.66
20.2
20.73
21.26
21.79
22.33
22.87
23.41
23.94
24.48
25.01
25.55
26.09
26.62
27.16
27.7
28.23
28.76
29.3
29.84
30.38
30.91
31.44
31.98
32.51
33.05
33.59
34.12
34.66
35.2
35.73
36.26
36.8
37.33
37.87
38.41
38.94
39.48
40.02
40.55
41.09
41.62
42.16
42.7
43.23
43.77
44.31
44.84
45.38
45.91
46.44
46.98
47.52
48.05
48.59
49.12
49.66
50.2
50.74
51.27
51.8
52.34
52.88
53.41
53.95
54.48
55.02
55.56
56.09
56.63
57.16
57.7
58.23
58.77
59.3
59.84
60.38
60.91
61.45
61.98
62.52
63.06
63.59
64.13
64.66
65.2
65.73
66.27
66.8
67.34
67.87
68.41
68.94
69.48
70.02
70.55
71.09
71.63
72.16
72.7
73.23
73.77
74.31
74.84
75.37
75.91
76.44
76.98
77.51
78.05
78.59
79.12
79.66
80.2
80.73
81.27
81.8
82.34
82.87
83.41
83.94
84.48
85.01
85.55
86.09
86.62
87.16
87.7
88.23
88.76
89.3
89.84
90.37
90.91
91.44
91.98
92.51
93.05
93.58
94.12
94.66
95.19
95.73
96.27
96.8
97.34
97.88
98.41
98.94
99.48
100.02
100.55
101.09
101.62
102.16
102.7
103.24
103.78
104.31
104.84
105.38
105.91
106.45
106.98
107.52
108.05
108.59
109.13
109.66
110.2
110.73
111.27
111.8
112.34
112.88
113.41
113.95
114.48
115.02
115.55
116.09
116.63
117.16
117.69
118.23
118.77
119.3
119.84
120.37
120.91
121.45
121.98
122.52
123.05
123.59
124.12
124.66
125.2
125.73
126.27
126.81
127.34
127.88
128.41
128.95
129.48
130.02
130.56
131.09
131.62
132.16
132.7
133.23
133.77
134.3
134.84
135.38
135.91
136.44
136.98
137.51
138.05
138.59
139.13
139.66
140.2
140.73
141.27
141.81
142.34
142.88
143.41
143.95
144.48
145.02
145.55
146.09
146.62
147.16
147.7
148.23
148.77
149.31
149.84
150.38
150.91
151.45
151.98
152.52
153.05
153.59
154.12
154.65
155.19
155.73
156.26
156.8
157.34
157.87
158.41
158.95
159.48
160.01
160.55
161.09
161.62
162.16
162.69
163.23
163.77
164.31
164.84
165.38
165.91
166.45
166.98
167.52
168.06
168.59
169.12
169.65
170.19
170.73
171.26
171.8
172.34
172.87
173.41
173.95
174.48
175.02
175.55
176.09
176.63
177.17
177.7
178.23
178.77
179.3
179.84
180.38
180.91
181.45
181.98
182.52
183.06
183.59
184.13
184.66
185.2
185.74
186.26
186.8
187.34
187.87
188.41
188.94
189.48
190.02
190.55
191.09
191.63
192.17
192.7
193.23
193.77
194.3
194.84
195.38
195.91
196.45
196.98
197.52
198.05
198.59
199.13
199.66
200.2
200.73
201.27
201.8
202.34
202.87
203.41
203.95
204.48
205.02
205.55
206.09
206.62
207.16
207.7
208.23
208.77
209.31
209.84
210.37
210.89
211.42
211.94
212.46
213.0
213.53
214.06
214.58
215.13
215.68
216.22
216.75
217.29
