0.2
0.83
1.46
2.09
2.71
3.34
3.96
4.6
5.23
5.86
6.49
7.12
7.75
8.39
9.02
9.64
10.26
10.89
11.52
12.16
12.78
13.41
14.03
14.66
15.29
15.92
16.55
17.18
17.82
18.44
19.06
19.69
20.34
20.96
21.59
22.22
22.85
23.48
24.11
24.74
25.37
25.99
26.62
27.25
27.88
28.5
29.13
29.76
30.39
31.02
31.65
32.29
32.91
33.54
34.17
34.8
35.42
36.05
36.68
37.31
37.94
38.58
39.21
39.83
40.46
41.09
41.72
42.35
42.98
43.6
44.23
44.86
45.49
46.12
46.74
47.37
48.0
48.62
49.26
49.89
50.52
51.15
51.79
52.42
53.04
53.67
54.3
54.93
55.55
56.18
56.81
57.44
58.07
58.71
59.33
59.95
60.58
61.22
61.85
62.48
63.11
63.74
64.37
64.99
65.61
66.25
66.88
67.51
68.14
68.78
69.41
70.04
70.67
71.31
71.93
72.56
73.18
73.81
74.43
75.07
75.7
76.33
76.96
77.59
78.21
78.83
79.45
80.09
80.72
81.36
81.99
82.62
83.24
83.87
84.49
85.12
85.75
86.39
87.02
87.65
88.27
88.9
89.53
90.15
90.78
91.41
92.04
92.67
93.3
93.93
94.56
95.19
95.82
96.45
97.08
97.72
98.35
98.97
99.6
100.23
100.85
101.47
102.1
102.74
103.36
103.99
104.62
105.25
105.88
106.51
107.14
107.77
108.39
109.03
109.66
110.29
110.91
111.54
112.17
112.8
113.43
114.06
114.68
115.31
115.94
116.58
117.21
117.84
118.46
119.08
119.71
120.35
120.98
121.61
122.24
122.87
123.49
124.12
124.74
125.37
126.0
126.63
127.26
127.9
128.53
129.16
129.79
130.41
131.03
131.66
132.3
132.93
133.56
134.19
134.82
135.44
136.07
136.7
137.33
137.97
138.59
139.23
139.85
140.47
141.09
141.73
142.36
142.99
143.61
144.24
144.86
145.5
146.14
146.79
147.42
148.04
148.66
149.28
149.91
150.55
151.18
151.81
152.44
153.08
153.7
154.32
154.95
155.58
156.21
156.84
157.47
158.09
158.71
159.33
159.96
160.59
161.22
161.86
162.49
163.12
163.75
164.38
165.01
165.63
166.26
166.9
167.53
168.16
168.79
169.42
170.04
170.68
171.31
171.95
172.57
173.2
173.82
174.45
175.07
175.7
176.32
176.96
177.59
178.22
178.84
179.46
180.1
180.73
181.36
182.0
182.62
183.25
183.88
184.52
185.15
185.77
186.4
187.04
187.66
188.29
188.93
189.57
190.19
190.82
191.44
192.07
192.7
193.32
193.94
194.57
195.22
195.84
196.46
197.07
197.7
198.34
198.98
199.61
200.24
200.87
201.5
202.13
202.76
203.39
204.02
204.65
205.28
205.9
206.54
207.18
207.81
208.43
209.06
209.68
210.31
210.94
211.57
212.2
212.83
213.45
214.08
214.71
215.33
215.96
216.59
217.23
217.86
218.49
219.12
219.75
220.37
221.0
221.63
222.27
222.89
223.52
224.15
224.79
225.41
226.04
226.66
227.3
227.92
228.56
229.19
229.82
230.44
231.07
231.7
232.34
232.96
233.59
234.2
234.82
235.46
236.11
236.75
237.39
238.0
238.62
239.24
239.87
240.5
241.13
241.76
242.4
243.03
243.66
244.28
244.91
245.54
246.17
246.8
247.44
248.06
248.69
249.32
249.94
250.56
251.19
251.81
252.44
253.06
253.7
254.33
254.96
255.58
256.22
256.85
257.49
258.12
258.75
259.37
260.0
260.62
261.26
261.89
262.53
263.15
263.78
264.41
265.04
265.67
266.3
266.94
267.58
268.2
268.82
269.44
270.07
270.71
