0.08
0.75
1.43
2.09
2.76
3.42
4.08
4.76
5.43
6.1
6.76
7.42
8.08
8.76
9.42
10.09
10.75
11.42
12.08
12.75
13.41
14.09
14.76
15.42
16.09
16.75
17.42
18.08
18.75
19.41
20.09
20.76
21.42
22.08
22.75
23.42
24.08
24.75
25.42
26.08
26.75
27.42
28.08
28.75
29.42
30.08
30.75
31.42
32.09
32.75
33.42
34.08
34.75
35.42
36.08
36.75
37.42
38.08
38.75
39.42
40.08
40.75
41.42
42.08
42.75
43.42
44.09
44.75
45.42
46.08
46.75
47.42
48.08
48.75
49.42
50.08
50.75
51.42
52.09
52.76
53.42
54.08
54.75
55.42
56.08
56.75
57.41
58.08
58.75
59.42
60.08
60.75
61.42
62.09
62.76
63.42
64.08
64.75
65.42
66.08
66.75
67.42
68.08
68.75
69.42
70.08
70.75
71.42
72.08
72.75
73.42
74.09
74.75
75.42
76.09
76.75
77.42
78.09
78.75
79.42
80.08
80.75
81.42
82.08
82.75
83.42
84.08
84.75
85.42
86.08
86.75
87.42
88.08
88.75
89.42
90.09
90.75
91.42
92.09
92.75
93.42
94.09
94.75
95.42
96.09
96.75
97.42
98.08
98.74
99.41
100.07
100.75
101.42
102.08
102.74
103.41
104.08
104.75
105.42
106.09
106.75
107.42
108.08
108.75
109.42
110.08
110.74
111.41
112.08
112.75
113.42
114.08
114.75
115.42
116.08
116.75
117.41
118.08
118.74
119.42
120.08
120.75
121.42
122.08
122.75
123.41
124.08
124.75
125.4
126.07
126.75
127.43
128.09
128.75
129.42
130.09
130.75
131.42
132.09
132.75
133.42
134.09
134.75
135.42
136.09
136.75
137.42
138.08
138.75
139.42
140.08
140.75
141.42
142.09
142.75
143.42
144.09
144.75
145.41
146.08
146.75
147.41
148.08
148.75
149.42
150.08
150.74
151.41
152.08
152.73
153.41
154.09
154.77
155.45
156.1
156.76
157.42
158.09
158.76
159.42
160.08
160.75
161.42
162.08
162.74
163.39
164.05
164.73
165.42
166.1
166.75
167.41
168.07
168.74
169.42
170.09
170.75
171.42
172.09
172.75
173.42
174.09
174.75
175.42
176.09
176.75
177.42
178.09
178.75
179.42
180.08
180.75
181.42
182.08
182.75
183.42
184.08
184.75
185.42
186.09
186.75
187.42
188.08
188.75
189.42
190.09
190.75
191.42
192.09
192.75
193.42
194.09
194.75
195.42
196.08
196.75
197.42
198.08
198.75
199.42
200.09
200.75
201.42
202.08
202.75
203.42
204.08
204.75
205.42
206.09
206.75
207.42
208.09
208.75
209.42
210.08
210.75
211.42
212.08
212.75
213.41
214.07
214.76
215.42
216.09
216.75
217.4
218.08
218.76
219.44
220.12
220.92
221.58
222.26
222.92
223.59
224.24
224.91
225.58
226.25
226.91
227.59
228.26
228.93
229.59
230.25
230.9
231.58
232.24
232.91
233.59
