0.11
0.61
1.11
1.61
2.12
2.62
3.13
3.64
4.14
4.65
5.15
5.66
6.16
6.66
7.17
7.67
8.17
8.68
9.19
9.72
10.21
10.69
11.19
11.7
12.2
12.71
13.21
13.72
14.23
14.73
15.23
15.74
16.24
16.75
17.26
17.76
18.26
18.76
19.27
19.78
20.28
20.79
21.29
21.79
22.29
22.8
23.3
23.81
24.32
24.82
25.32
25.83
26.33
26.83
27.34
27.84
28.35
28.85
29.36
29.87
30.37
30.87
31.37
31.88
32.38
32.88
33.39
33.9
34.4
34.9
35.4
35.91
36.42
36.92
37.43
37.93
38.43
38.93
39.44
39.95
40.45
40.96
41.46
41.96
42.47
42.97
43.47
43.97
44.47
44.98
45.49
45.99
46.5
47.0
47.52
48.02
48.52
49.02
49.52
50.01
50.52
51.02
51.53
52.03
52.54
53.04
53.55
54.05
54.56
55.06
55.56
56.07
56.57
57.08
57.59
58.09
58.6
59.1
59.6
60.11
60.62
61.12
61.62
62.11
62.62
63.13
63.64
64.15
64.66
65.16
65.66
66.16
66.66
67.17
67.68
68.18
68.68
69.18
69.69
70.19
70.7
71.2
71.71
72.21
72.71
73.22
73.72
74.23
74.73
75.23
75.73
76.24
76.75
77.25
77.76
78.27
78.77
79.27
79.78
80.28
80.78
81.29
81.79
82.29
82.8
83.3
83.81
84.31
84.81
85.32
85.83
86.34
86.83
87.33
87.83
88.34
88.85
89.35
89.85
90.35
90.86
91.37
91.88
92.38
92.88
93.39
93.9
94.41
94.91
95.41
95.91
96.41
96.92
97.42
97.93
98.43
98.93
99.44
99.95
100.45
100.95
101.45
101.96
102.46
102.96
103.47
103.97
104.47
104.98
105.49
105.99
106.49
107.0
107.5
108.0
108.51
109.02
109.52
110.02
110.53
111.04
111.54
112.04
112.55
113.05
113.55
114.06
114.57
115.07
115.57
116.08
116.59
117.09
117.59
118.09
118.59
119.09
119.6
120.11
120.62
121.12
121.62
122.13
122.63
123.13
123.64
124.15
124.65
125.15
125.66
126.16
126.66
127.16
127.67
128.18
128.68
129.19
129.69
130.19
130.7
131.2
131.71
132.22
132.72
133.22
133.72
134.23
134.73
135.24
135.75
136.25
136.75
137.25
137.75
138.26
138.77
139.27
139.77
140.27
140.77
141.28
141.78
142.29
142.8
143.3
143.8
144.31
144.82
145.32
145.82
146.32
146.83
147.34
147.84
148.34
148.84
149.35
149.85
150.36
150.86
151.37
151.87
152.37
152.88
153.39
153.89
154.4
154.9
155.4
155.9
156.41
156.91
157.42
157.93
158.43
158.94
159.44
159.94
160.44
160.95
161.46
161.96
162.47
162.97
163.47
163.97
164.48
164.98
165.49
165.99
166.49
167.0
167.51
168.01
168.51
169.01
169.52
170.02
170.53
171.04
171.54
172.04
172.55
173.05
173.56
174.06
174.56
175.07
175.57
176.08
176.58
177.08
177.59
178.1
178.61
179.11
179.61
180.11
180.62
181.12
181.62
182.12
182.62
183.13
183.64
184.15
184.66
185.15
185.65
186.15
186.66
187.17
187.67
188.18
188.68
189.18
189.69
190.2
190.7
191.2
191.7
192.21
192.72
193.22
193.72
194.23
194.74
195.24
195.74
196.24
196.75
197.26
197.76
198.26
198.74
199.21
199.66
200.11
200.55
200.98
201.41
201.85
202.28
202.71
203.14
203.56
203.99
204.41
204.84
205.28
