0.11
0.65
1.18
1.71
2.24
2.77
3.3
3.83
4.36
4.9
5.43
5.96
6.51
7.05
7.59
8.12
8.64
9.17
9.7
10.23
10.78
11.31
11.84
12.37
12.9
13.44
13.97
14.5
15.03
15.56
16.09
16.63
17.17
17.7
18.23
18.76
19.3
19.84
20.37
20.91
21.45
21.98
22.52
23.05
23.57
24.1
24.63
25.16
25.69
26.23
26.77
27.3
27.83
28.36
28.88
29.42
29.97
30.5
31.03
31.56
32.1
32.62
33.16
33.7
34.23
34.76
35.29
35.82
36.36
36.89
37.44
37.98
38.52
39.05
39.58
40.11
40.64
41.17
41.71
42.24
42.76
43.29
43.81
44.35
44.87
45.41
45.95
46.49
47.02
47.55
48.09
48.63
49.16
49.7
50.22
50.75
51.28
51.82
52.34
52.88
53.41
53.94
54.48
55.02
55.55
56.09
56.62
57.16
57.69
58.22
58.75
59.29
59.84
60.37
60.91
61.44
61.97
62.5
63.03
63.56
64.09
64.62
65.16
65.69
66.23
66.76
67.29
67.83
68.37
68.9
69.43
69.96
70.49
71.03
71.57
72.1
72.63
73.17
73.7
74.22
74.75
75.28
75.82
76.35
76.88
77.42
77.95
78.47
79.01
79.55
80.1
80.63
81.16
81.7
82.23
82.75
83.29
83.82
84.35
84.89
85.42
85.96
86.5
87.03
87.56
88.1
88.65
89.18
89.7
90.23
90.76
91.29
91.82
92.35
92.89
93.42
93.96
94.5
95.03
95.56
96.08
96.63
97.16
97.69
98.22
98.76
99.29
99.83
100.35
100.89
101.42
101.95
102.47
103.01
103.54
104.08
104.61
105.16
105.69
106.22
106.75
107.29
107.81
108.34
108.88
109.42
109.95
110.49
111.02
111.56
112.09
112.62
113.14
113.69
114.22
114.76
115.29
115.82
116.35
116.88
117.42
117.96
118.49
119.02
119.54
120.08
120.61
121.15
121.68
122.22
122.76
123.29
123.82
124.36
124.89
125.42
125.96
126.5
127.02
127.56
128.09
128.62
129.15
129.68
130.21
130.75
131.28
131.82
132.35
132.89
133.42
133.96
134.49
135.02
135.55
136.09
136.62
137.15
137.68
138.22
138.75
139.29
139.82
140.35
140.89
141.43
141.96
142.49
143.02
143.56
144.09
144.63
145.15
145.69
146.21
146.75
147.28
147.81
148.34
148.88
149.41
149.94
150.48
151.01
151.54
152.08
152.61
153.15
153.69
154.23
154.76
155.3
155.82
156.36
156.89
157.43
157.95
158.49
159.02
159.56
160.09
160.62
161.15
161.69
162.22
162.75
163.28
163.81
164.34
164.87
165.41
165.94
166.48
167.02
167.55
168.09
168.62
169.15
169.68
170.21
170.74
171.28
171.81
172.35
172.88
173.41
173.94
174.48
175.01
175.55
176.08
176.62
177.14
177.68
178.21
178.75
179.31
179.85
180.4
180.93
181.44
181.97
182.5
183.03
183.58
184.1
184.64
185.18
185.71
186.24
186.76
187.29
187.83
188.36
188.9
189.43
189.97
190.5
191.04
191.59
192.13
192.66
193.19
193.7
194.21
194.72
195.23
195.74
196.25
196.77
197.29
197.81
198.33
198.84
199.35
199.86
200.37
200.88
201.39
201.9
202.41
202.92
203.42
203.91
