0.04
0.62
1.22
1.8
2.38
2.97
3.59
4.21
4.81
5.41
6.0
6.6
7.21
7.82
8.41
9.01
9.62
10.22
10.82
11.43
12.04
12.64
13.26
13.89
14.53
15.16
15.77
16.38
16.99
17.6
18.22
18.84
19.45
20.06
20.68
21.26
21.85
22.44
23.05
23.67
24.29
24.93
25.56
26.18
26.79
27.4
28.02
28.65
29.29
29.94
30.55
31.16
31.78
32.39
32.99
33.59
34.18
34.79
35.42
36.06
36.73
37.38
37.99
38.59
39.21
39.84
40.48
41.11
41.73
42.34
42.96
43.58
44.19
44.79
45.38
45.96
46.55
47.14
47.73
48.31
48.9
49.48
50.07
50.65
51.25
51.84
52.44
53.04
53.64
54.23
54.82
55.4
55.99
56.57
57.17
57.78
58.38
58.97
59.58
60.18
60.8
61.39
61.98
62.56
63.15
63.74
64.33
64.92
65.5
66.08
66.67
67.26
67.86
68.45
69.05
69.64
70.23
70.81
71.39
71.97
72.55
73.13
73.72
74.3
74.88
75.47
76.05
76.63
77.23
77.81
78.4
78.99
79.58
80.16
80.75
81.33
81.91
82.48
83.05
83.62
84.2
84.78
85.35
85.94
86.52
87.11
87.71
88.31
88.91
89.5
90.09
90.71
91.31
91.93
92.53
93.13
93.74
94.34
94.93
95.52
96.1
96.69
97.28
97.89
98.48
99.07
99.65
100.24
100.83
101.4
101.98
102.56
103.15
103.75
104.35
104.95
105.56
106.14
106.72
107.3
107.88
108.46
109.06
109.64
110.21
110.79
111.38
111.97
112.56
113.15
113.73
114.31
114.89
115.46
116.03
116.6
117.18
117.75
118.31
118.87
119.45
120.01
120.58
121.17
121.73
122.3
122.88
123.45
124.03
124.6
125.16
125.73
126.3
126.85
127.4
127.97
128.55
129.12
129.68
130.25
130.83
131.4
131.97
132.54
133.11
133.69
134.28
134.85
135.42
135.98
136.56
137.14
137.71
138.29
138.87
139.45
140.03
140.59
141.16
141.74
142.32
142.89
143.47
144.04
144.59
145.16
145.73
146.32
146.93
147.48
148.06
148.62
149.19
149.76
150.34
150.91
151.48
152.05
152.61
153.17
153.72
154.28
154.84
155.41
155.98
156.54
157.11
157.68
158.25
158.81
159.38
159.95
160.52
161.09
161.65
162.23
162.8
163.37
163.94
164.5
165.07
165.65
166.21
166.78
167.36
167.93
168.5
169.07
169.66
170.24
170.81
171.39
171.97
172.55
173.14
173.73
174.34
174.93
175.52
176.1
176.69
177.29
177.87
178.45
179.02
179.6
180.18
180.77
181.35
181.94
182.53
183.12
183.7
184.3
184.9
185.51
186.13
186.75
187.32
187.83
188.36
188.98
189.56
190.15
190.76
191.37
191.95
192.5
193.08
193.7
194.28
194.85
195.42
195.99
196.57
197.15
197.74
