0.07
0.42
0.77
1.13
1.48
1.84
2.19
2.54
2.9
3.26
3.61
3.97
4.32
4.67
5.03
5.39
5.74
6.1
6.45
6.81
7.16
7.51
7.87
8.23
8.59
8.95
9.31
9.67
10.02
10.37
10.73
11.08
11.42
11.77
12.14
12.49
12.85
13.2
13.56
13.91
14.27
14.62
14.98
15.33
15.68
16.04
16.39
16.75
17.11
17.48
17.84
18.2
18.55
18.9
19.25
19.6
19.95
20.31
20.66
21.01
21.37
21.72
22.07
22.43
22.79
23.14
23.5
23.85
24.21
24.56
24.91
25.27
25.63
25.99
26.34
26.7
27.05
27.41
27.77
28.12
28.47
28.82
29.18
29.54
29.89
30.25
30.6
30.96
31.31
31.67
32.02
32.38
32.73
33.09
33.45
33.8
34.16
34.51
34.87
35.23
35.58
35.93
36.29
36.64
36.99
37.33
37.69
38.05
38.41
38.77
39.12
39.48
39.83
40.19
40.55
40.9
41.26
41.62
41.97
42.32
42.68
43.03
43.39
43.74
44.1
44.45
44.81
45.16
45.52
45.87
46.23
46.59
46.94
47.29
47.65
48.0
48.36
48.72
49.07
49.42
49.78
50.13
50.49
50.84
51.2
51.55
51.91
52.26
52.62
52.97
53.33
53.68
54.04
54.39
54.75
55.1
55.46
55.81
56.17
56.52
56.88
57.23
57.59
57.94
58.3
58.65
59.01
59.37
59.72
60.08
60.43
60.78
61.14
61.5
61.85
62.21
62.56
62.91
63.27
63.63
63.98
64.33
64.69
65.04
65.4
65.76
66.11
66.47
66.82
67.18
67.53
67.88
68.24
68.6
68.95
69.31
69.66
70.02
70.37
70.73
71.08
71.43
71.79
72.14
72.5
72.86
73.21
73.56
73.92
74.28
74.63
74.98
75.34
75.7
76.05
76.41
76.76
77.12
77.47
77.82
78.18
78.53
78.89
79.25
79.6
79.96
80.31
80.66
81.02
81.38
81.73
82.08
82.44
82.79
83.15
83.5
83.86
84.21
84.56
84.92
85.28
85.63
85.99
86.35
86.7
87.06
87.41
87.77
88.12
88.48
88.83
89.18
89.54
89.89
90.24
90.59
90.95
91.31
91.67
92.02
92.38
92.73
93.08
93.44
93.8
94.15
94.5
94.86
95.22
95.58
95.93
96.28
96.64
96.99
97.34
97.7
98.06
98.42
98.77
99.12
99.47
99.82
100.18
100.54
100.9
101.25
101.61
101.96
102.32
102.67
103.03
103.39
103.74
104.1
104.45
104.8
105.16
105.51
105.87
106.23
106.59
106.94
107.29
107.65
108.0
108.35
108.71
109.06
109.41
109.76
110.12
110.48
110.84
111.2
111.56
111.92
112.27
112.62
112.97
113.33
113.68
114.03
114.39
114.75
115.1
115.46
115.81
116.17
116.52
116.88
117.23
117.59
117.94
118.3
118.66
119.01
119.37
119.72
120.07
120.43
120.78
121.14
121.49
121.85
122.2
122.56
122.91
123.27
123.62
123.98
124.33
124.69
125.04
125.4
125.75
126.11
126.46
126.82
127.17
127.53
127.88
128.24
128.6
128.95
129.31
129.66
130.02
130.37
130.72
131.07
131.43
131.79
132.14
132.5
132.85
133.21
133.57
133.92
134.28
134.63
134.98
135.33
135.69
136.05
136.4
136.76
137.12
137.47
137.83
138.18
138.53
138.89
139.24
139.6
139.95
140.31
140.67
141.02
141.37
141.73
142.09
142.44
142.79
143.15
143.5
143.86
144.22
144.57
144.93
145.28
145.64
145.99
146.35
146.7
147.06
147.41
147.77
148.12
148.48
148.83
149.19
149.54
149.9
150.25
150.61
150.96
151.32
151.67
152.03
152.38
152.74
153.09
153.45
153.8
154.15
154.51
154.87
155.22
155.58
155.93
156.29
156.64
157.0
157.35
157.71
158.06
158.42
158.77
159.13
159.48
159.84
160.19
160.55
160.9
161.26
161.62
161.98
162.33
162.68
163.04
163.39
163.74
164.1
164.45
164.81
165.16
165.52
165.87
166.23
166.58
166.94
167.29
167.65
168.0
168.36
168.71
169.07
169.42
169.78
170.14
170.49
170.84
171.2
171.55
171.91
172.26
172.62
172.97
173.33
173.68
174.04
174.39
174.75
175.1
175.46
175.81
176.17
176.52
176.88
177.23
177.59
177.94
178.3
178.65
179.01
179.36
179.72
180.08
180.43
180.79
181.14
181.5
181.85
182.2
182.56
182.91
183.27
183.62
183.98
184.33
184.69
185.04
185.4
185.76
186.11
186.47
186.82
187.17
187.53
187.88
188.24
188.59
188.95
189.3
189.66
190.01
190.37
190.72
191.08
191.44
191.79
192.14
192.5
192.85
193.21
193.56
193.92
194.28
194.63
194.98
195.34
195.7
196.05
196.41
196.76
197.12
197.47
197.83
198.18
198.53
198.89
199.24
199.6
199.96
200.31
200.66
201.02
201.37
201.73
202.08
202.44
202.8
203.15
203.51
203.86
204.22
204.57
204.92
205.28
205.64
205.99
206.35
206.7
207.06
207.4
207.75
208.11
208.47
208.83
209.19
209.54
209.88
210.23
210.58
210.94
211.31
211.67
212.02
212.38
212.74
213.1
213.45
213.8
214.16
214.51
214.86
215.21
215.57
215.93
216.28
216.64
216.99
217.35
217.7
218.06
218.41
218.77
219.12
219.48
219.83
220.19
220.55
