0.1
0.65
1.2
1.74
2.3
2.85
3.4
3.95
4.5
5.05
5.61
6.16
6.71
7.26
7.81
8.36
8.91
9.45
10.0
10.55
11.1
11.65
12.2
12.75
13.3
13.85
14.4
14.95
15.5
16.05
16.6
17.15
17.7
18.25
18.8
19.35
19.9
20.45
20.99
21.54
22.09
22.64
23.19
23.74
24.29
24.84
25.39
25.94
26.49
27.04
27.59
28.14
28.69
29.24
29.79
30.34
30.89
31.43
31.99
32.55
33.1
33.64
34.19
34.74
35.29
35.84
36.39
36.94
37.49
38.04
38.59
39.14
39.69
40.24
40.79
41.34
41.89
42.44
42.99
43.54
44.09
44.63
45.18
45.73
46.28
46.83
47.38
47.93
48.49
49.04
49.59
50.14
50.69
51.24
51.79
52.34
52.89
53.44
53.99
54.54
55.09
55.64
56.19
56.74
57.29
57.84
58.39
58.94
59.49
60.03
60.58
61.13
61.68
62.23
62.78
63.33
63.88
64.43
64.98
65.53
66.08
66.63
67.18
67.73
68.28
68.82
69.37
69.92
70.47
71.02
71.57
72.12
72.67
73.22
73.77
74.32
74.87
75.42
75.97
76.52
77.07
77.62
78.17
78.72
79.27
79.82
80.37
80.92
81.47
82.02
82.57
83.12
83.67
84.22
84.77
85.32
85.87
86.41
86.96
87.51
88.06
88.61
89.16
89.71
90.26
90.81
91.36
91.91
92.46
93.01
93.56
94.11
94.66
95.21
95.76
96.31
96.86
97.41
97.96
98.51
99.06
99.61
100.16
100.71
101.26
101.81
102.36
102.91
103.46
104.01
104.56
105.11
105.66
106.21
106.76
107.31
107.86
108.41
108.96
109.51
110.06
110.6
111.15
111.7
112.25
112.8
113.35
113.9
114.45
115.0
115.55
116.1
116.65
117.2
117.75
118.3
118.85
119.39
119.94
120.5
121.05
121.6
122.15
122.7
123.25
123.8
124.35
124.9
125.45
126.0
126.55
127.09
127.64
128.19
128.74
129.29
129.84
130.39
130.94
131.49
132.04
132.59
133.14
133.69
134.24
134.79
135.34
135.89
136.44
136.99
137.54
138.09
138.64
139.19
139.74
140.29
140.84
141.39
141.94
142.49
143.04
143.59
144.14
144.69
145.24
145.79
146.34
146.89
147.44
147.99
148.54
149.09
149.64
150.19
150.74
151.29
151.84
152.39
152.94
153.49
154.04
154.58
155.13
155.68
156.23
156.78
157.33
157.88
158.43
158.98
159.53
160.08
160.63
161.18
161.73
162.28
162.83
163.38
163.93
164.48
165.03
165.58
166.13
166.68
167.23
167.78
168.33
168.88
169.43
169.98
170.53
171.08
171.63
172.18
172.73
173.28
173.83
174.38
174.93
175.48
176.03
176.58
177.13
177.68
178.23
178.78
179.33
179.88
180.43
180.97
181.52
182.07
182.62
183.17
183.72
184.27
184.82
185.37
185.92
186.47
187.02
187.57
188.12
188.67
189.22
189.77
190.32
190.87
191.42
191.97
192.52
193.07
193.62
194.16
194.71
195.26
195.81
196.36
196.91
197.46
198.02
198.56
199.11
199.66
200.22
200.77
201.32
201.87
202.42
202.97
203.52
204.07
204.62
205.17
205.72
206.26
206.81
207.36
207.91
208.46
209.01
209.56
210.11
210.66
211.21
211.76
212.31
212.86
213.41
213.96
214.51
215.05
215.61
216.15
216.7
217.25
217.8
218.35
218.9
219.45
220.0
220.55
221.1
221.65
222.2
222.75
223.3
223.85
224.4
224.94
225.49
226.04
226.59
227.14
227.69
228.24
228.8
229.34
229.89
230.44
230.99
231.54
232.1
232.65
233.2
233.74
234.29
234.84
235.39
235.94
236.49
237.04
237.59
238.14
238.69
239.24
239.79
240.34
240.89
241.44
241.99
242.54
243.09
243.64
244.19
244.74
245.29
245.84
246.39
246.94
247.49
248.03
248.59
249.14
249.69
250.23
250.79
251.33
251.89
252.44
252.99
253.54
254.09
254.64
255.19
255.73
256.29
256.83
