0.01
0.3
0.63
1.0
1.37
1.74
2.11
2.48
2.85
3.21
3.58
3.95
4.31
4.68
5.05
5.41
5.78
6.15
6.51
6.88
7.24
7.6
7.96
8.33
8.69
9.05
9.41
9.77
10.13
10.49
10.85
11.21
11.58
11.94
12.3
12.66
13.03
13.39
13.75
14.11
14.47
14.84
15.2
15.56
15.92
16.28
16.64
16.99
17.34
17.69
18.05
18.41
18.77
19.13
19.5
19.87
20.24
20.6
20.97
21.33
21.7
22.06
22.42
22.78
23.13
23.49
23.85
24.21
24.57
24.93
25.3
25.66
26.02
26.38
26.74
27.1
27.46
27.82
28.18
28.54
28.9
29.26
29.62
29.98
30.35
30.72
31.09
31.48
31.85
32.21
32.57
32.93
33.29
33.65
34.01
34.37
34.73
35.09
35.46
35.83
36.2
36.56
36.92
37.29
37.65
38.01
38.38
38.74
39.1
39.46
39.82
40.18
40.54
40.9
41.26
41.62
41.98
42.34
42.7
43.06
43.43
43.8
44.16
44.52
44.88
45.24
45.6
45.97
46.34
46.71
47.07
47.44
47.81
48.18
48.55
48.91
49.28
49.64
50.0
50.37
50.73
51.09
51.45
51.81
52.17
52.54
52.91
53.27
53.63
54.0
54.36
54.72
55.08
55.44
55.8
56.16
56.51
56.86
57.23
57.6
57.97
58.34
58.71
59.07
59.44
59.81
60.17
60.54
60.91
61.27
61.62
61.98
62.34
62.7
63.06
63.42
63.78
64.14
64.51
64.87
65.23
65.59
65.96
66.33
66.72
67.08
67.45
67.82
68.18
68.54
68.9
69.26
69.62
69.99
70.36
70.72
71.08
71.44
71.81
72.17
72.53
72.9
73.26
73.62
73.99
74.36
74.73
75.1
75.47
75.84
76.21
76.58
76.95
77.31
77.67
78.03
78.4
78.76
79.13
79.5
79.87
80.24
80.62
80.99
81.36
81.73
82.1
82.46
82.83
83.2
83.56
83.93
84.29
84.66
85.04
85.41
85.77
86.13
86.5
86.86
87.23
87.6
87.97
88.33
88.69
89.05
89.42
89.78
90.15
90.51
90.87
91.24
91.6
91.97
92.33
92.7
93.07
93.43
93.8
94.17
94.53
94.9
95.27
95.64
96.01
96.37
96.74
97.11
97.48
97.85
98.22
98.59
98.96
99.32
99.68
100.04
100.41
100.78
101.15
101.52
101.89
102.26
102.63
102.99
103.35
103.71
104.07
104.44
104.81
105.18
105.55
105.92
106.29
106.66
107.03
107.4
107.76
108.12
108.48
108.84
109.21
109.57
109.94
110.3
110.67
111.04
111.42
111.79
112.17
112.54
112.91
113.28
113.65
114.03
114.41
114.79
115.16
115.53
115.9
116.27
116.64
117.0
117.37
117.74
118.11
118.48
118.85
119.22
119.59
119.97
120.34
120.71
121.07
121.44
121.81
122.19
122.57
122.95
123.31
123.63
123.94
124.25
124.56
124.89
125.21
125.52
125.85
126.17
126.5
126.83
127.15
127.46
127.77
128.07
128.36
128.68
129.01
129.32
129.64
129.96
130.27
130.59
130.92
131.27
131.61
131.97
132.33
132.68
133.02
133.34
133.65
133.94
134.25
134.58
134.91
135.23
135.53
135.83
136.16
136.49
136.81
137.15
137.51
137.85
138.18
138.5
138.85
139.18
139.53
139.91
140.3
140.66
141.02
141.38
141.73
142.09
142.46
142.82
143.18
143.54
143.9
144.27
144.64
145.01
145.37
145.73
146.1
146.46
146.82
147.18
147.55
147.91
148.28
148.64
149.0
149.36
149.72
150.08
150.44
150.8
151.17
151.54
151.9
152.26
152.62
152.97
153.33
153.68
154.05
154.42
154.78
155.13
155.49
155.86
156.22
156.58
156.95
157.31
157.68
158.04
158.41
158.77
159.14
159.5
159.86
160.22
160.59
160.96
161.33
161.69
162.05
162.42
162.79
163.15
163.52
163.88
164.25
164.62
164.99
165.35
165.72
166.08
166.45
166.81
167.17
167.53
167.89
168.25
168.61
168.97
169.33
169.69
170.05
170.42
170.79
171.16
171.53
171.89
172.25
172.61
172.98
173.34
173.7
174.06
174.43
174.8
175.16
175.52
175.89
176.25
176.61
176.97
177.33
177.7
178.06
178.42
178.78
179.14
179.51
179.87
180.24
180.6
180.96
181.32
181.68
182.04
182.41
182.78
183.14
183.51
183.87
184.23
184.6
184.96
185.32
185.68
186.05
186.41
186.77
187.13
187.49
187.85
188.21
188.57
188.94
189.31
189.67
190.04
190.41
190.78
191.15
191.52
191.89
192.26
192.63
193.0
193.36
193.72
194.09
194.46
194.84
195.21
195.58
195.95
196.32
196.68
197.05
197.42
197.79
198.15
198.52
198.88
199.23
199.59
199.96
200.33
200.7
201.07
201.44
201.8
202.16
202.53
202.9
203.27
203.64
204.01
204.38
204.75
205.12
205.48
205.85
206.22
206.58
206.94
207.31
207.68
208.05
208.41
208.79
209.18
209.58
209.97
210.32
210.6
210.9
211.23
211.55
211.9
212.25
212.56
212.88
213.22
213.57
213.91
214.23
214.55
214.87
215.19
215.52
215.82
216.11
216.4
216.72
217.06
217.41
217.77
218.13
218.49
218.88
219.2
219.57
219.95
220.29
220.63
220.98
221.33
221.69
222.05
222.41
222.77
223.14
223.51
