0.11
0.63
1.15
1.66
2.18
2.7
3.21
3.72
4.24
4.76
5.27
5.79
6.32
6.84
7.36
7.87
8.39
8.91
9.42
9.94
10.46
10.98
11.5
12.02
12.53
13.05
13.56
14.07
14.59
15.11
15.63
16.16
16.67
17.18
17.7
18.22
18.73
19.25
19.77
20.29
20.81
21.32
21.84
22.36
22.87
23.39
23.91
24.43
24.94
25.46
25.97
26.48
27.01
27.53
28.05
28.56
29.08
29.6
30.11
30.63
31.15
31.66
32.18
32.7
33.22
33.73
34.25
34.77
35.29
35.8
36.32
36.83
37.35
37.87
38.39
38.91
39.43
39.94
40.46
40.98
41.5
42.01
42.52
43.04
43.56
44.08
44.6
45.11
45.63
46.15
46.67
47.19
47.7
48.22
48.74
49.26
49.77
50.29
50.81
51.32
51.84
52.36
52.88
53.4
53.91
54.43
54.94
55.46
55.98
56.5
57.01
57.53
58.05
58.56
59.08
59.6
60.12
60.63
61.15
61.67
62.19
62.7
63.22
63.74
64.26
64.77
65.29
65.81
66.32
66.84
67.36
67.87
68.39
68.91
69.43
69.95
70.46
70.98
71.5
72.02
72.53
73.05
73.56
74.08
74.6
75.12
75.64
76.16
76.67
77.19
77.71
78.23
78.74
79.26
79.78
80.3
80.81
81.32
81.84
82.36
82.88
83.4
83.92
84.44
84.94
85.46
85.98
86.5
87.01
87.53
88.05
88.57
89.09
89.6
90.12
90.64
91.15
91.67
92.19
92.7
93.22
93.74
94.26
94.78
95.29
95.81
96.32
96.83
97.35
97.87
98.39
98.91
99.43
99.94
100.46
100.98
101.5
102.01
102.53
103.04
103.56
104.08
104.59
105.11
105.63
106.15
106.67
107.19
107.7
108.22
108.74
109.26
109.77
110.29
110.81
111.33
111.85
112.36
112.88
113.4
113.91
114.43
114.95
115.46
115.98
116.5
117.01
117.52
118.04
118.56
119.08
119.59
120.11
120.63
121.15
121.67
122.19
122.7
123.22
123.74
124.26
124.77
125.28
125.8
126.32
126.84
127.36
127.88
128.4
128.91
129.43
129.95
130.46
130.98
131.5
132.02
132.54
133.05
133.57
134.08
134.6
135.11
135.63
136.15
136.67
137.18
137.7
138.22
138.74
139.26
139.77
140.29
140.81
141.32
141.84
142.36
142.88
143.39
143.91
144.43
144.95
145.46
145.98
146.5
147.01
147.53
148.05
148.57
149.08
149.6
150.12
150.63
151.15
151.67
152.19
152.7
153.22
153.74
154.26
154.77
155.29
155.81
156.33
156.84
157.35
157.87
158.39
158.91
159.43
159.94
160.46
160.98
161.49
162.01
162.53
163.05
163.57
164.08
164.6
165.12
165.63
166.15
166.67
167.19
167.7
168.22
168.74
169.25
169.77
170.29
170.81
171.32
171.84
172.36
172.87
173.39
173.91
174.43
174.95
175.46
175.98
176.5
177.02
177.53
178.04
178.55
179.08
179.6
180.12
180.63
181.15
181.67
182.19
182.7
183.22
183.74
184.25
184.77
185.29
185.81
186.32
186.84
187.36
187.88
188.4
188.91
189.43
189.96
190.46
190.98
191.49
192.01
192.53
193.04
193.55
194.07
194.6
195.11
195.63
196.14
196.66
197.18
197.7
198.21
198.73
199.25
199.77
200.29
200.8
201.32
201.83
202.34
202.88
203.4
203.92
204.44
204.95
205.46
205.98
206.5
207.02
207.53
208.05
208.57
209.08
209.6
210.12
210.63
211.15
211.67
212.19
212.71
213.22
213.74
214.26
214.78
215.29
215.81
216.33
216.84
217.36
217.88
218.39
218.91
219.43
219.95
220.46
220.98
221.5
222.01
222.53
223.05
223.57
224.08
224.6
225.11
225.63
226.15
226.67
227.19
227.7
228.21
228.73
229.25
229.77
230.28
230.8
231.32
231.84
232.36
232.87
233.38
233.91
234.43
234.95
235.46
235.98
236.5
237.01
237.52
238.04
238.55
239.06
239.58
240.11
240.63
241.15
241.66
242.18
242.7
243.2
243.72
244.23
244.77
245.31
245.85
246.33
246.84
247.35
247.86
248.39
248.89
249.39
249.9
250.33
250.77
251.27
251.78
252.28
252.79
253.32
253.84
