0.12
0.6
1.08
1.55
2.03
2.51
2.99
3.48
3.96
4.44
4.93
5.41
5.89
6.35
6.83
7.3
7.78
8.26
8.74
9.22
9.7
10.18
10.66
11.14
11.62
12.1
12.58
13.06
13.54
14.02
14.5
14.98
15.46
15.94
16.42
16.9
17.38
17.86
18.34
18.82
19.3
19.78
20.26
20.74
21.22
21.7
22.18
22.66
23.14
23.62
24.1
24.58
25.06
25.54
26.02
26.5
26.98
27.46
27.94
28.42
28.9
29.38
29.86
30.34
30.82
31.3
31.78
32.26
32.74
33.22
33.7
34.18
34.66
35.14
35.62
36.1
36.58
37.06
37.54
38.02
38.5
38.98
39.46
39.94
40.42
40.9
41.38
41.86
42.34
42.82
43.3
43.78
44.26
44.74
45.22
45.69
46.18
46.66
47.14
47.62
48.1
48.58
49.06
49.54
50.02
50.5
50.98
51.46
51.93
52.41
52.89
53.37
53.85
54.34
54.82
55.3
55.78
56.26
56.74
57.22
57.7
58.18
58.66
59.14
59.61
60.09
60.57
61.06
61.54
62.02
62.5
62.98
63.46
63.94
64.42
64.9
65.38
65.86
66.34
66.82
67.3
67.78
68.26
68.74
69.22
69.7
70.18
70.66
71.14
71.62
72.1
72.58
73.06
73.54
74.02
74.5
74.98
75.46
75.94
76.42
76.9
77.38
77.86
78.34
78.82
79.3
79.78
80.26
80.74
81.22
81.7
82.18
82.66
83.14
83.62
84.1
84.58
85.06
85.54
86.02
86.5
86.98
87.46
87.94
88.42
88.9
89.38
89.86
90.34
90.82
91.3
91.78
92.26
92.74
93.22
93.7
94.18
94.66
95.14
95.62
96.1
96.58
97.06
97.54
98.02
98.5
98.98
99.46
99.94
100.42
100.9
101.38
101.86
102.34
102.82
103.3
103.78
104.26
104.74
105.22
105.7
106.18
106.66
107.14
107.62
108.1
108.58
109.06
109.54
110.02
110.5
110.98
111.46
111.94
112.42
112.9
113.38
113.86
114.34
114.82
115.3
115.78
116.26
116.74
117.22
117.7
118.18
118.66
119.14
119.62
120.1
120.58
121.05
121.53
122.02
122.5
122.98
123.46
123.94
124.42
124.9
125.38
125.86
126.34
126.82
127.3
127.78
128.26
128.73
129.21
129.69
130.18
130.66
131.14
131.62
132.1
132.58
133.06
133.54
134.02
134.5
134.98
135.46
135.94
136.42
136.9
137.38
137.86
138.34
138.82
139.3
139.78
140.26
140.74
141.22
141.7
142.18
142.66
143.14
143.62
144.1
144.58
145.06
145.54
146.02
146.5
146.98
147.46
147.93
148.41
148.89
149.38
149.86
150.34
150.82
151.3
151.78
152.26
152.74
153.22
153.7
154.18
154.66
155.14
155.62
156.1
156.58
157.06
157.54
158.02
158.5
158.98
159.46
159.94
160.42
160.9
161.38
161.86
162.34
162.82
163.3
163.78
164.26
164.74
165.22
165.7
166.18
166.66
167.14
167.62
168.1
168.58
169.06
169.54
170.02
170.5
170.98
171.46
171.94
172.42
172.9
173.38
173.86
174.34
174.82
175.29
175.77
176.25
176.74
177.22
177.7
178.18
178.66
179.14
179.62
180.1
180.58
181.06
181.54
182.02
182.49
182.97
183.45
183.93
184.41
184.9
185.38
185.86
186.34
186.81
187.29
187.77
188.25
188.73
189.21
189.69
190.17
190.65
191.13
191.61
192.1
192.58
193.06
193.54
194.02
194.5
194.98
195.46
195.94
196.42
196.9
197.38
197.85
198.33
198.81
199.29
199.77
200.25
200.73
201.21
201.69
202.17
202.65
203.13
203.61
204.09
204.57
205.05
205.53
206.01
206.49
206.97
207.45
207.94
208.42
208.9
209.38
209.85
210.33
210.81
211.29
