0.1
0.55
1.0
1.45
1.9
2.34
2.79
3.24
3.68
4.13
4.58
5.03
5.48
5.92
6.37
6.82
7.27
7.72
8.16
8.61
9.06
9.51
9.95
10.4
10.85
11.3
11.74
12.19
12.64
13.09
13.53
13.98
14.43
14.88
15.33
15.77
16.22
16.67
17.12
17.56
18.01
18.46
18.91
19.36
19.8
20.25
20.7
21.15
21.6
22.04
22.49
22.94
23.39
23.83
24.28
24.73
25.17
25.62
26.07
26.52
26.97
27.42
27.86
28.31
28.76
29.21
29.66
30.1
30.55
31.0
31.45
31.9
32.34
32.79
33.24
33.69
34.13
34.58
35.03
35.48
35.93
36.37
36.82
37.27
37.72
38.16
38.61
39.06
39.51
39.96
40.4
40.85
41.3
41.75
42.2
42.64
43.09
43.54
43.98
44.43
44.88
45.33
45.78
46.23
46.67
47.12
47.57
48.01
48.46
48.91
49.36
49.81
50.25
50.7
51.15
51.6
52.04
52.49
52.94
53.39
53.83
54.28
54.73
55.18
55.63
56.08
56.52
56.97
57.42
57.87
58.31
58.76
59.21
59.66
60.1
60.55
61.0
61.45
61.9
62.34
62.79
63.24
63.69
64.13
64.58
65.03
65.47
65.92
66.37
66.82
67.27
67.72
68.17
68.61
69.06
69.51
69.95
70.4
70.85
71.3
71.74
72.19
72.64
73.09
73.54
73.99
74.43
74.88
75.33
75.78
76.22
76.67
77.12
77.56
78.01
78.46
78.91
79.36
79.8
80.25
80.7
81.15
81.59
82.04
82.49
82.94
83.38
83.83
84.28
84.73
85.18
85.62
86.07
86.52
86.97
87.42
87.87
88.32
88.76
89.21
89.65
90.09
90.54
90.99
91.44
91.89
92.34
92.79
93.24
93.69
94.13
94.58
95.03
95.48
95.93
96.37
96.82
97.27
97.72
98.17
98.61
99.06
99.51
99.95
100.4
100.85
101.3
101.75
102.19
102.64
103.09
103.54
103.98
104.43
104.88
105.33
105.78
106.23
106.67
107.12
107.57
108.01
108.46
108.91
109.36
109.81
110.25
110.7
111.15
111.6
112.04
112.49
112.94
113.39
113.84
114.28
114.73
115.18
115.63
116.08
116.52
116.97
117.42
117.87
118.31
118.76
119.21
119.66
120.11
120.55
121.0
121.45
121.9
122.35
122.79
123.24
123.69
124.14
124.58
125.03
125.48
125.93
126.37
126.82
127.27
127.72
128.16
128.61
129.06
129.51
129.96
130.4
130.85
131.3
131.75
132.19
132.64
133.09
133.54
133.99
134.44
134.88
135.33
135.77
136.22
136.67
137.12
137.56
138.01
138.46
138.91
139.36
139.81
140.25
140.7
141.15
141.6
142.04
142.49
142.94
143.38
143.83
144.28
144.73
145.18
145.63
146.07
146.52
146.97
147.42
147.87
148.31
148.76
149.21
149.66
150.1
150.55
151.0
151.45
151.9
152.34
152.79
153.24
153.69
154.13
154.58
155.03
155.48
155.93
156.37
156.82
157.27
157.72
158.17
158.61
159.06
159.51
159.96
160.4
160.85
161.29
161.73
162.18
162.63
163.08
163.53
163.98
164.43
164.88
165.33
165.78
166.23
166.67
167.12
167.57
168.02
168.46
168.91
169.36
169.81
170.25
170.7
171.15
171.6
172.05
172.49
172.94
173.39
173.84
174.29
174.73
175.18
175.63
176.08
176.52
176.97
177.42
177.87
178.31
178.76
179.21
179.66
180.1
180.55
181.0
181.45
181.9
182.34
182.79
183.24
183.68
184.13
184.58
185.03
185.48
185.93
186.37
186.82
187.27
187.72
188.17
188.61
189.06
189.51
189.96
190.4
190.85
191.3
191.75
192.2
192.64
193.09
193.54
193.99
194.43
194.88
195.33
195.78
196.22
196.67
197.12
197.57
198.02
198.46
198.91
199.36
199.81
200.25
200.7
201.15
201.6
202.04
202.49
202.94
203.39
203.84
204.28
204.73
205.18
205.63
206.07
206.52
206.97
207.42
207.87
208.31
208.76
209.21
209.66
210.11
210.55
211.0
211.45
211.9
212.34
212.79
213.24
213.69
214.13
214.58
215.03
215.48
215.93
216.37
216.82
217.27
217.72
218.16
218.61
219.06
219.5
219.95
220.4
220.85
221.29
221.73
222.17
222.61
223.04
223.46
223.88
224.3
224.74
