0.12
0.57
1.01
1.45
1.89
2.34
2.78
3.22
3.66
4.1
4.54
4.98
5.41
5.85
6.29
6.73
7.18
7.63
8.07
8.51
8.95
9.38
9.81
10.25
10.69
11.14
11.59
12.02
12.45
12.9
13.35
13.8
14.24
14.69
15.12
15.56
16.0
16.44
16.89
17.32
17.76
18.21
18.65
19.08
19.52
19.96
20.4
20.85
21.3
21.74
22.18
22.62
23.06
23.49
23.93
24.37
24.82
25.28
25.73
26.16
26.59
27.03
27.47
27.91
28.35
28.79
29.23
29.68
30.12
30.56
30.99
31.43
31.88
32.32
32.76
33.2
33.64
34.08
34.52
34.96
35.41
35.85
36.29
36.73
37.17
37.61
38.05
38.49
38.93
39.37
39.82
40.26
40.7
41.14
41.58
42.03
42.47
42.91
43.35
43.8
44.24
44.68
45.12
45.56
46.0
46.45
46.88
47.32
47.76
48.2
48.64
49.09
49.53
49.97
50.41
50.86
51.3
51.74
52.18
52.62
53.06
53.5
53.94
54.38
54.82
55.26
55.7
56.15
56.6
57.04
57.47
57.91
58.36
58.8
59.24
59.68
60.12
60.56
61.0
61.44
61.88
62.32
62.77
63.21
63.65
64.09
64.53
64.97
65.41
65.85
66.3
66.74
67.18
67.62
68.06
68.5
68.94
69.38
69.83
70.27
70.71
71.15
71.59
72.03
72.47
72.91
73.35
73.79
74.23
74.67
75.11
75.55
75.99
76.43
76.88
77.32
77.76
78.2
78.64
79.08
79.51
79.96
80.4
80.84
81.28
81.73
82.17
82.61
83.05
83.48
83.93
84.37
84.82
85.26
85.7
86.15
86.59
87.02
87.46
87.9
88.34
88.79
89.23
89.67
90.11
90.55
90.99
91.43
91.88
92.32
92.76
93.2
93.64
94.08
94.52
94.96
95.4
95.84
96.29
96.73
97.17
97.61
98.05
98.49
98.94
99.38
99.82
100.26
100.71
101.15
101.58
102.02
102.47
102.91
103.35
103.79
104.23
104.67
105.11
105.55
105.99
106.44
106.88
107.32
107.76
108.2
108.63
109.07
109.52
109.96
110.41
110.85
111.29
111.73
112.17
112.61
113.05
113.5
113.94
114.38
114.82
115.26
115.7
116.14
116.58
117.02
117.46
117.9
118.34
118.78
119.23
119.67
120.12
120.56
121.0
121.43
121.88
122.32
122.76
123.2
123.64
124.08
124.52
124.96
125.4
125.84
126.29
126.73
127.18
127.63
128.06
128.5
128.95
129.39
129.82
130.27
130.71
131.15
131.59
132.03
132.47
132.91
133.35
133.79
134.23
134.68
135.12
135.56
136.0
136.44
136.88
137.32
137.77
138.21
138.65
139.09
139.53
139.97
140.41
140.85
141.3
141.74
142.18
142.62
143.07
143.51
143.95
144.39
144.83
145.27
145.71
146.15
146.59
147.03
147.47
147.91
148.36
148.8
149.24
149.68
150.12
150.56
151.0
151.44
151.88
152.33
152.77
153.21
153.65
154.08
154.52
154.97
155.41
155.85
156.29
156.73
157.17
157.62
158.06
158.5
158.94
159.38
159.82
160.27
160.71
161.15
161.59
162.03
162.47
162.91
163.35
163.79
164.23
164.67
165.11
165.55
166.0
166.44
166.88
167.32
167.76
168.2
168.65
169.09
169.54
169.98
170.42
170.86
171.3
171.74
172.17
172.61
173.06
173.51
173.95
174.39
174.83
175.27
175.72
176.16
176.59
177.03
177.47
177.91
178.35
178.79
179.23
179.68
180.12
180.56
181.01
181.45
181.89
182.33
182.76
183.21
183.65
184.1
184.54
184.98
185.42
185.86
186.3
186.74
187.18
187.63
188.06
188.5
188.94
189.38
189.82
190.27
190.71
191.16
191.6
192.04
192.48
192.92
193.36
193.8
194.24
194.68
195.12
195.56
196.0
196.44
196.88
197.33
197.77
198.22
198.65
199.09
199.54
199.98
200.42
200.86
201.31
201.75
202.18
202.62
203.06
203.5
203.94
204.39
204.83
205.27
205.71
206.15
206.59
207.03
207.47
207.91
208.36
208.8
209.24
209.68
210.12
210.56
211.0
211.44
211.89
212.32
212.76
213.2
213.65
214.09
214.53
214.97
215.41
215.85
216.29
216.73
217.18
217.63
218.07
218.51
218.94
219.37
219.81
220.25
220.7
221.15
221.62
222.1
222.59
223.09
223.6
224.12
224.59
224.95
225.33
225.72
226.07
226.43
226.83
227.25
227.71
228.18
228.61
229.04
229.46
229.87
230.27
230.67
231.07
