0.42
1.05
1.66
2.28
2.89
3.5
4.1
4.73
5.34
5.96
6.58
7.19
7.79
8.4
9.01
9.62
10.22
10.82
11.44
12.05
12.66
13.28
13.89
14.5
15.11
15.73
16.34
16.95
17.56
18.18
18.79
19.4
20.01
20.63
21.24
21.85
22.46
23.08
23.69
24.3
24.91
25.52
26.14
26.75
27.36
27.98
28.59
29.2
29.81
30.42
31.03
31.65
32.26
32.87
33.49
34.1
34.71
35.32
35.93
36.54
37.15
37.77
38.38
38.99
39.6
40.22
40.83
41.44
42.05
42.67
43.28
43.89
44.5
45.12
45.73
46.34
46.95
47.57
48.18
48.79
49.4
50.01
50.63
51.24
51.85
52.46
53.08
53.69
54.3
54.91
55.52
56.14
56.75
57.36
57.98
58.59
59.2
59.81
60.42
61.04
61.65
62.26
62.87
63.49
64.1
64.71
65.32
65.93
66.54
67.16
67.77
68.38
68.99
69.61
70.22
70.83
71.44
72.06
72.67
73.28
73.89
74.5
75.11
75.73
76.34
76.95
77.57
78.18
78.79
79.4
80.01
80.63
81.24
81.85
82.47
83.08
83.69
84.3
84.91
85.53
86.14
86.75
87.36
87.97
88.58
89.2
89.81
90.42
91.03
91.65
92.26
92.88
93.49
94.1
94.71
95.32
95.93
96.55
97.16
97.77
98.38
98.99
99.61
100.22
100.83
101.45
102.06
102.67
103.28
103.89
104.5
105.12
105.73
106.34
106.96
107.57
108.18
108.79
109.4
110.02
110.63
111.24
111.85
112.47
113.08
113.69
114.3
114.91
115.53
116.14
116.75
117.36
117.97
118.59
119.2
119.81
120.42
121.04
121.65
122.26
122.87
123.49
124.1
124.71
125.32
125.93
126.55
127.16
127.77
128.38
129.0
129.61
130.22
130.83
131.45
132.06
132.67
133.28
133.89
134.5
135.11
135.73
136.34
136.96
137.57
138.18
138.79
139.4
140.01
140.63
141.24
141.85
142.46
143.08
143.69
144.3
144.91
145.52
146.14
146.75
147.36
147.98
148.6
149.21
149.82
150.43
151.05
151.66
152.26
152.89
153.5
154.11
154.72
155.33
155.94
156.55
157.16
157.77
158.39
159.0
159.62
160.23
160.84
161.46
162.06
162.68
163.28
163.9
164.52
165.15
165.75
166.37
166.99
167.57
168.18
168.79
169.4
170.01
170.63
171.24
171.86
172.47
173.08
173.69
174.3
174.91
175.53
176.14
176.75
177.36
177.98
178.59
179.2
179.81
180.42
181.04
181.65
182.26
182.87
183.49
184.1
184.71
185.32
185.94
186.55
187.16
187.77
188.38
188.99
189.61
190.22
190.83
191.45
192.06
192.67
193.28
193.89
194.5
195.12
195.73
196.34
196.95
197.57
198.18
198.79
199.4
200.02
200.63
201.24
201.85
202.46
203.08
203.69
204.3
204.91
205.53
206.14
206.75
207.36
207.95
208.52
209.06
209.59
210.15
210.71
211.28
211.83
212.38
