0.13
0.73
1.39
2.08
2.77
3.45
4.12
4.79
5.46
6.13
6.8
7.47
8.14
8.81
9.48
10.15
10.82
11.49
12.16
12.83
13.5
14.17
14.84
15.51
16.18
16.85
17.52
18.19
18.86
19.53
20.2
20.87
21.54
22.22
22.89
23.55
24.22
24.89
25.56
26.24
26.91
27.58
28.25
28.92
29.59
30.25
30.92
31.6
32.27
32.94
33.62
34.28
34.95
35.63
36.29
36.96
37.63
38.3
38.98
39.65
40.32
40.99
41.66
42.33
43.0
43.67
44.33
45.0
45.68
46.35
47.02
47.69
48.36
49.03
49.7
50.37
51.04
51.71
52.38
53.05
53.72
54.39
55.06
55.73
56.4
57.07
57.74
58.42
59.09
59.76
60.43
61.1
61.77
62.44
63.1
63.78
64.45
65.12
65.79
66.46
67.13
67.8
68.47
69.14
69.82
70.48
71.15
71.82
72.49
73.17
73.84
74.51
75.18
75.84
76.5
77.16
77.84
78.52
79.19
79.87
80.54
81.21
81.88
82.55
83.22
83.89
84.56
85.23
85.9
86.57
87.24
87.91
88.58
89.25
89.92
90.59
91.26
91.93
92.6
93.27
93.94
94.61
95.28
95.96
96.63
97.3
97.97
98.64
99.31
99.98
100.65
101.32
101.99
102.66
103.33
104.0
104.67
105.34
106.01
106.69
107.36
108.03
108.7
109.37
110.04
110.71
111.38
112.05
112.72
113.39
114.06
114.73
115.4
116.07
116.74
117.41
118.08
118.75
119.42
120.09
120.76
121.43
122.1
122.77
123.44
124.12
124.79
125.45
126.12
126.79
127.46
128.13
128.81
129.48
130.15
130.82
131.49
132.16
132.83
133.5
134.17
134.84
135.51
136.18
136.85
137.52
138.19
138.86
139.53
140.2
140.87
141.54
142.21
142.89
143.56
144.23
144.9
145.57
146.24
146.91
147.58
148.25
148.92
149.59
150.26
150.93
151.59
152.25
152.93
153.61
154.28
154.95
155.62
156.29
156.96
157.64
158.31
158.98
159.65
160.32
160.99
161.66
162.33
163.0
163.67
164.34
165.01
165.68
166.35
167.02
167.69
168.36
169.03
169.7
170.37
171.04
171.71
172.38
173.05
173.72
174.39
175.06
175.73
176.4
177.08
177.75
178.42
179.09
179.76
180.43
181.1
181.77
182.44
183.11
183.78
184.45
185.12
185.79
186.46
187.13
187.8
188.47
189.14
189.81
190.48
191.15
191.82
192.49
193.16
193.83
194.5
195.17
195.85
196.52
197.19
197.86
198.53
199.2
199.87
200.54
201.21
201.88
202.54
203.22
203.89
204.57
205.23
205.92
206.59
207.31
207.93
208.58
209.22
209.85
210.49
211.1
211.72
212.34
212.99
