0.27
1.01
1.76
2.51
3.25
4.01
4.76
5.49
6.24
6.98
7.71
8.45
9.2
10.0
10.71
11.46
12.21
12.95
13.69
14.44
15.19
15.94
16.68
17.43
18.17
18.91
19.66
20.41
21.15
21.9
22.64
23.39
24.14
24.87
25.62
26.37
27.11
27.87
28.61
29.35
30.1
30.84
31.6
32.33
33.06
33.82
34.57
35.31
36.05
36.76
37.51
38.25
38.99
39.69
40.46
41.23
41.95
42.67
43.47
44.21
44.97
45.71
46.45
47.21
47.97
48.72
49.47
50.21
50.95
51.71
52.45
53.2
53.94
54.69
55.42
56.16
56.9
57.67
58.41
59.16
59.92
60.66
61.4
62.14
62.88
63.64
64.38
65.12
65.87
66.61
67.34
68.1
68.85
69.6
70.33
71.07
71.83
72.58
73.32
74.07
74.82
75.57
76.31
77.06
77.8
78.54
79.29
80.03
80.77
81.52
82.27
83.02
83.76
84.5
85.25
86.0
86.75
87.49
88.23
88.98
89.73
90.47
91.21
91.95
92.69
93.44
94.19
94.95
95.69
96.43
97.18
97.93
98.67
99.42
100.17
100.91
101.66
102.4
103.14
103.88
104.61
105.36
106.09
106.86
107.61
108.36
109.1
109.85
110.59
111.31
112.05
112.82
113.57
114.31
115.06
115.81
116.56
117.31
118.07
118.81
119.54
120.28
121.03
121.77
122.51
123.26
124.0
124.76
125.5
126.25
127.0
127.74
128.49
129.24
129.99
130.72
131.46
132.2
132.95
133.7
134.45
135.19
135.93
136.68
137.43
138.17
138.92
139.66
140.4
141.16
141.91
142.65
143.39
144.13
144.87
145.62
146.37
147.12
147.86
148.61
149.36
150.1
150.84
151.59
152.33
153.08
153.83
154.57
155.31
156.06
156.81
157.55
158.3
159.04
159.79
160.54
161.28
162.01
162.76
163.51
164.26
165.01
165.75
166.5
167.25
167.99
168.73
169.48
170.23
170.97
171.71
172.46
173.2
173.94
174.69
175.44
176.18
176.92
177.67
178.42
179.16
179.91
180.64
181.39
182.13
182.89
183.66
184.42
185.16
185.89
186.65
187.39
188.13
188.88
189.64
190.37
191.1
191.85
192.62
193.37
194.1
194.84
195.58
196.32
197.06
197.81
198.57
199.31
200.06
200.79
201.57
202.3
203.06
203.81
204.55
205.27
206.0
206.74
207.49
208.24
208.99
209.73
210.47
211.23
211.97
212.71
213.46
214.2
214.95
215.69
216.44
217.19
217.93
218.67
219.41
220.17
220.91
221.66
222.41
223.15
223.89
224.64
225.39
226.13
226.87
227.61
228.38
229.11
229.85
230.58
231.3
232.03
232.82
233.5
234.23
234.98
