0.22
0.74
1.25
1.76
2.28
2.81
3.33
3.85
4.36
4.89
5.41
5.93
6.45
6.98
7.5
8.03
8.55
9.07
9.59
10.11
10.64
11.16
11.68
12.2
12.72
13.24
13.77
14.3
14.82
15.34
15.86
16.38
16.9
17.43
17.94
18.46
18.99
19.51
20.03
20.54
21.05
21.59
22.12
22.64
23.17
23.69
24.2
24.71
25.23
25.77
26.3
26.82
27.34
27.86
28.38
28.89
29.41
29.93
30.45
30.97
31.5
32.03
32.55
33.07
33.58
34.11
34.64
35.16
35.69
36.21
36.74
37.26
37.78
38.3
38.82
39.34
39.86
40.37
40.9
41.43
41.95
42.47
43.0
43.52
44.04
44.57
45.09
45.61
46.13
46.66
47.18
47.69
48.2
48.73
49.25
49.77
50.29
50.82
51.34
51.86
52.38
52.9
53.42
53.94
54.46
54.99
55.51
56.03
56.56
57.08
57.59
58.11
58.64
59.16
59.69
60.21
60.73
61.25
61.77
62.29
62.8
63.33
63.85
64.37
64.9
65.43
65.95
66.47
66.98
67.5
68.03
68.54
69.07
69.6
70.12
70.64
71.16
71.69
72.22
72.74
73.25
73.77
74.3
74.82
75.34
75.86
76.38
76.9
77.43
77.95
78.47
78.99
79.5
80.02
80.54
81.08
81.6
82.12
82.65
83.17
83.68
84.21
84.74
85.26
85.78
86.3
86.83
87.35
87.87
88.39
88.91
89.43
89.95
90.47
90.99
91.51
92.03
92.56
93.08
93.6
94.12
94.64
95.16
95.68
96.2
96.72
97.25
97.77
98.29
98.82
99.34
99.86
100.38
100.9
101.42
101.94
102.45
102.98
103.51
104.03
104.54
105.08
105.6
106.12
106.64
107.16
107.68
108.2
108.71
109.24
109.77
110.29
110.82
111.34
111.87
112.4
112.91
113.43
113.95
114.47
114.99
115.51
116.04
116.56
117.06
117.58
118.1
118.62
119.15
119.67
120.2
120.74
121.26
121.78
122.3
122.81
123.33
123.86
124.39
124.91
125.43
125.95
126.47
126.98
127.5
128.02
128.56
129.08
129.6
130.13
130.65
131.17
131.68
132.2
132.73
133.25
133.77
134.29
134.82
135.34
135.86
136.38
136.9
137.42
137.94
138.47
138.99
139.52
140.04
140.56
141.08
141.6
142.12
142.63
143.15
143.67
144.2
144.72
145.24
145.76
146.28
146.81
147.33
147.85
148.38
148.9
149.42
149.94
150.46
150.98
151.5
152.02
152.55
153.08
153.59
154.12
154.64
155.16
155.69
156.21
156.73
157.25
157.77
158.29
158.8
159.3
159.78
160.29
160.77
161.25
