0.1
0.59
1.08
1.57
2.05
2.55
3.04
3.53
4.02
4.51
4.99
5.48
5.97
6.46
6.95
7.43
7.91
8.4
8.89
9.38
9.87
10.36
10.85
11.34
11.83
12.32
12.81
13.3
13.79
14.27
14.76
15.25
15.75
16.24
16.73
17.21
17.7
18.19
18.68
19.17
19.65
20.14
20.63
21.12
21.61
22.11
22.6
23.08
23.57
24.06
24.55
25.04
25.52
26.01
26.5
26.99
27.48
27.97
28.46
28.95
29.43
29.93
30.42
30.9
31.39
31.87
32.36
32.85
33.34
33.83
34.32
34.81
35.3
35.78
36.27
36.76
37.25
37.74
38.23
38.72
39.21
39.7
40.19
40.67
41.16
41.65
42.14
42.63
43.12
43.61
44.09
44.58
45.07
45.56
46.05
46.53
47.02
47.51
48.0
48.49
48.98
49.47
49.96
50.45
50.93
51.42
51.91
52.4
52.88
53.37
53.86
54.35
54.84
55.33
55.82
56.31
56.79
57.28
57.77
58.26
58.75
59.24
59.72
60.21
60.69
61.18
61.66
62.15
62.65
63.15
63.64
64.13
64.61
65.1
65.59
66.08
66.57
67.06
67.55
68.04
68.52
69.01
69.5
69.99
70.48
70.96
71.45
71.94
72.43
72.91
73.4
73.89
74.38
74.87
75.36
75.84
76.33
76.82
77.31
77.8
78.29
78.77
79.26
79.75
80.23
80.72
81.21
81.7
82.19
82.68
83.16
83.65
84.13
84.62
85.11
85.6
86.09
86.58
87.07
87.55
88.04
88.53
89.01
89.5
89.99
90.48
90.97
91.46
91.94
92.43
92.92
93.41
93.9
94.38
94.86
95.36
95.84
96.33
96.81
97.3
97.79
98.28
98.77
99.26
99.75
100.24
100.72
101.21
101.7
102.19
102.68
103.17
103.65
104.13
104.62
105.11
105.6
106.09
106.58
107.07
107.56
108.04
108.53
109.02
109.51
110.0
110.49
110.98
111.47
111.95
112.44
112.93
113.42
113.93
114.41
114.89
115.37
115.86
116.35
116.84
117.32
117.8
118.29
118.78
119.26
119.75
120.24
120.73
121.21
121.7
122.19
122.68
123.16
123.65
124.14
124.63
125.12
125.61
126.1
126.58
127.07
127.56
128.04
128.53
129.02
129.51
130.0
130.48
130.97
131.46
131.94
132.43
132.92
133.42
133.9
134.37
134.83
135.24
135.7
136.29
136.83
137.34
137.82
138.3
138.78
139.26
139.74
140.22
140.72
141.22
141.71
142.2
142.67
143.16
143.64
144.13
144.61
145.11
145.59
146.07
146.56
147.05
147.54
148.03
148.51
149.0
149.49
149.98
150.47
150.96
151.45
151.93
152.42
152.91
153.4
153.88
154.37
154.85
155.34
155.83
156.32
156.8
157.29
157.78
158.27
158.76
159.24
159.73
160.22
160.7
161.19
161.68
162.16
162.65
163.14
163.63
164.13
164.62
165.1
165.58
166.07
166.56
167.04
167.53
168.02
168.5
168.98
169.47
169.96
170.44
170.93
171.41
171.91
172.39
172.87
173.36
173.85
174.34
174.82
175.31
175.8
176.29
176.77
177.27
177.75
178.24
178.73
179.22
179.7
180.19
180.68
181.17
181.65
182.14
182.63
183.12
183.6
184.09
184.57
185.06
185.54
186.03
186.52
187.0
187.49
187.98
188.47
188.96
189.45
189.93
190.42
190.91
191.4
191.91
192.38
192.83
193.32
193.81
194.31
194.8
195.28
195.77
196.26
196.74
197.23
197.72
198.21
198.69
199.18
199.67
200.16
200.64
201.13
201.61
202.1
202.58
203.07
203.55
204.03
204.52
205.01
205.5
205.99
206.47
206.96
207.45
207.93
208.42
208.91
209.39
209.88
210.37
210.85
211.34
211.82
212.31
212.8
213.28
213.77
214.26
214.74
215.23
215.72
216.2
216.69
217.18
217.66
218.15
218.63
219.12
219.61
220.09
220.58
221.07
221.55
222.04
222.53
223.02
223.5
223.99
224.47
224.96
