0.09
0.5
0.9
1.31
1.71
2.11
2.52
2.93
3.34
3.74
4.14
4.55
4.95
5.35
5.75
6.16
6.56
6.97
7.37
7.78
8.18
8.59
9.0
9.4
9.81
10.22
10.62
11.03
11.43
11.83
12.24
12.65
13.06
13.47
13.87
14.27
14.67
15.08
15.49
15.9
16.31
16.72
17.11
17.52
17.92
18.32
18.73
19.13
19.54
19.95
20.35
20.75
21.15
21.56
21.97
22.38
22.79
23.2
23.6
24.0
24.4
24.81
25.22
25.63
26.04
26.45
26.85
27.25
27.66
28.05
28.46
28.87
29.27
29.68
30.08
30.49
30.9
31.3
31.7
32.11
32.51
32.92
33.32
33.72
34.14
34.54
34.94
35.35
35.76
36.17
36.57
36.97
37.37
37.78
38.19
38.59
38.99
39.4
39.8
40.21
40.61
41.01
41.38
41.69
42.02
42.35
42.68
43.06
43.46
43.86
44.27
44.67
45.08
45.48
45.9
46.3
46.71
47.11
47.51
47.92
48.33
48.74
49.15
49.54
49.94
50.35
50.76
51.16
51.57
51.97
52.38
52.78
53.18
53.59
53.99
54.4
54.81
55.22
55.62
56.02
56.42
56.83
57.24
57.65
58.06
58.46
58.87
59.27
59.67
60.08
60.49
60.89
61.29
61.7
62.1
62.5
62.9
63.31
63.71
64.13
64.54
64.95
65.37
65.76
66.17
66.58
66.98
67.38
67.79
68.2
68.61
69.01
69.42
69.82
70.22
70.62
71.03
71.43
71.84
72.24
72.64
73.05
73.46
73.87
74.28
74.68
75.09
75.49
75.89
76.29
76.7
77.11
77.52
77.93
78.34
78.74
79.14
79.55
79.95
80.36
80.77
81.17
81.58
81.98
82.38
82.78
83.19
83.6
84.0
84.4
84.81
85.21
85.62
86.02
86.42
86.83
87.24
87.65
88.06
88.46
88.87
89.27
89.68
90.08
90.48
90.88
91.28
91.69
92.1
92.51
92.91
93.32
93.73
94.13
94.54
94.93
95.34
95.75
96.15
96.56
96.97
97.37
97.77
98.18
98.59
99.0
99.4
99.8
100.2
100.61
101.02
101.42
101.83
102.24
102.64
103.04
103.45
103.86
104.28
104.68
105.08
105.48
105.89
106.29
106.7
107.11
107.51
107.92
108.33
108.73
109.14
109.55
109.96
110.36
110.78
111.17
111.56
111.97
112.38
112.79
113.2
113.6
113.99
114.36
114.66
114.99
115.28
115.64
116.04
116.44
116.84
117.24
117.61
117.92
118.24
118.55
118.91
119.29
119.69
120.09
120.49
120.86
121.17
121.48
121.77
122.13
122.52
122.93
123.33
123.73
124.13
124.54
124.94
125.35
125.75
126.16
126.56
126.93
127.23
127.53
127.88
128.26
128.65
129.03
129.42
129.82
130.23
130.63
131.04
131.45
131.85
132.25
132.66
133.07
133.48
133.87
134.28
134.68
135.08
135.49
135.9
136.3
136.71
137.11
137.51
137.92
138.32
138.73
139.14
139.55
139.96
140.36
140.76
141.16
141.57
141.98
142.39
142.79
143.2
143.6
144.01
144.42
144.82
145.22
145.63
146.04
146.45
146.84
147.24
147.64
148.05
148.46
148.87
149.27
149.68
150.08
150.48
150.88
151.29
151.7
152.11
152.52
152.93
153.33
153.74
154.14
154.54
154.94
155.34
155.75
156.16
156.57
156.98
157.39
157.79
158.2
158.61
159.01
159.41
159.81
160.22
160.63
161.03
161.43
161.83
162.24
162.65
163.05
163.46
163.87
164.27
164.67
165.08
165.49
165.9
166.3
166.71
167.12
167.52
167.92
168.32
168.73
169.15
169.55
169.95
170.36
170.77
171.18
171.59
171.99
172.39
172.78
173.19
173.59
174.0
174.41
174.82
175.22
175.63
176.03
176.43
176.84
177.25
177.65
178.06
178.47
178.87
179.27
179.68
180.09
180.49
180.89
181.3
181.7
182.11
182.51
182.92
183.33
183.73
184.14
184.55
184.96
185.36
185.76
186.17
186.57
186.97
187.38
187.78
188.18
188.59
189.0
189.41
189.81
190.22
190.62
191.03
191.43
191.84
192.24
192.65
193.05
193.46
193.86
194.26
194.66
195.08
195.49
195.9
196.31
196.71
197.11
197.52
197.93
198.33
198.73
199.14
199.54
199.94
200.35
200.75
201.16
201.57
201.97
202.37
202.78
203.19
203.59
204.0
204.41
204.82
205.22
205.62
206.02
206.43
206.84
207.25
207.66
208.07
208.48
208.89
209.3
209.7
210.1
210.5
210.91
211.31
211.72
212.12
212.52
212.92
213.32
213.73
214.14
214.53
214.93
215.34
215.75
216.15
216.53
216.83
217.17
217.5
217.85
218.24
218.64
219.04
219.44
219.84
220.23
220.63
221.04
221.44
221.85
222.26
222.66
223.06
223.47
223.88
224.29
224.69
225.09
225.49
225.9
226.3
226.71
227.11
227.52
227.92
228.32
228.73
229.14
229.55
229.96
230.36
230.77
231.17
231.57
231.97
232.38
232.79
233.2
233.61
234.02
234.42
234.82
235.23
235.63
236.04
236.44
236.85
237.26
237.65
238.05
238.45
238.86
239.27
239.68
240.08
240.49
240.89
241.29
241.69
242.1
242.51
242.92
243.33
243.74
244.14
244.55
244.95
245.35
245.75
246.15
246.56
246.97
247.38
247.79
248.21
248.61
249.01
249.42
249.82
250.23
250.63
251.04
251.44
251.84
252.24
252.64
253.05
253.46
253.86
254.27
254.68
255.08
255.49
255.89
256.3
256.71
257.11
257.52
257.93
258.33
258.73
259.13
259.54
259.96
260.36
260.77
261.18
261.58
261.99
262.4
262.8
263.21
263.6
264.0
264.41
264.82
265.22
265.63
266.03
266.44
266.84
267.24
267.65
268.06
268.46
268.87
269.28
269.69
270.09
270.49
270.9
271.3
271.7
272.1
272.49
272.86
273.2
273.52
273.86
274.2
274.54
274.89
275.25
275.61
275.97
276.33
276.69
277.05
277.42
