0.14
0.72
1.31
1.9
2.49
3.08
3.64
4.13
4.65
5.22
5.8
6.32
6.9
7.53
8.13
8.72
9.3
9.89
10.48
11.07
11.67
12.27
12.86
13.46
14.05
14.64
15.23
15.82
16.42
17.02
17.61
18.2
18.8
19.4
19.99
20.58
21.17
21.77
22.37
22.97
23.56
24.15
24.74
25.33
25.93
26.52
27.12
27.71
28.3
28.89
29.47
30.05
30.67
31.27
31.87
32.45
33.05
33.65
34.25
34.83
35.43
36.03
36.64
37.23
37.81
38.4
39.01
39.61
40.18
40.78
41.39
41.98
42.56
43.15
43.75
44.32
44.93
45.53
46.13
46.72
47.31
47.91
48.51
49.09
49.69
50.28
50.88
51.46
52.06
52.67
53.27
53.87
54.44
55.03
55.64
56.24
56.82
57.42
58.01
58.6
59.19
59.79
60.39
60.98
61.57
62.17
62.76
63.35
63.94
64.54
65.14
65.73
66.33
66.92
67.51
68.12
68.7
69.3
69.89
70.49
71.08
71.68
72.27
72.87
73.45
74.04
74.64
75.24
75.83
76.42
77.02
77.61
78.21
78.8
79.4
79.98
80.58
81.17
81.77
82.37
82.96
83.55
84.15
84.73
85.34
85.93
86.53
87.12
87.7
88.3
88.91
89.5
90.08
90.69
91.29
91.88
92.46
93.05
93.66
94.24
94.83
95.43
96.03
96.61
97.21
97.8
98.4
98.96
99.58
100.18
100.79
101.4
101.96
102.56
103.16
103.72
104.34
104.95
105.62
106.21
106.77
107.33
107.95
108.52
109.12
109.73
110.34
110.91
111.5
112.07
112.69
113.29
113.86
114.43
114.97
115.52
116.02
116.57
117.13
117.66
118.19
118.77
119.3
119.85
120.46
121.02
121.6
122.2
122.79
123.36
123.95
124.54
125.13
125.73
126.33
126.92
127.5
128.11
128.71
129.3
129.92
130.49
131.08
131.68
132.3
132.87
133.46
134.05
134.65
135.23
135.83
136.43
137.04
137.63
138.21
138.81
139.42
140.0
140.59
141.19
141.78
142.37
142.96
143.55
144.14
144.74
145.34
145.93
146.54
147.12
147.71
148.3
148.91
149.5
150.09
150.69
151.33
151.92
152.47
153.06
153.67
154.25
154.85
155.44
156.04
156.62
157.22
157.81
158.42
159.0
159.6
160.19
160.8
161.38
161.97
162.56
163.16
163.75
164.35
164.94
165.53
166.13
166.72
167.31
167.92
168.5
169.09
169.69
170.28
170.86
171.38
171.87
172.38
172.86
173.36
173.91
174.5
175.09
175.67
176.27
176.86
177.42
178.0
178.59
179.21
179.8
180.39
180.98
181.57
182.16
182.76
183.36
183.95
184.55
185.14
185.74
186.32
186.92
187.51
188.11
188.7
189.3
189.89
190.48
191.08
191.67
192.26
192.86
193.46
194.05
194.64
195.24
195.83
196.42
197.02
197.61
198.21
198.79
199.39
199.98
200.58
201.17
201.76
202.36
202.97
203.56
204.14
204.74
205.34
205.92
206.51
207.11
207.72
208.31
208.89
209.49
210.09
210.68
211.26
211.86
212.47
213.06
213.64
214.24
214.84
215.43
216.02
216.62
217.23
217.84
218.41
218.98
219.53
220.06
220.61
221.17
221.74
222.3
222.86
223.43
224.0
224.57
225.15
