0.01
0.38
0.81
1.24
1.67
2.1
2.54
2.97
3.4
3.83
4.27
4.71
5.16
5.6
6.03
6.48
6.92
7.36
7.79
8.23
8.67
9.1
9.53
9.97
10.41
10.85
11.28
11.72
12.16
12.58
13.01
13.44
13.87
14.3
14.74
15.18
15.62
16.05
16.49
16.92
17.35
17.79
18.22
18.66
19.1
19.53
19.96
20.4
20.84
21.27
21.71
22.15
22.59
23.02
23.45
23.89
24.32
24.75
25.19
25.63
26.07
26.49
26.92
27.35
27.77
28.21
28.66
29.12
29.56
29.99
30.42
30.84
31.27
31.7
32.14
32.59
33.02
33.45
33.87
34.29
34.72
35.15
35.59
36.04
36.48
36.91
37.34
37.79
38.23
38.66
39.09
39.53
39.97
40.4
40.83
41.27
41.7
42.14
42.58
43.01
43.45
43.88
44.31
44.75
45.18
45.61
46.06
46.5
46.93
47.36
47.79
48.23
48.66
49.1
49.55
49.99
50.42
50.85
51.28
51.71
52.14
52.56
53.0
53.43
53.87
54.31
54.74
55.17
55.6
56.03
56.47
56.91
57.32
57.68
57.98
58.32
58.71
59.12
59.53
59.97
60.4
60.83
61.27
61.69
62.12
62.54
62.96
63.4
63.84
64.27
64.7
65.13
65.57
66.01
66.44
66.88
67.32
67.76
68.2
68.63
69.07
69.51
69.95
70.39
70.83
71.28
71.72
72.15
72.59
73.02
73.45
73.88
74.31
74.74
75.18
75.61
76.05
76.48
76.91
77.34
77.77
78.21
78.64
79.08
79.52
79.95
80.38
80.81
81.25
81.69
82.12
82.56
83.0
83.43
83.86
84.29
84.73
85.18
85.62
86.05
86.49
86.92
87.36
87.81
88.25
88.68
89.1
89.53
89.96
90.39
90.83
91.26
91.7
92.14
92.58
93.02
93.46
93.88
94.31
94.75
95.19
95.62
96.04
96.46
96.88
97.31
97.74
98.17
98.61
99.06
99.51
99.94
100.39
100.83
101.27
101.71
102.15
102.58
103.01
103.44
103.87
104.3
104.73
105.16
105.59
106.02
106.46
106.9
107.36
107.82
108.25
108.69
109.13
109.57
110.0
110.42
110.85
111.27
111.69
112.13
112.57
113.01
113.44
113.87
114.31
114.74
115.17
115.61
116.06
116.49
116.92
117.36
117.79
118.22
118.66
119.09
119.54
119.98
120.41
120.85
121.28
121.72
122.16
122.6
123.03
123.47
123.89
124.31
124.74
125.17
125.6
126.03
126.47
126.91
127.34
127.77
128.21
128.65
129.09
129.53
129.97
130.4
130.83
131.27
131.7
132.13
132.57
133.0
133.44
133.88
134.31
134.74
135.17
135.6
136.04
136.48
136.92
137.35
137.78
138.21
138.64
139.07
139.51
139.96
140.4
140.84
141.27
141.7
142.13
142.56
143.0
143.44
143.88
144.31
144.74
145.16
145.59
146.02
146.46
146.9
147.34
147.79
148.23
148.67
149.11
149.54
149.97
150.4
150.84
151.27
151.7
152.13
152.57
153.0
153.43
153.87
154.31
154.74
155.16
155.59
156.03
156.46
156.89
157.32
157.76
158.2
158.64
159.07
159.5
159.93
160.36
160.79
161.23
161.66
162.09
162.52
162.96
163.39
163.82
164.26
164.7
165.15
165.58
166.02
166.46
166.89
167.32
167.75
168.18
168.62
169.07
169.51
169.96
170.39
170.83
171.27
171.71
172.15
172.58
173.0
173.42
173.85
174.28
174.71
175.14
175.58
176.02
176.45
176.88
177.32
177.75
178.19
178.64
179.08
179.52
179.95
180.39
180.83
181.27
181.71
182.14
182.58
183.01
183.44
183.88
184.31
184.74
185.17
185.61
186.05
186.48
186.92
187.36
187.79
188.22
188.66
189.1
189.53
189.97
190.41
190.84
191.27
191.7
192.13
192.56
193.0
193.43
193.86
194.29
194.73
195.16
195.6
196.04
196.47
196.91
197.35
197.79
198.22
198.66
199.1
199.54
199.97
200.39
200.82
201.25
201.68
202.11
202.55
202.99
203.41
203.85
204.28
204.72
205.15
205.59
206.03
206.48
206.91
207.34
207.77
208.2
208.63
209.07
209.51
209.94
210.39
210.82
211.26
211.7
212.13
212.56
213.0
213.44
213.89
214.32
214.76
215.2
215.63
216.05
216.48
216.92
217.36
217.79
218.22
218.65
219.08
219.51
219.95
220.39
220.83
221.27
221.7
222.14
222.56
222.99
223.43
223.87
224.31
224.75
225.19
225.62
226.05
226.48
226.92
227.35
227.78
228.21
228.64
229.06
229.49
229.92
230.36
230.8
231.24
231.66
232.05
232.4
232.72
233.07
233.4
233.74
234.08
234.44
234.83
235.21
235.55
235.89
236.2
236.54
236.92
237.3
237.67
238.04
238.42
238.81
239.21
239.61
