0.16
0.82
1.47
2.12
2.77
3.42
4.07
4.72
5.37
6.02
6.68
7.34
7.99
8.64
9.29
9.94
10.59
11.25
11.9
12.55
13.2
13.86
14.51
15.16
15.81
16.47
17.13
17.77
18.42
19.07
19.72
20.38
21.03
21.68
22.34
22.99
23.64
24.29
24.94
25.59
26.25
26.91
27.56
28.21
28.86
29.51
30.16
30.81
31.46
32.12
32.77
33.42
34.08
34.73
35.38
36.03
36.68
37.34
37.99
38.64
39.29
39.94
40.59
41.25
41.9
42.56
43.21
43.86
44.51
45.16
45.81
46.46
47.11
47.77
48.42
49.07
49.73
50.38
51.03
51.68
52.33
52.99
53.65
54.3
54.95
55.6
56.25
56.9
57.55
58.21
58.86
59.51
60.16
60.81
61.46
62.11
62.76
63.42
64.08
64.72
65.38
66.03
66.69
67.34
67.99
68.64
69.3
69.94
70.6
71.25
71.9
72.55
73.2
73.85
74.5
75.16
75.81
76.47
77.12
77.77
78.42
79.08
79.73
80.38
81.03
81.69
82.34
82.99
83.64
84.29
84.95
85.6
86.25
86.9
87.56
88.21
88.86
89.52
90.17
90.81
91.46
92.12
92.77
93.42
94.07
94.72
95.38
96.03
96.68
97.34
97.99
98.64
99.3
99.95
100.6
101.25
101.9
102.55
103.2
103.85
104.5
105.16
105.82
106.46
107.12
107.77
108.42
109.07
109.72
110.38
111.03
111.68
112.34
112.98
113.63
114.28
114.94
115.59
116.25
116.9
117.55
118.21
118.86
119.51
120.16
120.81
121.46
122.11
122.77
123.42
124.08
124.72
125.37
126.03
126.68
127.33
127.98
128.64
129.29
129.94
130.6
131.25
131.9
132.54
133.2
133.85
134.5
135.15
135.81
136.46
137.12
137.77
138.42
139.07
139.72
140.37
141.03
141.68
142.34
142.98
143.64
144.3
144.95
145.59
146.24
146.9
147.55
148.2
148.85
149.51
150.16
150.81
151.47
152.12
152.77
153.42
154.07
154.72
155.37
156.03
156.68
157.33
157.99
158.63
159.28
159.93
160.6
161.26
161.9
162.55
163.2
163.85
164.5
165.16
165.81
166.46
167.11
167.77
168.42
169.07
169.72
170.38
171.03
171.67
172.32
172.98
173.64
174.29
174.94
175.59
176.24
176.9
177.55
178.2
178.85
179.5
180.16
180.81
181.46
182.11
182.76
183.42
184.07
184.72
185.37
186.03
186.69
187.34
187.98
188.64
189.29
189.94
190.59
191.24
191.9
192.54
193.2
193.86
194.51
195.16
195.81
196.47
197.12
197.77
198.41
199.07
199.72
200.37
201.02
201.68
202.34
202.99
203.66
204.32
205.0
205.7
206.28
206.87
207.48
208.09
208.71
209.33
209.95
210.56
211.17
211.78
212.41
