0.37
0.85
1.34
1.83
2.34
2.83
3.27
3.73
4.2
4.67
5.13
5.58
6.0
6.45
6.9
7.35
7.84
8.32
8.8
9.29
9.82
10.37
10.91
11.39
11.87
12.37
12.84
13.31
13.78
14.24
14.71
15.2
15.68
16.16
16.64
17.12
17.58
18.05
18.55
19.05
19.54
20.02
20.47
20.89
21.33
21.8
22.3
22.79
23.26
23.73
24.2
24.67
25.15
25.61
26.09
26.57
27.06
27.54
28.03
28.54
29.07
29.6
30.07
30.57
31.03
31.49
31.96
32.45
32.96
33.47
33.99
34.5
35.03
35.54
36.04
36.5
36.97
37.42
37.88
38.35
38.79
39.24
39.67
40.1
40.58
41.06
41.53
42.02
42.5
42.98
43.46
43.94
44.47
44.94
45.37
45.79
46.21
46.65
47.11
47.53
47.97
48.43
48.92
49.45
49.98
50.48
50.95
51.38
51.83
52.29
52.74
53.2
53.68
54.15
54.61
55.05
55.48
55.92
56.35
56.78
57.24
57.67
58.1
58.55
59.0
59.44
59.9
60.39
60.88
61.36
61.83
62.37
62.9
63.44
63.9
64.35
64.84
65.34
65.84
66.31
66.73
67.17
67.61
68.05
68.52
69.0
69.49
69.98
70.46
70.97
71.47
71.93
72.42
72.93
73.39
73.9
74.38
74.86
75.33
75.8
76.28
76.79
77.33
77.79
78.23
78.65
79.12
79.61
80.1
80.58
81.05
81.52
82.01
82.49
82.97
83.44
83.94
84.41
84.89
85.37
85.85
86.34
86.82
87.3
87.79
88.26
88.74
89.22
89.7
90.18
90.66
91.14
91.63
92.11
92.59
93.06
93.54
94.02
94.5
94.98
95.46
95.94
96.41
96.89
97.37
97.85
98.33
98.81
99.29
99.77
100.25
100.73
101.21
101.69
102.17
102.65
103.14
103.62
104.09
104.57
105.05
105.53
106.01
106.49
106.97
107.45
107.93
108.41
108.89
109.37
109.85
110.33
110.81
111.29
111.77
112.25
112.73
113.21
113.69
114.17
114.65
115.13
115.61
116.09
116.57
117.05
117.53
118.01
118.49
118.97
119.45
119.93
120.41
120.89
121.37
121.85
122.33
122.81
123.29
123.77
124.25
124.73
125.21
125.69
126.17
126.65
127.13
127.61
128.09
128.57
129.05
129.53
130.01
130.49
130.97
131.45
131.94
132.42
132.89
133.37
133.85
134.33
134.81
135.29
135.77
136.25
136.71
137.15
137.58
137.96
138.38
138.84
139.29
139.72
140.15
140.59
141.06
141.54
142.02
142.5
142.98
143.46
143.93
144.41
144.89
145.37
145.85
146.33
146.8
147.28
147.77
148.25
148.74
149.22
149.7
150.18
150.66
151.14
151.62
152.1
152.58
153.06
153.54
154.01
154.49
154.97
155.45
155.94
156.43
156.95
157.48
157.98
158.45
158.89
159.33
159.76
160.21
160.7
161.19
161.67
162.14
162.62
163.13
163.64
164.09
164.53
164.95
165.41
165.88
166.35
166.82
167.3
167.78
168.25
168.71
169.14
169.55
169.96
170.39
170.81
171.3
171.81
172.33
172.84
173.27
173.72
174.23
174.75
175.21
175.67
176.08
176.55
177.01
177.5
177.94
178.4
178.88
179.41
179.95
180.45
180.96
181.46
181.92
182.32
182.74
183.17
183.63
184.07
184.5
184.92
185.35
185.8
186.24
186.67
187.14
187.62
188.1
188.58
189.06
189.53
190.01
190.49
190.97
191.45
191.94
192.42
192.9
193.38
193.86
194.34
194.82
195.3
195.78
196.26
196.74
197.22
197.7
198.18
198.66
199.14
199.62
200.1
200.58
201.06
201.54
202.02
202.5
202.98
203.46
203.94
204.42
204.9
205.38
205.86
206.34
206.82
207.3
207.78
208.26
208.74
209.22
209.7
210.18
210.66
211.14
211.62
212.1
212.58
213.06
213.54
214.02
214.5
214.98
215.46
215.94
216.42
216.9
217.38
217.86
218.34
218.82
219.3
219.78
220.26
220.74
221.22
221.7
222.18
222.66
223.14
223.61
224.1
224.58
225.06
225.54
226.02
226.5
226.98
227.46
227.94
228.42
228.9
229.38
229.86
230.34
230.82
231.29
231.76
232.25
232.73
233.2
233.67
234.14
234.61
235.09
235.57
236.04
236.51
236.98
237.4
237.83
238.3
238.77
239.23
239.72
240.21
240.68
241.14
241.63
242.12
242.56
243.01
243.45
243.94
244.4
