0.48
1.04
1.58
2.1
2.6
3.08
3.56
4.05
4.54
5.03
5.52
6.01
6.5
6.99
7.47
7.96
8.45
8.94
9.43
9.92
10.41
10.9
11.39
11.88
12.37
12.85
13.34
13.83
14.32
14.81
15.3
15.79
16.28
16.77
17.25
17.74
18.23
18.72
19.21
19.7
20.19
20.68
21.17
21.66
22.15
22.63
23.12
23.61
24.1
24.59
25.08
25.57
26.06
26.55
27.03
27.52
28.01
28.5
28.99
29.48
29.97
30.46
30.95
31.44
31.93
32.43
32.92
33.41
33.89
34.37
34.86
35.35
35.84
36.33
36.82
37.31
37.8
38.29
38.77
39.26
39.75
40.24
40.74
41.22
41.71
42.2
42.69
43.18
43.67
44.15
44.64
45.13
45.62
46.11
46.6
47.09
47.58
48.07
48.56
49.04
49.53
50.02
50.51
51.0
51.49
51.98
52.47
52.96
53.45
53.94
54.42
54.91
55.4
55.89
56.38
56.87
57.36
57.84
58.33
58.82
59.31
59.8
60.29
60.78
61.27
61.76
62.25
62.73
63.22
63.71
64.2
64.69
65.18
65.67
66.16
66.65
67.14
67.63
68.11
68.6
69.09
69.58
70.07
70.56
71.05
71.54
72.03
72.52
73.01
73.49
73.98
74.47
74.96
75.45
75.94
76.43
76.91
77.4
77.89
78.38
78.87
79.36
79.85
80.34
80.83
81.32
81.8
82.29
82.78
83.27
83.76
84.25
84.74
85.23
85.72
86.2
86.69
87.18
87.67
88.16
88.65
89.14
89.63
90.12
90.61
91.1
91.58
92.07
92.56
93.05
93.54
94.03
94.52
95.01
95.5
95.98
96.47
96.96
97.45
97.94
98.43
98.92
99.41
99.9
100.38
100.87
101.36
101.85
102.34
102.83
103.32
103.81
104.3
104.79
105.28
105.77
106.26
106.74
107.23
107.72
108.21
108.7
109.19
109.68
110.17
110.66
111.15
111.64
112.13
112.61
113.1
113.59
114.08
114.57
115.06
115.55
116.04
116.52
117.01
117.5
117.99
118.48
118.97
119.46
119.95
120.43
120.92
121.41
121.9
122.39
122.88
123.37
123.86
124.35
124.84
125.33
125.81
126.3
126.79
127.28
127.77
128.26
128.75
129.24
129.73
130.22
130.7
131.19
131.68
132.17
132.66
133.15
133.64
134.13
134.62
135.11
135.6
136.08
136.57
137.06
137.55
138.04
138.53
139.02
139.51
140.0
140.49
140.97
141.46
141.95
142.44
142.93
143.42
143.91
144.4
144.88
145.37
145.86
146.35
146.84
147.33
147.82
148.31
148.8
149.29
149.77
150.26
150.75
151.24
151.73
152.22
152.71
153.2
153.69
154.18
154.67
155.16
155.64
156.13
156.62
157.11
157.6
158.09
158.57
159.06
159.55
160.04
160.53
161.02
161.51
162.0
162.49
162.98
163.47
163.96
164.45
164.93
165.42
165.91
166.4
166.89
167.38
167.87
168.36
168.85
169.33
169.82
170.31
170.8
171.29
171.78
172.27
172.76
173.25
173.74
174.23
174.72
175.2
175.69
176.18
176.67
177.16
177.65
178.14
178.63
179.11
179.6
180.09
180.58
181.07
181.56
182.05
182.54
183.03
183.52
184.01
184.5
184.98
185.47
185.96
186.45
186.94
187.43
187.92
188.41
188.89
189.38
189.87
190.37
190.85
191.34
191.83
192.32
192.81
193.3
193.79
194.27
194.76
195.25
195.74
196.23
196.72
197.21
197.7
198.19
198.67
199.16
199.65
200.14
200.63
201.12
201.61
202.1
202.59
203.08
203.57
204.06
204.54
205.03
205.52
206.01
206.5
206.99
207.47
207.96
208.45
208.94
209.43
209.92
210.41
210.9
211.39
211.88
212.37
212.85
213.34
213.83
214.32
214.81
215.3
215.79
216.28
216.77
217.26
217.75
218.23
218.72
219.21
219.7
220.19
220.68
221.17
221.66
222.14
222.63
223.12
223.61
224.1
224.59
225.08
225.57
226.06
226.55
227.04
227.53
228.01
228.5
228.99
229.48
229.97
230.46
230.95
231.44
231.93
232.41
232.9
233.39
233.88
234.37
234.86
235.35
235.84
236.33
236.82
237.31
237.8
238.28
238.77
239.26
239.75
240.24
240.73
241.22
241.7
242.19
242.68
243.17
243.66
244.15
244.64
245.13
245.62
246.11
246.6
247.09
247.57
248.06
248.55
249.04
249.53
250.02
250.51
251.0
251.49
251.97
252.46
252.96
253.46
253.95
254.43
254.92
255.41
255.9
256.39
256.88
257.36
257.86
258.35
258.84
259.32
259.81
260.29
260.8
261.3
261.78
262.28
262.76
263.27
263.75
264.26
264.73
