0.16
0.62
1.08
1.54
1.99
2.45
2.9
3.35
3.81
4.27
4.72
5.17
5.62
6.07
6.52
6.97
7.42
7.88
8.34
8.8
9.26
9.72
10.17
10.62
11.07
11.52
11.98
12.43
12.89
13.34
13.79
14.24
14.69
15.14
15.59
16.05
16.5
16.96
17.41
17.86
18.32
18.77
19.23
19.68
20.14
20.59
21.05
21.5
21.96
22.41
22.87
23.32
23.78
24.23
24.68
25.14
25.59
26.04
26.5
26.96
27.41
27.87
28.32
28.77
29.23
29.68
30.14
30.59
31.05
31.5
31.96
32.41
32.86
33.32
33.78
34.23
34.69
35.14
35.6
36.05
36.5
36.96
37.42
37.87
38.32
38.77
39.23
39.68
40.14
40.59
41.05
41.5
41.96
42.41
42.86
43.32
43.77
44.22
44.67
45.13
45.59
46.05
46.5
46.96
47.41
47.87
48.33
48.78
49.23
49.68
50.14
50.59
51.05
51.5
51.96
52.41
52.86
53.32
53.78
54.23
54.68
55.14
55.6
56.05
56.51
56.96
57.41
57.86
58.32
58.78
59.23
59.68
60.14
60.59
61.05
61.5
61.96
62.41
62.87
63.32
63.78
64.23
64.68
65.14
65.59
66.05
66.51
66.96
67.41
67.87
68.32
68.77
69.23
69.69
70.15
70.6
71.05
71.5
71.96
72.41
72.87
73.32
73.78
74.23
74.68
75.14
75.59
76.05
76.5
76.96
77.42
77.87
78.32
78.78
79.23
79.68
80.14
80.59
81.05
81.5
81.96
82.41
82.87
83.32
83.77
84.22
84.68
85.14
85.59
86.04
86.5
86.95
87.41
87.87
88.32
88.77
89.23
89.68
90.14
90.59
91.05
91.5
91.96
92.41
92.87
93.32
93.78
94.23
94.68
95.14
95.6
96.05
96.5
96.96
97.41
97.86
98.32
98.77
99.23
99.68
100.14
100.59
101.04
101.5
101.95
102.4
102.86
103.32
103.78
104.23
104.68
105.14
105.59
106.05
106.5
106.96
107.41
107.87
108.32
108.77
109.23
109.69
110.14
110.59
111.05
111.5
111.96
112.41
112.87
113.32
113.78
114.23
114.69
115.14
115.59
116.05
116.5
116.96
117.42
117.87
118.32
118.78
119.23
119.68
120.14
120.59
121.05
121.5
121.96
122.41
122.87
123.32
123.78
124.23
124.69
125.14
125.59
126.05
126.5
126.96
127.41
127.87
128.33
128.78
129.23
129.68
130.14
130.59
131.05
131.5
131.96
132.41
132.86
133.32
133.77
134.23
134.68
135.14
135.6
136.05
136.51
136.96
137.41
137.87
138.32
138.77
139.23
139.68
140.14
140.59
141.04
141.5
141.96
142.41
142.87
143.32
143.77
144.23
144.69
145.14
145.59
146.05
146.51
146.96
147.42
147.87
148.32
148.77
149.22
149.68
150.14
150.59
151.04
151.5
151.95
152.41
152.87
153.32
153.78
154.23
154.69
155.14
155.6
156.05
156.5
156.95
157.41
157.86
158.32
158.77
159.23
159.68
160.14
160.59
161.05
161.5
161.96
162.41
162.87
163.32
163.77
164.23
164.68
165.14
165.59
166.05
166.5
166.95
167.41
167.87
168.32
168.77
169.23
169.68
170.14
170.59
171.05
171.5
171.96
172.41
172.87
173.32
173.78
174.23
174.68
175.14
175.6
176.05
176.5
176.96
177.41
177.86
178.32
178.78
179.24
179.69
180.14
180.59
181.05
181.5
181.96
182.41
182.87
183.32
183.78
184.23
184.68
185.14
185.59
186.05
186.51
186.96
187.42
187.87
188.32
188.77
189.23
189.68
190.14
190.59
191.05
191.5
191.96
192.41
192.87
193.32
193.78
194.23
194.69
195.14
195.6
196.05
196.5
196.96
197.41
197.87
198.32
198.78
199.23
199.68
200.14
200.59
201.05
201.5
201.96
202.41
202.87
203.32
203.77
204.23
