0.33
0.8
1.26
1.73
2.2
2.67
3.14
3.61
4.08
4.55
5.01
5.48
5.95
6.42
6.89
7.36
7.82
8.29
8.76
9.23
9.7
10.17
10.64
11.11
11.58
12.04
12.51
12.98
13.45
13.92
14.39
14.86
15.33
15.8
16.26
16.73
17.2
17.67
18.14
18.61
19.08
19.55
20.01
20.48
20.95
21.42
21.89
22.36
22.83
23.3
23.76
24.23
24.7
25.17
25.64
26.11
26.58
27.05
27.51
27.98
28.45
28.92
29.39
29.86
30.33
30.8
31.27
31.74
32.2
32.67
33.14
33.61
34.08
34.55
35.02
35.49
35.95
36.42
36.89
37.36
37.83
38.3
38.77
39.24
39.7
40.17
40.64
41.11
41.58
42.05
42.52
42.99
43.45
43.92
44.39
44.86
45.33
45.8
46.27
46.74
47.21
47.67
48.14
48.61
49.08
49.55
50.02
50.49
50.95
51.42
51.89
52.36
52.83
53.3
53.77
54.24
54.7
55.17
55.64
56.11
56.58
57.05
57.52
57.98
58.45
58.92
59.39
59.86
60.33
60.8
61.27
61.74
62.2
62.67
63.14
63.61
64.08
64.55
65.02
65.48
65.95
66.42
66.89
67.36
67.83
68.3
68.77
69.23
69.7
70.17
70.64
71.11
71.58
72.05
72.51
72.98
73.45
73.92
74.39
74.86
75.33
75.8
76.27
76.74
77.2
77.67
78.14
78.61
79.08
79.55
80.01
80.48
80.95
81.42
81.89
82.36
82.83
83.3
83.77
84.24
84.7
85.17
85.64
86.11
86.58
87.05
87.52
87.99
88.45
88.92
89.39
89.86
90.33
90.8
91.27
91.74
92.21
92.67
93.14
93.61
94.08
94.55
95.02
95.49
95.95
96.42
96.89
97.36
97.83
98.3
98.77
99.24
99.7
100.17
100.64
101.11
101.58
102.05
102.52
102.99
103.45
103.92
104.39
104.86
105.33
105.8
106.27
106.73
107.2
107.67
108.14
108.61
109.08
109.55
110.02
110.48
110.95
111.42
111.89
112.36
112.83
113.3
113.77
114.24
114.71
115.17
115.64
116.11
116.58
117.05
117.51
117.98
118.45
118.92
119.39
119.86
120.33
120.81
121.28
121.75
122.21
122.68
123.14
123.61
124.08
124.55
125.02
125.49
125.96
126.43
126.9
127.37
127.84
128.31
128.77
129.24
129.72
130.19
130.65
131.12
131.59
132.06
132.53
133.0
133.47
133.93
134.4
134.87
135.34
135.8
136.26
136.73
137.2
137.67
138.14
138.61
139.08
139.55
140.01
140.48
140.95
141.42
141.89
142.36
142.83
143.3
143.77
144.24
144.7
145.17
145.64
146.11
146.58
147.05
147.52
147.99
148.46
148.93
149.4
149.86
150.33
150.8
151.27
151.74
152.21
152.67
153.14
153.61
154.08
154.55
155.01
155.48
155.95
156.42
156.89
157.36
157.83
158.3
158.77
159.24
159.7
160.17
160.64
161.11
161.58
162.05
162.52
162.99
163.45
163.92
164.39
164.86
165.33
165.8
166.27
166.73
167.2
167.67
168.14
168.61
169.08
169.55
170.02
170.48
170.95
171.42
171.89
172.36
172.83
173.3
173.77
174.24
174.7
175.17
175.64
176.11
176.58
177.05
177.52
177.98
178.45
178.92
179.39
179.86
180.33
180.81
181.28
181.75
182.21
182.68
183.15
183.62
184.09
184.56
185.03
185.5
185.96
186.43
186.9
187.36
187.83
188.3
188.77
189.24
189.71
190.18
190.65
191.12
191.58
192.05
192.52
192.99
193.46
193.93
194.4
194.87
195.33
195.8
196.27
196.74
197.21
197.68
198.15
198.62
199.08
199.55
200.02
200.49
200.96
201.43
201.9
202.37
202.83
203.3
203.77
204.24
204.71
205.18
205.65
206.12
206.59
207.05
207.52
207.99
208.46
208.93
209.4
209.87
210.33
210.8
211.27
211.74
212.21
212.68
213.15
213.62
214.08
214.55
215.02
215.49
215.95
216.42
216.89
217.36
217.83
218.3
218.76
219.23
219.7
220.17
220.64
221.11
221.58
222.05
222.52
222.99
223.45
223.92
224.39
224.86
225.33
225.8
226.27
226.74
227.2
227.67
228.14
228.61
229.08
229.55
230.02
230.49
230.95
231.42
231.89
232.36
232.83
233.3
233.76
234.23
234.7
235.17
235.64
236.11
236.58
237.05
237.51
237.98
238.45
238.92
239.39
239.86
240.33
240.8
241.27
241.74
242.2
242.67
243.14
243.61
244.08
244.55
245.02
245.48
245.95
246.42
246.89
247.36
247.83
248.3
248.77
249.23
249.7
250.17
250.64
251.11
251.58
252.05
252.52
252.98
253.45
253.92
254.39
254.86
255.33
255.8
256.27
256.74
257.2
257.67
258.14
258.61
259.08
259.55
260.01
260.48
260.95
261.42
261.89
262.36
262.83
263.3
263.77
264.24
264.71
265.18
265.64
266.11
266.58
267.05
267.52
267.99
268.45
268.92
269.39
269.86
270.33
270.8
271.27
271.74
272.21
272.68
273.14
273.61
274.08
274.55
275.02
275.48
275.95
276.42
276.89
277.36
277.83
278.3
278.77
279.24
279.7
280.17
280.64
281.11
281.58
282.05
282.52
282.99
283.45
283.92
284.39
284.86
285.33
285.8
286.27
286.74
287.2
287.67
288.14
288.61
289.08
289.55
290.02
290.49
290.95
291.42
291.89
292.36
292.83
293.3
293.77
294.24
294.7
295.17
295.64
296.11
296.58
297.05
297.51
297.98
298.45
298.92
299.39
299.86
300.33
300.8
301.27
301.74
302.2
302.67
303.14
303.61
304.08
304.55
305.01
305.48
305.95
306.42
306.89
307.36
307.83
308.3
308.77
309.24
309.7
310.17
310.64
311.11
311.58
312.05
312.51
312.98
313.45
313.92
314.39
314.86
315.33
315.8
316.26
316.73
317.2
317.67
318.14
318.61
319.08
319.55
320.01
320.48
320.95
321.42
321.89
322.36
322.83
323.3
323.76
324.23
324.7
325.17
325.64
326.11
326.58
327.05
327.51
327.98
328.45
328.92
329.39
329.86
330.33
330.8
331.26
331.73
332.2
332.67
333.14
333.61
334.08
334.55
335.01
335.48
335.95
336.42
336.89
337.36
337.83
