0.16
0.54
0.94
1.35
1.76
2.16
2.57
2.98
3.37
3.76
4.15
4.53
4.92
5.32
5.72
6.12
6.52
6.93
7.34
7.76
8.18
8.57
8.97
9.37
9.77
10.16
10.54
10.93
11.33
11.73
12.13
12.53
12.93
13.34
13.75
14.15
14.55
14.95
15.35
15.75
16.15
16.56
16.96
17.37
17.76
18.15
18.55
18.95
19.34
19.74
20.15
20.56
20.97
21.38
21.78
22.16
22.54
22.93
23.34
23.74
24.15
24.55
24.96
25.35
25.75
26.15
26.56
26.96
27.36
27.76
28.16
28.56
28.96
29.35
29.75
30.16
30.56
30.95
31.35
31.75
32.15
32.56
32.96
33.36
33.76
34.15
34.55
34.95
35.35
35.75
36.15
36.56
36.96
37.36
37.75
38.15
38.54
38.95
39.36
39.76
40.16
40.56
40.96
41.36
41.76
42.15
42.55
42.96
43.36
43.76
44.16
44.56
44.96
45.36
45.76
46.16
46.56
46.96
47.36
47.76
48.16
48.55
48.95
49.36
49.76
50.16
50.56
50.96
51.36
51.76
52.16
52.56
52.96
53.35
53.75
54.16
54.56
54.96
55.36
55.76
56.16
56.56
56.96
57.35
57.75
58.15
58.55
58.96
59.36
59.76
60.16
60.56
60.96
61.35
61.75
62.15
62.55
62.95
63.35
63.76
64.16
64.55
64.95
65.36
65.76
66.15
66.56
66.96
67.36
67.75
68.15
68.56
68.96
69.36
69.76
70.16
70.56
70.96
71.36
71.76
72.16
72.55
72.95
73.35
73.75
74.15
74.55
74.95
75.35
75.74
76.14
76.53
76.94
77.35
77.75
78.16
78.56
78.95
79.35
79.76
80.16
80.56
80.96
81.36
81.76
82.15
82.55
82.96
83.36
83.76
84.16
84.56
84.96
85.36
85.76
86.16
86.56
86.95
87.36
87.76
88.16
88.55
88.95
89.34
89.74
90.15
90.56
90.96
91.36
91.76
92.16
92.56
92.96
93.35
93.75
94.16
94.56
94.95
95.35
95.76
96.16
96.56
96.96
97.36
97.76
98.15
98.56
98.96
99.36
99.75
100.15
100.55
100.95
101.34
101.74
102.13
102.54
102.95
103.35
103.76
104.16
104.55
104.95
105.35
105.75
106.15
106.55
106.95
107.35
107.75
108.15
108.56
108.96
109.36
109.76
110.16
110.56
110.95
111.35
111.75
112.16
112.56
112.95
113.35
113.75
114.15
114.55
114.95
115.35
115.75
116.15
116.55
116.95
117.35
117.75
118.15
118.55
118.95
119.36
119.76
120.16
120.56
120.96
121.36
121.76
122.16
122.56
122.96
123.36
123.75
124.15
124.55
124.95
125.35
125.75
126.16
126.56
126.95
127.35
127.76
128.16
128.56
128.96
129.36
129.76
130.16
130.55
130.95
131.35
131.75
132.15
132.55
132.95
133.35
133.76
134.16
134.56
134.95
135.36
135.76
136.16
136.55
136.95
137.35
137.75
138.15
138.55
138.96
139.36
139.75
140.15
140.56
140.96
141.36
141.76
142.16
142.56
142.95
143.35
143.75
144.15
144.56
144.96
145.35
145.75
146.15
146.55
146.96
147.36
147.75
148.15
148.55
148.95
149.35
149.75
150.15
150.55
150.95
151.35
151.76
152.16
152.56
152.96
153.36
153.76
154.15
154.55
154.95
155.35
155.75
156.15
156.55
156.95
157.35
157.75
158.15
158.55
158.95
159.35
159.75
160.15
160.54
160.94
161.34
161.74
162.14
162.55
162.95
163.35
163.75
164.15
164.56
164.96
165.36
165.76
166.16
166.56
166.95
167.35
167.75
168.16
168.56
168.96
169.36
169.76
170.15
170.55
170.94
171.35
171.75
172.16
172.56
172.97
173.37
173.77
174.16
174.55
174.93
175.32
175.7
176.08
176.47
176.85
177.24
177.63
178.02
178.42
178.82
179.21
179.59
179.96
180.33
180.7
181.08
181.46
181.84
182.22
182.61
183.0
183.39
183.79
