0.2
0.49
0.78
1.08
1.37
1.67
1.96
2.26
2.55
2.85
3.14
3.43
3.72
4.02
4.32
4.61
4.91
5.2
5.49
5.79
6.08
6.38
6.67
6.96
7.26
7.55
7.85
8.14
8.43
8.73
9.02
9.32
9.61
9.91
10.2
10.5
10.79
11.09
11.38
11.67
11.96
12.26
12.56
12.85
13.14
13.44
13.74
14.03
14.32
14.61
14.9
15.2
15.5
15.8
16.09
16.38
16.68
16.97
17.26
17.56
17.85
18.15
18.44
18.73
19.03
19.32
19.61
19.91
20.21
20.51
20.8
21.09
21.38
21.67
21.97
22.26
22.56
22.86
23.15
23.44
23.74
24.03
24.32
24.62
24.91
25.21
25.5
25.79
26.08
26.38
26.67
26.97
27.26
27.55
27.85
28.14
28.44
28.73
29.02
29.32
29.61
29.9
30.2
30.5
30.79
31.08
31.38
31.67
31.96
32.26
32.55
32.85
33.14
33.44
33.73
34.02
34.32
34.62
34.91
35.21
35.5
35.79
36.08
36.38
36.67
36.97
37.26
37.55
37.85
38.14
38.43
38.73
39.02
39.32
39.61
39.91
40.21
40.5
40.79
41.08
41.38
41.68
41.97
42.26
42.56
42.85
43.14
43.44
43.73
44.03
44.32
44.62
44.91
45.2
45.5
45.79
46.08
46.38
46.67
46.97
47.27
47.56
47.85
48.14
48.44
48.73
49.03
49.32
49.62
49.91
50.2
50.49
50.79
51.09
51.38
51.67
51.97
52.26
52.56
52.85
53.15
53.44
53.73
54.03
54.32
54.61
54.91
55.2
55.49
55.78
56.08
56.38
56.68
56.97
57.26
57.56
57.85
58.14
58.44
58.73
59.03
59.32
59.62
59.92
60.21
60.5
60.79
61.08
61.38
61.68
61.97
62.26
62.55
62.85
63.15
63.44
63.73
64.03
64.32
64.61
64.91
65.2
65.5
65.79
66.08
66.38
66.67
66.96
67.26
67.55
67.85
68.15
68.44
68.73
69.03
69.32
69.61
69.91
70.2
70.49
70.79
71.08
71.37
71.67
71.97
72.27
72.56
72.85
73.15
73.44
73.73
74.03
74.32
74.62
74.91
75.2
75.5
75.79
76.08
76.38
76.68
76.97
77.26
77.56
77.85
78.14
78.44
78.73
79.03
79.32
79.62
79.91
80.2
80.49
80.79
81.08
81.38
81.68
81.97
82.26
82.56
82.85
83.14
83.44
83.74
84.03
84.32
84.61
84.91
85.21
85.5
85.79
86.09
86.38
86.67
86.97
87.26
87.56
87.85
88.14
88.44
88.73
89.02
89.32
89.62
89.91
90.2
90.5
90.79
91.09
91.38
91.67
91.97
92.26
92.56
92.85
93.14
93.44
93.73
94.03
94.32
94.61
94.91
95.2
95.49
95.79
96.08
96.38
96.67
96.96
97.26
97.55
97.85
98.14
98.44
98.73
99.03
99.32
99.61
99.91
100.2
100.5
100.79
101.08
101.38
101.67
101.97
102.26
102.56
102.85
103.14
103.44
103.73
104.02
104.31
104.61
104.9
105.2
105.49
105.79
106.08
106.37
106.67
106.96
107.25
107.55
107.84
108.14
108.44
108.73
109.02
109.31
109.61
109.9
110.2
110.49
110.78
111.08
111.37
111.66
111.96
112.25
112.55
112.85
113.14
113.43
113.72
114.01
114.31
114.61
114.91
115.2
115.5
115.79
116.08
116.37
116.67
116.96
117.26
117.55
117.85
118.14
118.43
118.73
119.03
119.32
119.62
119.91
120.2
120.5
120.79
121.08
121.37
121.67
121.96
122.26
122.55
122.85
123.14
123.44
123.74
124.04
124.33
124.62
124.91
125.2
125.49
125.78
126.08
126.37
126.67
126.96
127.26
127.55
127.84
128.14
128.44
128.73
129.03
129.32
129.61
129.91
130.21
130.5
130.79
131.08
131.37
131.67
131.97
132.26
132.55
132.85
133.14
133.44
133.73
134.02
134.32
134.61
134.91
135.2
135.49
135.79
136.08
136.38
136.67
136.96
137.26
137.55
137.85
138.14
138.44
138.73
139.02
139.31
139.61
139.91
140.2
140.5
140.79
141.08
141.38
141.67
141.96
142.26
142.56
142.85
143.14
143.44
143.73
144.02
144.32
144.61
144.91
145.21
145.5
145.79
146.08
146.38
146.67
146.97
147.26
147.56
147.85
148.15
148.44
148.73
149.02
149.32
149.62
149.91
150.2
150.5
150.79
151.09
151.38
151.67
151.96
152.26
152.55
152.85
153.14
153.43
153.73
154.02
154.32
154.61
154.91
155.2
155.49
155.79
156.08
156.38
156.67
156.97
157.26
157.56
157.85
158.14
158.44
158.73
159.02
159.32
159.61
159.91
160.2
160.49
160.79
161.08
161.38
161.67
161.97
162.26
162.56
162.85
163.14
163.44
163.73
164.03
164.32
164.61
164.91
165.2
165.5
165.79
166.09
166.38
166.67
166.97
167.26
167.55
167.85
168.14
168.44
