0.01
0.38
0.69
1.1
1.53
1.97
2.42
2.86
3.3
3.75
4.2
4.64
5.09
5.53
5.97
6.42
6.86
7.31
7.75
8.2
8.64
9.08
9.53
9.97
10.41
10.86
11.31
11.75
12.2
12.64
13.08
13.53
13.97
14.41
14.82
15.13
15.53
15.96
16.36
16.67
17.04
17.35
17.76
18.2
18.64
19.08
19.53
19.97
20.42
20.86
21.31
21.75
22.2
22.64
23.08
23.52
23.97
24.41
24.86
25.3
25.75
26.19
26.59
26.9
27.31
27.75
28.19
28.64
29.09
29.53
29.97
30.42
30.86
31.3
31.75
32.2
32.64
33.09
33.53
33.97
34.42
34.86
35.31
35.75
36.2
36.64
37.08
37.53
37.97
38.41
38.86
39.3
39.75
40.2
40.64
41.08
41.53
41.98
42.42
42.86
43.31
43.76
44.2
44.64
45.09
45.53
45.97
46.42
46.86
47.3
47.75
48.2
48.64
49.09
49.53
49.97
50.42
50.87
51.31
51.75
52.2
52.64
53.09
53.53
53.97
54.42
54.86
55.31
55.75
56.2
56.64
57.08
57.53
57.98
58.42
58.87
59.31
59.76
60.2
60.64
61.09
61.53
61.97
62.42
62.87
63.31
63.76
64.2
64.64
65.09
65.53
65.98
66.43
66.87
67.31
67.75
68.2
68.65
69.09
69.53
69.98
70.42
70.86
71.31
71.75
72.2
72.64
73.08
73.53
73.98
74.42
74.86
75.31
75.75
76.2
76.64
77.08
77.53
77.98
78.42
78.86
79.31
79.75
80.2
80.64
81.09
81.53
81.98
82.42
82.86
83.31
83.75
84.2
84.64
85.08
85.53
85.97
86.42
86.86
87.31
87.75
88.19
88.64
89.08
89.53
89.97
90.42
90.87
91.31
91.75
92.2
92.64
93.09
93.53
93.97
94.42
94.86
95.31
95.75
96.2
96.64
97.09
97.53
97.97
98.42
98.86
99.31
99.75
100.19
100.64
101.08
101.53
101.97
102.41
102.86
103.31
103.75
104.2
104.64
105.09
105.53
105.97
106.42
106.86
107.31
107.75
108.2
108.64
109.08
109.53
109.97
110.42
110.86
111.31
111.75
112.2
112.64
113.08
113.53
113.97
114.42
114.86
115.31
115.75
116.19
116.63
117.08
117.53
117.97
118.42
118.86
119.31
119.75
120.2
120.64
121.09
121.53
121.97
122.42
122.86
123.31
123.75
124.2
124.64
125.08
125.53
125.97
126.42
126.86
127.31
127.75
128.2
128.64
129.09
129.53
129.98
130.42
130.86
131.31
131.75
132.2
132.64
133.09
133.53
133.97
134.42
134.87
135.31
135.75
136.2
136.65
137.09
137.53
137.98
138.42
138.86
139.31
139.75
140.19
140.64
141.09
141.53
141.98
142.42
142.86
143.31
143.75
144.2
144.64
145.09
145.53
145.98
146.42
146.86
147.31
147.75
148.2
148.64
149.08
149.53
149.98
150.42
150.86
151.31
151.75
152.2
152.64
153.09
153.53
153.97
154.42
154.86
155.31
155.75
156.19
156.64
157.08
157.53
157.97
158.42
158.86
159.31
159.75
160.2
160.64
161.09
161.53
161.98
162.42
162.87
163.31
163.75
164.2
164.64
165.09
165.53
165.97
166.42
166.86
167.3
167.75
168.2
168.64
169.09
169.53
169.97
170.42
170.86
171.31
171.75
172.19
172.64
173.09
173.53
173.98
174.42
174.86
175.31
175.76
176.2
176.64
177.08
177.53
177.98
178.42
178.86
179.31
179.75
180.2
180.64
181.08
181.53
181.98
182.42
182.87
183.31
183.75
184.2
184.64
185.08
185.53
185.98
186.42
186.86
187.31
187.75
188.2
188.64
189.09
189.53
189.98
190.42
190.86
191.31
191.75
192.2
192.64
193.09
193.53
193.97
194.42
194.86
195.31
195.76
196.2
196.65
197.09
197.54
197.98
198.42
198.87
199.31
199.75
200.2
200.64
201.09
201.53
201.97
202.42
202.86
203.31
203.76
204.2
204.64
205.09
205.53
205.98
206.42
206.86
207.31
207.75
208.2
208.64
209.09
209.53
209.98
210.42
210.86
211.31
211.75
212.2
212.64
213.08
213.53
213.97
214.42
214.86
215.31
215.75
216.19
216.64
217.09
217.53
217.98
218.42
218.87
219.31
219.75
220.2
220.64
221.09
221.53
221.97
222.42
222.86
223.31
223.75
224.2
224.64
225.09
225.53
225.97
226.42
226.87
227.31
227.75
228.2
228.64
229.09
229.53
229.97
230.42
230.86
231.31
231.75
232.2
232.64
233.09
233.53
233.97
234.42
234.86
235.31
235.75
236.2
236.64
237.09
237.53
237.98
238.42
238.86
239.31
239.75
240.2
240.64
241.08
241.53
241.97
242.42
242.87
243.31
243.75
244.2
244.64
245.09
245.53
245.97
246.42
246.86
247.31
247.76
248.2
248.64
249.08
249.53
249.98
250.42
250.86
251.31
251.75
252.19
252.63
253.07
253.51
253.91
254.28
254.65
255.01
255.4
255.8
256.2
256.57
256.93
257.3
257.67
258.07
258.5
258.93
259.36
