0.07
0.48
0.9
1.32
1.79
2.23
2.68
3.09
3.54
4.07
4.58
5.06
5.54
5.99
6.44
6.83
7.21
7.65
8.1
8.57
9.08
9.55
10.03
10.48
10.97
11.43
11.92
12.4
12.88
13.35
13.82
14.29
14.75
15.22
15.69
16.17
16.64
17.11
17.58
18.05
18.52
19.0
19.47
19.94
20.41
20.89
21.36
21.83
22.3
22.78
23.25
23.72
24.19
24.67
25.14
25.61
26.08
26.56
27.03
27.5
27.97
28.45
28.92
29.39
29.86
30.34
30.81
31.28
31.75
32.23
32.7
33.17
33.65
34.12
34.59
35.06
35.53
36.01
36.48
36.95
37.42
37.89
38.36
38.83
39.3
39.78
40.25
40.72
41.19
41.67
42.14
42.61
43.08
43.56
44.03
44.5
44.97
45.45
45.92
46.39
46.86
47.34
47.81
48.28
48.75
49.23
49.7
50.17
50.64
51.12
51.6
52.06
52.53
53.0
53.48
53.95
54.42
54.89
55.36
55.84
56.31
56.78
57.25
57.73
58.2
58.67
59.14
59.62
60.09
60.56
61.03
61.51
61.98
62.45
62.92
63.4
63.87
64.34
64.81
65.29
65.76
66.23
66.71
67.18
67.65
68.13
68.6
69.07
69.54
70.01
70.48
70.95
71.42
71.89
72.36
72.83
73.3
73.78
74.25
74.72
75.2
75.67
76.14
76.61
77.08
77.56
78.03
78.49
78.96
79.44
79.92
80.39
80.87
81.34
81.81
82.28
82.75
83.23
83.7
84.17
84.64
85.12
85.6
86.07
86.54
87.01
87.48
87.95
88.42
88.9
89.37
89.84
90.31
90.79
91.26
91.73
92.2
92.68
93.15
93.62
94.09
94.57
95.04
95.51
95.98
96.45
96.93
97.4
97.87
98.34
98.82
99.29
99.76
100.24
100.71
101.18
101.65
102.13
102.6
103.07
103.54
104.02
104.49
104.95
105.42
105.89
106.36
106.84
107.31
107.78
108.25
108.73
109.2
109.67
110.14
110.62
111.09
111.56
112.03
112.51
112.98
113.45
113.92
114.4
114.87
115.34
115.81
116.29
116.76
117.23
117.7
118.18
118.65
119.12
119.6
120.07
120.54
121.01
121.48
121.95
122.43
122.9
123.37
123.84
124.31
124.79
125.26
125.73
126.2
126.68
127.15
127.62
128.09
128.57
129.04
129.51
129.98
130.46
130.93
131.4
131.87
132.35
132.82
133.29
133.76
134.24
134.71
135.19
135.66
136.13
136.61
137.08
137.55
138.03
138.5
138.96
139.44
139.91
140.38
140.85
141.32
141.8
142.27
142.74
143.21
143.69
144.16
144.63
145.1
145.58
146.05
146.52
146.99
147.47
147.94
148.41
148.88
149.35
149.83
150.3
150.77
151.25
151.72
152.19
152.66
153.12
153.58
154.05
154.53
155.02
155.5
155.97
156.44
156.91
157.38
157.85
158.32
158.8
159.27
159.75
160.22
160.69
161.16
161.64
162.11
162.58
163.05
163.53
164.0
164.47
164.94
165.42
165.89
166.36
166.83
167.3
167.78
168.25
168.72
169.19
169.66
170.14
170.61
171.09
171.56
172.03
172.5
172.98
173.45
173.92
174.39
174.86
175.33
175.81
176.28
176.74
177.21
177.67
178.1
178.54
178.99
179.44
179.89
180.34
180.8
181.27
181.73
