0.09
0.57
1.04
1.51
1.98
2.45
2.92
3.39
3.85
4.32
4.79
5.26
5.73
6.2
6.67
7.14
7.6
8.07
8.54
9.01
9.48
9.95
10.42
10.89
11.35
11.82
12.29
12.76
13.23
13.7
14.16
14.63
15.1
15.57
16.04
16.51
16.98
17.45
17.92
18.39
18.86
19.33
19.79
20.26
20.73
21.2
21.67
22.14
22.61
23.07
23.54
24.01
24.48
24.95
25.42
25.89
26.35
26.82
27.29
27.76
28.23
28.69
29.16
29.63
30.1
30.57
31.04
31.51
31.98
32.45
32.92
33.39
33.86
34.33
34.79
35.26
35.73
36.2
36.67
37.14
37.61
38.08
38.54
39.01
39.48
39.95
40.42
40.89
41.36
41.83
42.29
42.76
43.23
43.7
44.16
44.63
45.1
45.57
46.04
46.51
46.98
47.45
47.92
48.39
48.86
49.33
49.79
50.26
50.73
51.2
51.67
52.14
52.61
53.07
53.54
54.01
54.48
54.95
55.42
55.89
56.36
56.82
57.29
57.76
58.23
58.7
59.17
59.64
60.1
60.57
61.04
61.51
61.98
62.45
62.92
63.39
63.86
64.33
64.79
65.26
65.73
66.2
66.67
67.14
67.61
68.07
68.54
69.01
69.48
69.95
70.42
70.89
71.36
71.82
72.29
72.76
73.23
73.7
74.17
74.64
75.1
75.57
76.04
76.51
76.98
77.45
77.92
78.39
78.86
79.33
79.79
80.26
80.73
81.2
81.67
82.14
82.61
83.08
83.54
84.01
84.48
84.95
85.42
85.89
86.36
86.83
87.29
87.76
88.23
88.7
89.18
89.64
90.11
90.58
91.04
91.51
91.98
92.45
92.92
93.39
93.86
94.33
94.79
95.26
95.73
96.2
96.67
97.14
97.6
98.07
98.54
99.01
99.48
99.95
100.42
100.89
101.36
101.82
102.29
102.76
103.23
103.69
104.16
104.64
105.11
105.57
106.04
106.51
106.98
107.45
107.92
108.39
108.85
109.32
109.79
110.26
110.73
111.2
111.67
112.14
112.6
113.07
113.54
114.01
114.48
114.95
115.42
115.89
116.36
116.82
117.29
117.76
118.23
118.7
119.16
119.63
120.1
120.57
121.04
121.51
121.98
122.45
122.92
123.39
123.85
124.32
124.79
125.26
125.73
126.2
126.67
127.14
127.6
128.07
128.54
129.01
129.48
129.95
130.41
130.88
131.35
131.82
132.29
132.76
133.23
133.69
134.15
134.63
135.11
135.58
136.05
136.52
136.99
137.45
137.92
138.4
138.89
139.36
139.82
140.28
140.76
141.24
141.71
142.15
142.6
143.06
143.53
144.01
144.48
144.95
145.41
145.88
146.36
146.82
147.29
147.76
148.23
148.7
149.17
149.63
150.1
150.57
151.04
151.51
151.98
152.45
152.91
153.38
153.85
154.32
154.79
155.26
155.73
156.2
156.67
157.13
157.6
158.07
158.54
159.01
159.48
159.95
160.42
160.89
161.35
161.82
162.29
162.76
163.23
163.7
164.16
164.63
165.1
165.57
166.04
166.51
166.98
167.45
167.92
168.39
168.85
169.32
169.79
170.26
170.73
171.2
171.67
172.14
172.61
173.07
173.54
174.01
174.48
174.95
175.42
175.89
176.36
176.82
177.29
177.76
178.23
178.69
179.16
179.64
180.11
180.58
181.04
181.51
181.98
182.45
182.92
183.39
183.85
184.32
184.79
185.26
185.73
186.2
186.67
187.14
187.6
188.07
188.54
189.01
189.48
189.95
190.42
190.89
191.35
191.82
192.29
192.76
193.23
193.7
194.17
194.64
195.1
195.57
196.04
196.51
196.98
197.45
197.92
198.39
198.85
199.32
199.79
200.26
200.73
201.2
201.67
202.14
202.61
203.08
203.54
204.01
204.48
204.95
205.42
205.89
206.35
206.82
207.29
207.76
208.23
208.7
209.17
209.64
210.1
210.57
211.04
211.51
211.98
212.44
212.91
213.38
213.85
214.32
214.79
215.26
215.73
216.2
216.67
217.14
217.6
218.07
218.54
219.01
219.48
219.95
220.42
220.89
221.35
221.82
222.29
222.76
223.23
223.7
224.17
224.64
225.1
225.57
226.04
226.51
226.98
227.45
227.92
228.38
228.85
229.32
229.79
230.26
230.73
231.2
231.67
232.14
232.6
233.07
233.54
234.01
234.48
234.95
235.42
235.88
236.35
236.82
237.29
237.76
238.23
238.7
239.17
239.64
240.11
240.59
241.05
241.51
241.97
242.45
242.91
243.38
243.85
244.33
244.79
245.26
245.72
246.19
246.65
247.13
247.6
248.09
248.55
249.01
249.47
249.95
250.42
250.88
251.35
251.83
252.29
252.75
253.23
253.73
254.19
254.65
255.11
255.58
256.04
256.51
256.98
257.45
257.92
258.38
258.85
259.32
259.79
260.26
260.73
261.2
261.66
262.13
262.6
263.07
263.54
264.01
264.48
264.95
265.42
265.88
266.35
266.82
267.29
267.76
268.23
268.7
269.17
269.64
270.11
270.58
271.04
271.51
271.98
272.45
272.92
273.39
273.86
274.33
274.79
275.26
275.73
276.2
276.67
277.14
277.61
278.08
278.54
279.01
279.48
279.95
280.42
280.89
281.36
281.83
282.29
282.76
283.22
283.7
284.16
284.63
285.1
285.57
286.04
286.51
286.98
287.45
287.92
288.39
288.85
289.32
289.79
290.26
290.73
291.2
291.67
292.14
292.61
293.07
293.54
294.01
294.48
294.95
295.42
295.89
296.36
296.82
297.29
297.76
298.23
298.7
299.17
299.64
300.11
300.58
301.04
301.51
301.98
302.45
302.92
303.39
303.86
304.33
304.79
305.26
305.73
306.2
306.67
307.14
307.61
308.08
308.54
309.01
309.48
309.95
310.42
310.89
311.36
311.83
312.29
312.76
313.23
313.69
314.15
314.63
315.1
315.57
316.04
