0.09
0.46
0.83
1.2
1.57
1.94
2.31
2.68
3.05
3.42
3.79
4.16
4.53
4.9
5.27
5.64
6.01
6.38
6.76
7.13
7.5
7.87
8.24
8.61
8.98
9.35
9.72
10.09
10.46
10.83
11.2
11.57
11.94
12.31
12.68
13.05
13.42
13.79
14.16
14.53
14.9
15.27
15.64
16.01
16.38
16.75
17.12
17.49
17.87
18.24
18.61
18.98
19.35
19.72
20.09
20.46
20.83
21.2
21.57
21.94
22.31
22.68
23.05
23.42
23.79
24.16
24.54
24.91
25.28
25.65
26.02
26.39
26.76
27.13
27.5
27.87
28.24
28.61
28.98
29.35
29.72
30.09
30.46
30.84
31.2
31.57
31.94
32.31
32.68
33.05
33.43
33.8
34.17
34.54
34.91
35.28
35.65
36.02
36.39
36.76
37.13
37.5
37.87
38.24
38.61
38.98
39.35
39.72
40.09
40.46
40.83
41.2
41.57
41.95
42.32
42.69
43.06
43.43
43.8
44.17
44.54
44.91
45.28
45.65
46.01
46.38
46.75
47.13
47.5
47.87
48.24
48.61
48.98
49.35
49.72
50.09
50.46
50.83
51.21
51.58
51.94
52.31
52.68
53.05
53.42
53.8
54.17
54.54
54.91
55.28
55.65
56.02
56.39
56.76
57.13
57.5
57.87
58.24
58.61
58.98
59.36
59.73
60.1
60.47
60.83
61.2
61.57
61.94
62.31
62.68
63.05
63.42
63.79
64.16
64.54
64.91
65.28
65.65
66.02
66.39
66.76
67.13
67.5
67.87
68.24
68.61
68.98
69.35
69.72
70.09
70.46
70.83
71.2
71.57
71.94
72.31
72.68
73.05
73.42
73.79
74.16
74.53
74.9
75.28
75.65
76.02
76.39
76.76
77.13
77.5
77.87
78.24
78.6
78.97
79.35
79.72
80.09
80.46
80.83
81.2
81.57
81.94
82.31
82.68
83.05
83.42
83.79
84.16
84.53
84.9
85.28
85.65
86.02
86.39
86.76
87.13
87.5
87.87
88.24
88.61
88.98
89.35
89.72
90.09
90.46
90.83
91.2
91.57
91.94
92.31
92.69
93.06
93.42
93.79
94.16
94.53
94.9
95.27
95.65
96.02
96.39
96.76
97.13
97.5
97.87
98.24
98.61
98.98
99.35
99.72
100.09
100.46
100.83
101.2
101.57
101.94
102.31
102.68
103.05
103.43
103.8
104.17
104.54
104.91
105.28
105.65
106.02
106.39
106.76
107.14
107.51
107.88
108.24
108.61
108.98
109.36
109.73
110.1
110.47
110.84
111.2
111.57
111.94
112.31
112.68
113.05
113.42
113.79
114.16
114.53
114.9
115.27
115.64
116.02
116.39
116.76
117.13
117.5
117.87
118.24
118.61
118.98
119.35
119.72
120.09
120.46
120.83
121.2
121.57
121.94
122.31
122.68
123.05
123.42
123.79
124.16
124.54
124.91
125.28
125.65
126.02
126.39
126.76
127.13
127.5
127.87
128.24
128.61
128.98
129.35
129.72
130.1
130.47
130.84
131.2
131.57
131.94
132.31
132.68
133.05
133.43
133.8
134.17
134.54
134.9
135.28
135.65
136.02
136.39
136.76
137.13
137.5
137.87
138.24
138.61
138.98
139.35
139.73
140.09
140.46
140.83
141.21
141.58
141.96
142.32
142.69
143.06
143.43
143.8
144.17
144.54
144.91
145.28
145.65
146.02
146.39
146.76
147.13
147.5
147.87
148.24
148.61
148.98
149.35
149.72
150.1
150.47
150.83
151.2
151.58
151.95
152.32
152.69
153.06
153.43
153.8
154.17
154.54
154.91
155.28
155.65
156.02
156.39
156.76
157.13
157.5
157.87
158.24
158.61
158.98
159.35
159.72
160.09
160.46
160.83
161.2
161.57
161.94
162.31
162.68
163.06
163.43
163.8
164.17
164.54
164.91
165.28
165.65
166.02
166.39
166.76
167.13
167.49
167.86
168.23
168.61
168.98
169.35
169.72
170.09
170.46
170.83
171.2
171.57
171.94
172.31
172.69
173.06
173.43
173.8
174.17
174.54
174.91
175.28
175.65
176.02
176.39
176.76
177.13
177.5
177.87
178.24
178.61
178.98
179.35
179.72
180.09
180.46
180.84
181.21
181.58
181.95
182.31
182.68
183.05
183.42
183.8
184.17
184.54
184.91
185.28
185.65
186.02
186.39
186.76
187.13
187.5
187.87
188.24
188.61
188.98
189.35
189.72
190.09
190.46
190.83
191.2
191.57
191.94
192.32
192.69
193.06
193.43
193.8
194.17
194.54
194.91
195.28
195.65
196.02
196.39
196.76
197.13
197.5
197.87
198.24
198.61
198.98
199.35
199.72
200.09
200.46
200.83
201.2
201.57
201.95
202.32
202.69
203.06
203.43
203.79
204.12
204.46
204.82
