0.07
0.62
1.16
1.71
2.25
2.8
3.34
3.89
4.43
4.98
5.53
6.07
6.61
7.16
7.7
8.25
8.79
9.34
9.89
10.43
10.98
11.52
12.07
12.61
13.16
13.7
14.25
14.79
15.33
15.88
16.43
16.98
17.52
18.07
18.62
19.16
19.7
20.25
20.79
21.34
21.89
22.43
22.98
23.52
24.07
24.61
25.16
25.7
26.25
26.8
27.34
27.89
28.43
28.98
29.52
30.07
30.61
31.16
31.7
32.25
32.8
33.34
33.89
34.43
34.98
35.52
36.07
36.61
37.16
37.7
38.25
38.8
39.34
39.89
40.43
40.98
41.52
42.07
42.61
43.16
43.7
44.25
44.8
45.34
45.89
46.43
46.98
47.52
48.07
48.62
49.16
49.71
50.25
50.79
51.34
51.89
52.43
52.98
53.53
54.07
54.62
55.16
55.71
56.25
56.8
57.34
57.89
58.43
58.98
59.52
60.07
60.62
61.16
61.71
62.25
62.8
63.34
63.89
64.43
64.98
65.53
66.07
66.62
67.16
67.7
68.25
68.79
69.34
69.89
70.43
70.98
71.52
72.07
72.61
73.16
73.71
74.25
74.79
75.34
75.89
76.43
76.98
77.52
78.07
78.62
79.16
79.71
80.25
80.8
81.34
81.89
82.44
82.99
83.53
84.07
84.62
85.15
85.7
86.25
86.79
87.34
87.89
88.43
88.98
89.52
90.07
90.61
91.16
91.7
92.25
92.8
93.34
93.89
94.43
94.98
95.52
96.07
96.61
97.16
97.7
98.25
98.8
99.34
99.89
100.43
100.98
101.52
102.07
102.61
103.16
103.71
104.25
104.8
105.34
105.89
106.43
106.98
107.52
108.07
108.62
109.16
109.71
110.25
110.8
111.34
111.89
112.43
112.98
113.53
114.07
114.62
115.16
115.71
116.25
116.8
117.34
117.89
118.43
118.98
119.52
120.07
120.61
121.16
121.71
122.25
122.8
123.34
123.89
124.43
124.98
125.53
126.07
126.62
127.16
127.71
128.25
128.8
129.34
129.89
130.43
130.98
131.52
132.07
132.61
133.16
133.71
134.25
134.79
135.34
135.89
136.43
136.98
137.53
138.08
138.62
139.15
139.71
140.28
140.82
141.35
141.89
142.44
142.97
143.52
144.07
144.62
145.18
145.72
146.28
146.82
147.36
147.9
148.44
148.98
149.52
150.07
150.62
151.16
151.71
152.25
152.79
153.34
153.89
154.43
154.98
155.52
156.07
156.61
157.15
157.69
158.22
158.77
159.35
159.92
160.46
160.99
161.53
162.07
162.63
163.17
163.7
164.24
164.79
165.33
165.89
166.44
166.99
167.53
168.07
168.62
169.17
169.72
170.26
170.8
171.34
171.89
172.44
172.99
173.53
174.07
174.61
175.16
175.71
176.25
176.8
177.34
177.89
178.43
178.98
179.53
180.07
180.62
181.16
181.71
182.25
182.8
183.34
183.89
184.44
184.98
185.53
186.07
186.62
187.16
187.7
188.25
188.8
189.34
189.89
190.43
190.97
191.52
192.07
192.6
193.11
193.65
194.19
