0.34
0.81
1.27
1.74
2.2
2.66
3.13
3.6
4.07
4.54
5.01
5.48
5.95
6.42
6.88
7.35
7.81
8.28
8.75
9.23
9.69
10.16
10.63
11.1
11.57
12.05
12.52
12.99
13.45
13.92
14.38
14.84
15.31
15.79
16.25
16.72
17.19
17.67
18.14
18.6
19.07
19.54
20.01
20.48
20.95
21.42
21.89
22.36
22.83
23.3
23.77
24.24
24.7
25.17
25.65
26.14
26.78
27.28
27.76
28.23
28.69
29.15
29.62
30.09
30.56
31.02
31.49
31.96
32.43
32.9
33.36
33.83
34.3
34.77
35.24
35.71
36.18
36.65
37.11
37.58
38.05
38.52
38.99
39.46
39.93
40.4
40.86
41.33
41.8
42.27
42.74
43.21
43.68
44.14
44.6
45.07
45.54
46.01
46.48
46.95
47.42
47.89
48.36
48.83
49.3
49.77
50.24
50.71
51.18
51.65
52.11
52.58
53.05
53.52
53.99
54.46
54.93
55.4
55.87
56.34
56.8
57.27
57.74
58.21
58.68
59.15
59.61
60.08
60.55
61.02
61.49
61.96
62.42
62.9
63.37
63.85
64.31
64.78
65.24
65.71
66.18
66.66
67.13
67.6
68.06
68.53
68.99
69.46
69.93
70.4
70.86
71.33
71.8
72.27
72.74
73.21
73.67
74.14
74.61
75.08
75.55
76.02
76.49
76.96
77.43
77.89
78.36
78.83
79.3
79.77
80.24
80.71
81.18
81.65
82.11
82.58
83.05
83.52
83.99
84.46
84.93
85.4
85.86
86.33
86.8
87.27
87.73
88.2
88.67
89.14
89.61
90.08
90.55
91.01
91.46
91.89
92.31
92.73
93.16
93.61
94.08
94.55
95.01
95.48
95.94
96.41
96.88
97.35
97.82
98.3
98.76
99.22
99.69
100.16
100.63
101.1
101.57
102.04
102.51
102.98
103.45
103.91
104.38
104.85
105.32
105.79
106.26
106.72
107.19
107.66
108.13
108.6
109.07
109.54
110.01
110.47
110.94
111.41
111.88
112.35
112.82
113.29
113.76
114.23
114.7
115.16
115.63
116.1
116.57
117.05
117.52
117.99
118.46
118.93
119.43
119.93
120.45
121.01
121.49
121.95
122.43
122.91
123.37
123.83
124.3
124.77
125.24
125.71
126.17
126.64
127.11
127.58
128.05
128.52
128.99
129.46
129.93
130.4
130.87
131.34
131.8
132.27
132.74
133.21
133.68
134.15
134.61
135.08
135.55
136.02
136.49
136.96
137.43
137.9
138.36
138.83
139.3
139.77
140.24
140.71
141.17
141.64
142.11
142.58
143.05
143.52
143.99
144.46
144.93
145.4
145.87
146.34
146.8
147.27
147.74
148.21
148.68
149.15
149.61
150.08
150.55
151.02
151.49
151.95
152.41
152.88
153.36
153.83
154.3
154.77
155.24
155.71
156.18
156.65
157.11
157.58
158.05
158.52
158.99
159.46
159.93
160.4
160.87
161.34
161.8
162.27
162.74
163.21
163.67
164.14
164.61
165.08
165.55
166.02
166.49
166.96
167.43
167.9
168.36
168.83
169.3
169.77
170.24
170.71
171.18
171.65
172.11
172.58
173.05
173.52
173.99
174.46
174.93
175.4
175.87
176.34
176.8
177.27
177.74
178.21
178.68
179.15
179.61
180.08
180.55
181.02
181.49
181.96
182.43
182.9
183.36
183.83
184.3
184.77
185.24
185.71
186.18
186.65
187.12
187.59
188.05
188.52
188.99
189.46
189.93
190.4
190.87
191.34
191.8
192.27
192.74
193.21
193.68
194.15
194.62
195.09
195.55
196.02
196.49
196.96
197.43
197.9
198.37
198.84
199.3
199.77
200.24
200.71
201.18
201.65
202.12
202.59
203.05
203.52
203.99
204.46
204.93
205.4
205.87
206.34
206.8
207.27
207.74
208.21
208.68
209.15
209.62
210.09
210.55
211.02
211.49
211.96
212.42
212.89
213.36
