0.24
0.55
0.87
1.19
1.5
1.82
2.14
2.45
2.77
3.08
3.4
3.72
4.04
4.35
4.67
4.98
5.29
5.61
5.93
6.24
6.56
6.88
7.19
7.51
7.83
8.14
8.46
8.77
9.09
9.41
9.72
10.04
10.35
10.67
10.99
11.31
11.62
11.93
12.25
12.57
12.88
13.2
13.52
13.83
14.15
14.47
14.79
15.1
15.41
15.72
16.03
16.35
16.66
16.97
17.29
17.62
17.94
18.25
18.56
18.88
19.2
19.52
19.83
20.14
20.45
20.77
21.09
21.4
21.71
22.02
22.34
22.66
22.98
23.3
23.61
23.92
24.25
24.57
24.88
25.2
25.51
25.82
26.14
26.46
26.78
27.09
27.4
27.72
28.03
28.34
28.66
28.97
29.29
29.61
29.93
30.25
30.57
30.88
31.19
31.51
31.82
32.14
32.46
32.78
33.1
33.41
33.72
34.04
34.37
34.68
34.99
35.31
35.62
35.94
36.27
36.59
36.91
37.22
37.53
37.85
38.16
38.47
38.79
39.11
39.42
39.73
40.04
40.35
40.67
40.98
41.3
41.61
41.92
42.23
42.55
42.87
43.19
43.51
43.82
44.14
44.45
44.77
45.08
45.39
45.71
46.04
46.36
46.68
46.99
47.3
47.62
47.95
48.27
48.6
48.92
49.23
49.54
49.85
50.17
50.49
50.8
51.11
51.43
51.75
52.05
52.35
52.66
52.98
53.31
53.63
53.94
54.26
54.58
54.91
55.24
55.53
55.84
56.14
56.45
56.77
57.1
57.41
57.73
58.05
58.36
58.68
59.0
59.31
59.63
59.95
60.27
60.59
60.9
61.22
61.54
61.86
62.17
62.49
62.8
63.12
63.44
63.75
64.06
64.36
64.68
65.0
65.32
65.65
65.96
66.29
66.61
66.93
67.24
67.55
67.86
68.18
68.49
68.79
69.11
69.43
69.74
70.06
70.38
70.71
71.03
71.34
71.64
71.95
72.26
72.57
72.89
73.21
73.52
73.83
74.15
74.47
74.78
75.1
75.42
75.74
76.06
76.39
76.71
77.04
77.36
77.66
77.97
78.27
78.58
78.9
79.23
79.55
79.85
80.15
80.47
80.79
81.1
81.42
81.74
82.06
82.37
82.69
83.0
83.32
83.63
83.95
84.27
84.59
84.9
85.22
85.56
85.88
86.18
86.49
86.8
87.11
87.42
87.73
88.05
88.37
88.68
89.0
89.32
89.64
89.95
90.26
90.57
90.88
91.19
91.5
91.81
92.13
92.45
92.77
93.08
93.4
93.72
94.03
94.35
94.67
94.98
95.29
95.6
95.92
96.24
96.56
96.87
97.19
97.5
97.82
98.14
98.46
98.77
99.08
99.39
99.71
100.03
100.34
100.66
100.98
101.29
101.61
101.93
102.24
102.56
102.87
103.18
103.49
103.81
104.13
104.45
104.77
105.09
105.4
105.72
106.03
106.35
106.66
106.97
107.28
107.6
107.92
108.24
108.56
108.87
109.19
109.51
109.83
110.14
110.45
110.76
111.07
111.39
111.71
112.03
112.35
112.66
112.97
113.28
113.6
113.92
114.24
114.55
114.86
115.18
115.5
115.82
116.13
116.44
116.76
117.07
117.39
117.71
118.02
118.33
118.65
118.97
119.29
119.61
119.94
120.26
120.57
120.89
121.2
121.51
121.82
122.13
122.44
122.76
123.08
123.4
123.72
124.03
124.35
124.67
124.98
125.3
125.61
125.92
126.23
126.55
126.87
127.19
127.5
127.81
128.13
128.44
128.76
129.08
129.4
129.71
130.02
130.34
130.66
130.98
131.29
131.6
131.92
132.24
132.56
132.88
133.19
133.5
133.81
134.13
134.45
134.77
135.09
135.41
135.74
136.06
136.37
136.67
136.98
137.29
137.6
137.92
138.24
138.56
138.87
139.19
139.5
139.82
140.13
140.45
140.76
141.07
141.38
141.7
142.02
142.34
142.66
142.98
143.29
143.6
143.92
144.24
144.55
144.86
145.17
145.49
145.81
146.13
146.45
146.77
147.08
147.4
147.71
148.03
148.34
148.65
148.96
149.28
149.6
149.92
150.24
150.55
150.87
151.19
151.51
151.82
152.13
152.44
152.75
153.08
153.4
153.71
154.03
154.34
154.66
154.97
155.29
155.61
155.92
156.23
156.54
156.86
157.18
157.5
157.82
158.14
158.45
158.77
159.08
159.4
159.71
160.02
160.33
160.65
160.97
161.29
161.61
161.92
162.24
162.55
162.87
163.19
163.5
163.81
164.13
164.45
164.76
165.08
165.4
165.72
166.03
166.35
166.66
166.98
167.29
167.6
167.91
168.23
168.55
168.87
169.18
169.5
169.81
170.13
170.45
170.77
171.08
171.39
171.7
172.02
172.34
172.66
172.98
173.29
173.6
173.91
174.23
174.55
174.87
175.18
175.49
175.81
176.13
176.45
176.76
177.07
177.39
177.7
178.02
178.34
178.66
178.97
179.28
179.6
179.92
180.24
180.56
180.87
181.18
181.5
181.81
182.13
182.44
182.75
183.07
183.39
183.71
184.03
184.34
184.65
184.97
185.29
185.6
185.92
186.23
186.54
186.86
187.18
187.49
187.81
188.13
188.44
188.76
189.07
189.38
189.7
190.02
190.35
190.68
191.0
191.3
191.61
191.92
192.23
192.54
192.86
193.18
193.5
193.82
194.13
194.45
194.77
195.08
195.4
195.71
196.02
196.33
196.65
196.97
197.29
197.61
197.92
198.24
198.56
198.88
199.2
199.51
199.82
200.13
200.44
200.76
201.08
201.4
201.71
202.03
202.35
202.67
202.98
203.29
203.6
203.91
204.23
204.55
204.87
205.19
205.5
205.82
206.13
206.45
206.77
207.08
207.39
207.7
208.02
208.34
208.66
208.98
209.29
209.6
209.92
210.24
210.56
210.87
211.18
211.49
211.81
212.13
212.45
212.77
213.08
213.4
213.72
214.03
214.35
214.66
214.97
215.28
215.6
215.92
216.24
216.56
216.87
217.18
217.5
217.81
218.13
218.45
218.76
219.07
219.4
219.71
220.03
220.35
220.66
220.98
221.29
221.61
221.93
222.24
222.55
222.86
223.18
223.5
223.82
224.14
224.45
224.76
225.07
225.39
225.71
226.03
226.34
226.65
226.97
227.29
227.61
227.93
228.24
228.56
228.88
229.2
229.51
229.82
230.13
230.44
230.76
231.08
231.39
231.71
232.02
232.34
232.66
232.97
233.29
233.6
233.91
234.23
234.55
234.87
235.19
235.51
235.82
236.13
236.44
236.75
237.06
237.36
237.66
237.96
238.28
