0.37
0.83
1.25
1.63
2.0
2.37
2.75
3.12
3.48
3.85
4.22
4.62
5.05
5.49
5.89
6.27
6.66
7.04
7.41
7.76
8.13
8.5
8.88
9.25
9.64
10.02
10.4
10.79
11.18
11.57
11.94
12.29
12.66
13.03
13.41
13.81
14.2
14.59
14.96
15.33
15.68
16.03
16.4
16.79
17.16
17.52
17.9
18.28
18.66
19.02
19.39
19.78
20.16
20.53
20.91
21.29
21.66
22.03
22.41
22.79
23.15
23.53
23.91
24.28
24.65
25.02
25.38
25.75
26.12
26.5
26.87
27.24
27.62
27.99
28.36
28.73
29.12
29.5
29.87
30.24
30.62
31.0
31.37
31.75
32.12
32.5
32.87
33.24
33.62
34.0
34.37
34.75
35.13
35.5
35.87
36.24
36.62
37.0
37.37
37.75
38.12
38.5
38.87
39.24
39.62
40.0
40.37
40.75
41.12
41.5
41.87
42.24
42.62
43.0
43.37
43.75
44.12
44.5
44.87
45.24
45.62
46.0
46.37
46.75
47.12
47.5
47.87
48.25
48.62
49.0
49.37
49.75
50.12
50.5
50.87
51.24
51.62
51.99
52.37
52.74
53.12
53.49
53.86
54.24
54.61
54.98
55.36
55.74
56.12
56.5
56.87
57.24
57.62
57.99
58.37
58.74
59.12
59.5
59.87
60.24
60.62
60.99
61.37
61.75
62.12
62.5
62.87
63.24
63.62
63.99
64.37
64.74
65.12
65.5
65.87
66.24
66.62
67.0
67.37
67.75
68.12
68.5
68.87
69.24
69.62
70.0
70.37
70.74
71.12
71.5
71.87
72.24
72.62
72.99
73.37
73.74
74.12
74.5
74.87
75.24
75.62
76.0
76.37
76.74
77.12
77.5
77.87
78.24
78.62
78.99
79.37
79.75
80.12
80.5
80.87
81.24
81.62
82.0
82.37
82.74
83.12
83.5
83.87
84.24
84.62
85.0
85.37
85.74
86.12
86.5
86.87
87.24
87.62
87.99
88.37
88.74
89.12
89.5
89.87
90.24
90.62
91.0
91.37
91.75
92.12
92.5
92.87
93.24
93.62
93.99
94.36
94.74
95.12
95.5
95.87
96.24
96.62
96.99
97.37
97.74
98.12
98.5
98.87
99.24
99.61
99.99
100.37
100.75
101.12
101.49
101.86
102.24
102.62
103.0
103.37
103.74
104.12
104.5
104.87
105.24
105.61
105.99
106.37
106.75
107.12
107.5
107.88
108.26
108.64
109.01
109.37
109.75
110.12
110.49
110.87
111.24
111.62
111.99
112.36
112.74
113.12
113.5
113.87
114.24
114.62
114.99
115.37
115.75
116.12
116.49
116.87
117.24
117.62
118.0
118.37
118.75
119.12
119.5
119.87
120.24
120.62
121.0
121.37
121.74
122.11
122.49
122.86
123.24
123.62
123.99
124.37
124.74
125.12
125.5
125.87
126.24
126.62
127.0
127.37
127.75
128.12
128.5
128.87
129.24
129.62
130.0
130.37
130.75
131.12
131.49
131.87
132.24
132.62
133.0
133.37
133.74
134.11
134.49
134.87
135.24
135.62
135.99
136.37
136.75
137.12
137.5
137.87
138.24
138.62
139.0
139.37
139.75
140.12
140.49
140.87
141.24
141.62
141.99
142.37
142.75
143.12
143.5
143.87
144.24
144.62
145.0
145.37
145.74
146.11
146.49
146.86
147.24
147.62
147.99
148.37
148.75
149.12
149.5
149.87
150.24
150.62
151.0
151.37
151.74
152.11
152.49
152.87
153.24
153.61
153.99
154.37
154.75
155.12
155.5
155.87
156.24
156.61
156.99
157.36
157.73
158.11
158.49
158.86
159.23
159.61
159.98
160.36
160.73
161.11
161.49
161.87
162.24
162.61
162.99
163.37
163.74
164.12
164.5
164.87
165.24
165.61
165.98
166.36
166.74
167.12
167.49
167.86
168.24
168.61
168.99
169.36
169.73
170.11
170.49
170.87
171.24
171.61
171.99
172.37
172.74
173.11
173.49
173.87
174.24
174.61
174.99
175.36
175.74
176.11
176.49
176.86
177.23
177.61
177.99
178.37
178.75
179.12
179.5
179.87
180.24
180.62
180.99
181.36
181.74
182.11
182.49
182.86
183.24
183.61
183.99
184.36
184.74
185.11
185.49
185.87
186.24
186.61
186.99
187.36
187.74
188.11
188.49
188.87
189.24
189.61
189.99
190.36
190.74
191.12
191.49
191.87
192.24
192.61
192.99
193.36
193.74
194.11
194.49
194.86
195.23
195.61
195.98
196.36
196.74
197.11
197.49
197.86
198.23
198.61
198.98
199.36
199.73
200.11
200.49
200.86
201.23
201.61
201.99
202.36
202.74
203.11
203.49
203.87
204.24
204.62
205.0
205.38
205.75
206.12
206.49
206.86
207.24
207.62
207.99
208.37
208.74
209.11
209.49
209.86
210.23
210.62
211.01
211.38
211.75
212.12
212.5
212.88
213.25
213.62
214.0
214.37
214.74
215.11
215.48
215.86
216.24
216.62
216.99
217.36
217.74
218.11
218.48
218.85
219.23
219.61
219.99
220.36
220.74
221.11
221.49
221.86
222.23
222.61
222.98
223.36
223.74
224.11
224.49
224.86
225.24
225.61
225.99
226.37
226.76
227.13
227.5
227.88
228.26
228.63
229.0
229.36
229.74
230.11
230.49
230.86
231.23
231.61
231.99
232.36
232.73
233.11
233.49
233.86
234.23
234.61
234.99
235.36
235.74
236.11
236.49
236.86
237.23
237.61
237.99
238.36
238.74
239.11
239.49
239.86
240.23
240.61
240.98
241.36
241.74
242.11
242.48
242.86
243.23
243.61
243.99
244.36
244.74
245.11
245.49
245.86
246.23
246.61
246.99
247.36
247.74
248.11
248.49
248.86
249.23
249.61
249.99
250.36
250.74
251.11
251.49
251.86
252.24
252.61
252.99
253.36
253.74
254.11
254.49
254.86
255.24
255.61
255.99
256.37
256.75
257.12
257.5
257.87
258.24
258.62
259.0
259.37
259.75
260.12
260.5
260.87
261.25
261.62
262.0
262.38
262.76
263.13
263.51
263.89
264.26
264.63
265.01
265.38
265.76
266.13
266.51
266.89
267.26
267.64
268.02
268.39
268.77
269.14
269.52
269.9
270.27
270.65
271.03
271.4
271.78
272.15
272.53
272.91
273.28
273.66
274.04
274.41
274.79
275.17
275.55
275.92
276.29
276.67
277.04
277.42
277.8
278.17
278.55
278.93
279.3
279.68
280.06
280.44
280.81
281.19
281.57
281.94
282.32
282.7
283.07
283.45
283.83
284.21
284.59
284.96
285.34
285.72
