0.2
0.67
1.14
1.62
2.1
2.57
3.04
3.52
3.99
4.46
4.93
5.41
5.88
6.35
6.83
7.3
7.77
8.24
8.71
9.19
9.66
10.13
10.61
11.08
11.55
12.02
12.49
12.97
13.44
13.91
14.39
14.86
15.33
15.8
16.27
16.75
17.23
17.7
18.17
18.64
19.11
19.59
20.06
20.54
21.01
21.48
21.95
22.42
22.89
23.37
23.84
24.31
24.78
25.26
25.74
26.21
26.68
27.15
27.62
28.09
28.56
29.03
29.5
29.97
30.45
30.92
31.39
31.87
32.35
32.82
33.29
33.76
34.23
34.7
35.18
35.65
36.12
36.59
37.07
37.54
38.01
38.48
38.96
39.43
39.9
40.37
40.84
41.32
41.79
42.26
42.73
43.21
43.68
44.15
44.62
45.09
45.55
45.98
46.4
46.84
47.26
47.7
48.16
48.64
49.12
49.58
50.06
50.53
51.0
51.48
51.95
52.42
52.89
53.37
53.84
54.31
54.79
55.26
55.73
56.21
56.68
57.15
57.62
58.09
58.56
58.99
59.33
59.76
60.22
60.69
61.16
61.63
62.1
62.58
63.05
63.52
63.99
64.46
64.94
65.41
65.88
66.35
66.82
67.3
67.77
68.24
68.71
69.19
69.66
70.14
70.61
71.08
71.55
72.02
72.5
72.97
73.44
73.91
74.38
74.86
75.33
75.8
76.27
76.75
77.22
77.69
78.17
78.64
79.11
79.58
80.05
80.53
81.0
81.47
81.94
82.41
82.89
83.36
83.83
84.31
84.78
85.25
85.72
86.19
86.67
87.14
87.61
88.08
88.55
89.03
89.5
89.97
90.44
90.92
91.39
91.86
92.34
92.81
93.28
93.75
94.23
94.7
95.17
95.64
96.11
96.59
97.06
97.53
98.01
98.48
98.95
99.42
99.9
100.37
100.84
101.31
101.79
102.26
102.73
103.2
103.68
104.15
104.62
105.1
105.57
106.04
106.51
106.98
107.45
107.93
108.4
108.87
109.35
109.82
110.29
110.76
111.24
111.71
112.18
112.65
113.12
113.6
114.07
114.54
115.01
115.49
115.96
116.43
116.9
117.38
117.85
118.32
118.79
119.27
119.74
120.21
120.69
121.16
121.63
122.1
122.57
123.05
123.52
123.99
124.47
124.94
125.41
125.88
126.35
126.83
127.3
127.77
128.25
128.72
129.19
129.66
130.13
130.61
131.08
131.55
132.03
132.5
132.97
133.44
133.91
134.39
134.86
135.33
135.8
136.28
136.75
137.22
137.69
138.17
138.64
139.11
139.58
140.06
140.53
141.0
141.47
141.95
142.42
142.89
143.36
143.84
144.31
144.78
145.25
145.73
146.2
146.67
147.14
147.62
148.09
148.56
149.03
149.51
149.98
150.45
150.92
151.4
151.87
152.34
152.81
153.29
153.76
154.23
154.7
155.18
155.65
156.12
156.59
157.07
157.54
158.01
158.48
158.96
159.43
159.9
160.37
160.84
161.32
161.79
162.26
162.73
163.21
163.68
164.15
164.62
165.09
165.57
166.04
166.51
166.98
167.46
167.93
168.4
168.87
169.35
169.82
170.29
170.76
171.24
171.71
172.18
172.65
173.13
173.6
174.07
174.54
175.02
175.49
175.96
176.43
176.91
177.38
177.85
178.32
178.79
179.27
179.74
180.21
180.69
181.16
181.63
182.1
182.57
183.05
183.52
183.99
184.46
184.94
185.41
185.88
186.35
186.83
187.3
187.77
188.24
188.72
189.19
189.66
190.13
190.6
191.08
191.55
192.02
192.5
192.97
193.44
193.91
194.38
194.85
195.32
195.79
196.27
196.74
197.21
197.69
198.16
198.63
199.1
199.58
200.05
200.53
201.0
201.48
201.95
202.42
202.88
203.35
203.83
204.31
204.78
205.26
205.73
206.19
206.66
207.12
207.56
207.94
