0.54
1.06
1.58
2.12
2.69
3.26
3.83
4.39
4.96
5.51
6.07
6.62
7.19
7.75
8.31
8.87
9.43
9.99
10.54
11.11
11.68
12.23
12.8
13.36
13.93
14.48
15.05
15.6
16.16
16.72
17.28
17.84
18.4
18.96
19.52
20.08
20.65
21.2
21.77
22.33
22.9
23.45
24.02
24.57
25.13
25.69
26.25
26.81
27.38
27.93
28.49
29.05
29.62
30.18
30.75
31.3
31.87
32.42
32.99
33.54
34.11
34.66
35.23
35.79
36.36
36.91
37.47
38.03
38.6
39.15
39.72
40.28
40.85
41.4
41.96
42.51
43.07
43.64
44.2
44.76
45.32
45.88
46.44
47.0
47.57
48.12
48.69
49.25
49.82
50.37
50.94
51.49
52.05
52.61
53.17
53.73
54.29
54.85
55.41
55.97
56.53
57.1
57.67
58.22
58.79
59.34
59.91
60.46
61.02
61.58
62.15
62.7
63.27
63.82
64.38
64.94
65.51
66.07
66.64
67.19
67.76
68.32
68.88
69.43
69.99
70.55
71.12
71.67
72.24
72.8
73.36
73.92
74.48
75.04
75.61
76.17
76.73
77.31
77.86
78.41
78.97
79.52
80.09
80.65
81.21
81.77
82.33
82.89
83.46
84.01
84.58
85.13
85.7
86.26
86.82
87.37
87.94
88.5
89.06
89.62
90.19
90.75
91.33
91.88
92.44
92.99
93.55
94.11
94.68
95.23
95.79
96.34
96.91
97.47
98.03
98.59
99.15
99.71
100.27
100.83
101.4
101.96
102.53
103.08
103.65
104.2
104.77
105.32
105.88
106.44
107.0
107.56
108.13
108.69
109.26
109.81
110.37
110.93
111.5
112.05
112.62
113.17
113.74
114.29
114.85
115.41
115.99
116.54
117.1
117.66
118.22
118.78
119.35
119.9
120.47
121.02
121.59
122.15
122.72
123.26
123.82
124.38
124.95
125.51
126.08
126.63
127.19
127.75
128.33
128.89
129.44
130.0
130.58
131.14
131.69
132.24
132.8
133.37
133.92
134.48
135.04
135.6
136.16
136.73
137.29
137.86
138.42
138.98
139.55
140.11
140.66
141.21
141.77
142.34
142.9
143.46
144.02
144.58
145.14
145.7
146.28
146.82
147.38
147.94
148.51
149.06
149.63
150.18
150.74
151.3
151.86
152.42
152.98
153.54
154.1
154.67
155.23
155.79
156.36
156.91
157.48
158.03
158.6
159.15
159.71
160.27
160.85
161.39
161.96
162.52
163.08
163.64
164.21
164.76
165.33
165.88
166.46
167.01
167.58
168.12
168.68
169.24
169.81
170.37
170.94
171.49
172.05
172.61
173.18
173.74
174.31
174.86
175.43
175.98
176.54
177.09
177.65
178.22
178.79
179.34
179.91
180.46
181.02
181.58
182.15
182.71
183.28
183.83
184.4
184.95
185.52
186.07
186.63
187.19
187.76
188.31
188.88
189.44
190.02
190.58
191.13
191.69
192.25
192.8
193.37
193.92
194.49
195.04
195.6
196.16
196.73
197.28
197.85
198.4
198.97
199.52
200.08
200.64
201.21
201.77
202.34
202.89
203.46
204.01
204.57
205.14
205.71
206.26
206.83
207.38
207.94
208.49
209.06
209.62
210.18
210.74
211.31
211.86
212.43
212.98
213.54
214.1
214.67
215.23
215.79
216.35
216.91
217.45
217.92
218.5
219.1
