0.1
0.57
1.04
1.51
1.98
2.45
2.92
3.39
3.86
4.33
4.8
5.27
5.74
6.21
6.68
7.15
7.62
8.09
8.56
9.03
9.5
9.97
10.44
10.91
11.38
11.85
12.32
12.79
13.27
13.74
14.21
14.68
15.15
15.62
16.09
16.56
17.03
17.5
17.97
18.44
18.91
19.38
19.85
20.32
20.79
21.26
21.73
22.2
22.67
23.14
23.61
24.08
24.55
25.02
25.49
25.96
26.43
26.9
27.37
27.84
28.31
28.78
29.25
29.72
30.19
30.66
31.13
31.6
32.07
32.54
33.01
33.48
33.95
34.42
34.89
35.36
35.83
36.3
36.77
37.24
37.71
38.18
38.65
39.12
39.59
40.06
40.53
41.0
41.47
41.94
42.41
42.88
43.35
43.82
44.29
44.76
45.23
45.7
46.17
46.64
47.11
47.58
48.05
48.52
48.99
49.46
49.93
50.4
50.87
51.34
51.81
52.28
52.75
53.22
53.69
54.16
54.63
55.1
55.58
56.04
56.51
56.98
57.46
57.93
58.41
58.87
59.34
59.8
60.27
60.74
61.22
61.69
62.16
62.63
63.1
63.57
64.04
64.5
64.97
65.44
65.92
66.39
66.86
67.33
67.8
68.27
68.74
69.21
69.68
70.15
70.62
71.09
71.56
72.03
72.5
72.97
73.44
73.91
74.38
74.85
75.32
75.79
76.26
76.73
77.2
77.67
78.14
78.61
79.08
79.55
80.03
80.5
80.96
81.43
81.9
82.37
82.84
83.31
83.78
84.25
84.72
85.19
85.66
86.13
86.61
87.08
87.55
88.02
88.48
88.95
89.42
89.89
90.36
90.83
91.31
91.78
92.25
92.71
93.18
93.65
94.13
94.6
95.07
95.54
96.01
96.48
96.95
97.42
97.89
98.37
98.84
99.31
99.78
100.25
100.72
101.19
101.66
102.14
102.61
103.08
103.55
104.02
104.48
104.95
105.42
105.9
106.37
106.84
107.31
107.78
108.25
108.72
109.19
109.66
110.13
110.6
111.07
111.54
112.01
112.48
112.94
113.41
113.88
114.35
114.82
115.3
115.77
116.24
116.71
117.18
117.65
118.13
118.6
119.07
119.53
120.0
120.47
120.94
121.42
121.89
122.36
122.84
123.31
123.77
124.23
124.7
125.17
125.64
126.11
126.58
127.05
127.52
127.98
128.45
128.92
129.39
129.86
130.33
130.8
131.27
131.74
132.21
132.68
133.15
133.62
134.09
134.56
135.03
135.5
135.97
136.44
136.91
137.38
137.85
138.32
138.79
139.26
139.73
140.2
140.67
141.14
141.61
142.08
142.55
143.02
143.49
143.96
144.43
144.9
145.37
145.84
146.31
146.78
147.26
147.73
148.2
148.66
149.13
149.6
150.07
150.55
151.02
151.49
151.96
152.43
152.89
153.36
153.83
154.31
154.78
155.25
155.72
156.19
156.66
157.13
157.6
158.07
158.54
159.01
159.48
159.95
160.42
160.89
161.36
161.83
162.3
162.77
163.24
163.71
164.18
164.65
165.12
165.59
166.06
166.53
167.0
167.47
167.94
168.41
168.88
169.35
169.82
170.29
170.76
171.23
171.7
172.17
172.64
173.11
173.58
174.05
174.52
174.99
175.46
175.93
176.4
176.87
177.34
177.81
178.28
178.75
179.21
179.68
180.15
180.63
181.1
181.57
182.03
182.5
182.97
183.44
183.91
184.39
184.86
185.33
185.8
186.27
186.74
187.21
187.68
188.15
188.62
189.09
189.56
190.03
190.5
190.97
191.44
191.91
192.38
192.85
193.32
193.79
194.26
194.73
195.2
195.67
196.15
196.62
197.08
197.55
198.02
198.49
198.96
199.43
199.9
200.37
200.84
201.31
201.78
202.25
202.72
203.2
203.67
204.14
204.61
205.08
205.55
206.02
206.49
206.96
207.43
207.9
208.37
208.84
209.31
209.78
210.25
210.72
211.19
211.66
212.13
212.6
213.07
213.54
214.01
214.48
214.95
215.42
215.89
216.36
216.83
217.3
217.77
218.24
218.71
219.18
219.65
220.12
220.59
221.06
221.53
222.0
222.47
222.94
223.41
223.88
224.35
224.82
225.29
225.76
226.23
226.7
227.17
227.64
228.11
228.58
229.05
229.52
229.99
230.46
230.93
231.4
231.87
232.34
232.81
233.28
233.75
234.22
234.69
235.16
235.63
236.1
236.57
237.04
237.51
237.98
238.45
238.92
239.39
239.86
240.33
240.8
241.27
241.74
242.21
242.68
243.15
243.62
244.09
244.56
245.03
245.5
245.97
246.44
246.91
247.38
247.85
248.32
248.79
249.26
249.73
250.2
250.67
251.15
251.62
252.09
252.56
253.03
253.5
253.97
254.44
254.91
255.38
255.85
256.32
256.79
257.26
257.73
258.2
258.67
259.14
259.61
260.08
260.55
261.02
261.49
261.96
262.43
262.9
263.37
263.84
264.31
264.78
265.25
265.72
266.19
266.66
267.13
267.6
268.07
268.54
269.01
269.48
269.95
270.42
270.89
271.36
271.83
272.3
272.77
273.24
273.71
274.18
274.65
275.12
275.59
276.06
276.53
277.0
277.47
277.94
