0.28
0.68
1.08
1.48
1.87
2.26
2.65
3.05
3.44
3.83
4.23
4.63
5.03
5.43
5.82
6.21
6.61
7.01
7.41
7.8
8.19
8.58
8.98
9.37
9.76
10.15
10.55
10.95
11.33
11.72
12.12
12.52
12.92
13.31
13.71
14.11
14.5
14.89
15.29
15.68
16.08
16.47
16.87
17.28
17.68
18.07
18.45
18.84
19.23
19.64
20.04
20.44
20.84
21.23
21.62
22.01
22.41
22.81
23.2
23.59
23.99
24.39
24.78
25.16
25.55
25.93
26.33
26.75
27.15
27.54
27.92
28.31
28.71
29.1
29.5
29.9
30.29
30.68
31.08
31.48
31.86
32.25
32.64
33.04
33.45
33.86
34.26
34.65
35.04
35.43
35.82
36.22
36.61
37.01
37.4
37.79
38.18
38.57
38.97
39.37
39.76
40.15
40.56
40.95
41.34
41.74
42.14
42.54
42.94
43.34
43.73
44.12
44.51
44.91
45.31
45.72
46.11
46.5
46.88
47.26
47.65
48.05
48.46
48.86
49.25
49.64
50.03
50.43
50.83
51.22
51.61
52.0
52.4
52.79
53.18
53.58
53.98
54.37
54.77
55.16
55.55
55.94
56.34
56.74
57.13
57.53
57.93
58.33
58.72
59.11
59.51
59.9
60.29
60.68
61.08
61.47
61.87
62.26
62.66
63.05
63.45
63.85
64.25
64.64
65.03
65.42
65.81
66.21
66.6
67.0
67.4
67.79
68.19
68.58
68.97
69.37
69.76
70.16
70.56
70.96
71.35
71.74
72.14
72.53
72.93
73.32
73.71
74.11
74.51
74.91
75.31
75.72
76.12
76.54
76.95
77.39
77.82
78.23
78.63
79.03
79.43
79.83
80.22
80.62
81.01
81.4
81.8
82.19
82.59
82.98
83.38
83.77
84.17
84.56
84.96
85.35
85.75
86.14
86.54
86.93
87.33
87.72
88.12
88.51
88.91
89.3
89.7
90.09
90.49
90.88
91.28
91.67
92.06
92.46
92.85
93.25
93.64
94.04
94.43
94.82
95.22
95.61
96.01
96.41
96.8
97.19
97.59
97.98
98.38
98.77
99.17
99.56
99.96
100.35
100.75
101.14
101.54
101.93
102.33
102.72
103.12
103.51
103.91
104.3
104.7
105.09
105.49
105.88
106.28
106.67
107.07
107.46
107.85
108.25
108.64
109.04
109.43
109.83
110.22
110.62
111.01
111.41
111.8
112.2
112.59
112.98
113.38
113.78
114.17
114.56
114.96
115.35
115.74
116.14
116.54
116.93
117.33
117.72
118.12
118.51
118.91
119.3
119.7
120.09
120.49
120.88
121.28
121.67
122.06
122.46
122.86
123.25
123.65
124.04
124.43
124.83
125.22
125.62
126.01
126.41
126.81
127.2
127.59
127.98
128.38
128.77
129.17
129.57
129.96
130.36
130.75
131.14
131.54
131.93
132.33
132.72
133.12
133.51
133.91
134.3
134.69
135.09
135.49
135.89
136.28
136.67
137.07
137.46
137.86
138.25
138.64
139.04
139.44
139.83
140.22
140.62
141.01
141.41
141.8
142.19
142.59
142.98
143.38
143.77
144.17
144.56
144.96
145.35
145.75
146.15
146.54
146.93
147.33
147.72
148.12
148.52
148.91
149.3
149.7
150.09
150.49
150.88
151.28
151.67
152.07
152.46
152.85
153.25
153.64
154.04
154.43
154.83
155.22
155.61
156.01
156.41
156.8
157.2
157.59
157.98
158.38
158.78
159.17
159.56
159.96
160.36
160.75
161.15
161.54
161.93
162.33
162.72
163.12
163.51
163.91
164.3
164.7
165.09
165.49
165.88
166.27
166.67
167.06
167.46
167.86
168.26
168.66
169.05
169.45
169.85
170.24
170.63
171.02
171.42
171.81
172.22
172.62
173.03
173.45
173.86
174.23
174.61
175.01
175.4
175.77
176.15
176.55
176.95
177.34
177.73
178.12
178.52
178.92
179.31
179.71
180.11
180.5
180.89
181.28
181.67
182.07
182.46
182.86
183.25
183.64
184.04
184.43
184.83
185.22
185.62
186.01
186.4
186.8
187.19
187.59
187.99
188.38
188.78
189.17
189.57
189.96
190.36
190.75
191.14
191.54
191.93
192.33
192.72
193.12
193.51
193.91
194.3
194.7
195.09
195.48
195.87
196.27
196.67
197.07
197.46
197.86
198.25
198.64
199.03
199.43
199.83
200.22
200.62
201.01
201.41
201.81
202.2
202.59
202.99
203.38
203.78
204.17
204.56
204.96
205.35
205.75
206.14
206.54
206.93
207.33
207.72
208.12
208.51
208.91
209.3
209.7
210.09
210.49
210.88
211.27
211.67
212.06
212.46
212.86
213.25
213.65
214.04
214.44
214.83
215.22
215.62
216.01
216.41
216.8
217.2
217.59
217.98
218.38
218.77
219.17
219.57
219.97
220.4
220.82
221.23
221.63
222.03
222.44
222.85
223.26
223.65
224.02
224.41
224.78
225.15
225.54
