0.23
0.67
1.12
1.57
2.02
2.46
2.91
3.36
3.81
4.26
4.71
5.15
5.6
6.05
6.5
6.94
7.39
7.84
8.29
8.74
9.18
9.63
10.08
10.52
10.97
11.42
11.87
12.32
12.77
13.21
13.66
14.11
14.56
15.01
15.46
15.92
16.36
16.8
17.25
17.69
18.14
18.59
19.04
19.48
19.93
20.38
20.82
21.27
21.72
22.17
22.62
23.06
23.51
23.96
24.41
24.86
25.3
25.75
26.2
26.65
27.09
27.54
27.99
28.44
28.89
29.34
29.79
30.25
30.69
31.12
31.57
32.01
32.46
32.91
33.36
33.81
34.26
34.7
35.15
35.6
36.05
36.49
36.94
37.39
37.84
38.29
38.74
39.18
39.63
40.08
40.53
40.97
41.42
41.87
42.32
42.76
43.21
43.66
44.12
44.57
45.01
45.45
45.9
46.35
46.8
47.24
47.69
48.14
48.59
49.04
49.48
49.93
50.38
50.82
51.27
51.72
52.17
52.62
53.07
53.51
53.96
54.41
54.86
55.31
55.76
56.2
56.65
57.09
57.54
57.99
58.43
58.88
59.33
59.78
60.23
60.68
61.12
61.57
62.02
62.47
62.92
63.36
63.81
64.26
64.71
65.16
65.61
66.06
66.5
66.94
67.4
67.85
68.29
68.74
69.19
69.64
70.09
70.53
70.98
71.43
71.88
72.33
72.77
73.22
73.67
74.11
74.56
75.0
75.45
75.9
76.35
76.79
77.24
77.69
78.13
78.57
79.03
79.48
79.93
80.38
80.82
81.27
81.72
82.16
82.61
83.06
83.51
83.96
84.41
84.86
85.31
85.77
86.21
86.65
87.1
87.56
88.01
88.45
88.89
89.34
89.78
90.23
90.68
91.12
91.57
92.02
92.47
92.91
93.36
93.81
94.26
94.71
95.15
95.6
96.05
96.5
96.94
97.39
97.84
98.29
98.73
99.18
99.63
100.08
100.53
100.98
101.43
101.88
102.32
102.76
103.21
103.66
104.11
104.56
105.01
105.45
105.9
106.35
106.8
107.24
107.69
108.14
108.58
109.03
109.48
109.93
110.38
110.82
111.27
111.72
112.17
112.62
113.06
113.51
113.96
114.41
114.85
115.3
115.75
116.19
116.64
117.09
117.54
117.99
118.44
118.88
119.33
119.78
120.23
120.67
121.12
121.57
122.02
122.47
122.92
123.37
123.81
124.26
124.71
125.16
125.6
126.05
126.5
126.95
127.4
127.84
128.29
128.74
129.19
129.64
130.08
130.53
130.97
131.41
131.87
132.31
132.76
133.21
133.66
134.11
134.55
135.0
135.45
135.9
136.34
136.8
137.25
137.7
138.14
138.58
139.03
139.48
139.93
140.38
140.83
141.29
141.74
142.17
142.62
143.06
143.51
143.96
144.41
144.86
145.31
145.75
146.2
146.65
147.09
147.54
147.99
148.44
148.88
149.33
149.78
150.23
150.67
151.12
151.57
152.01
152.46
152.91
153.36
153.81
154.26
154.71
155.15
155.6
156.05
156.49
156.94
157.39
157.84
158.29
158.74
159.18
159.63
160.07
160.52
160.97
161.42
161.87
162.32
162.76
163.21
163.66
164.11
164.55
165.0
165.45
165.9
166.35
166.8
167.24
167.69
168.14
168.59
169.03
169.48
169.93
170.38
170.82
171.27
171.72
172.17
172.61
173.06
173.51
173.96
174.41
174.86
175.31
175.75
176.2
176.65
177.09
177.54
177.99
178.44
178.88
179.33
179.78
180.23
180.68
181.12
181.57
182.02
182.46
182.91
183.36
183.81
184.26
184.7
185.15
185.6
186.05
186.49
186.94
187.39
187.84
188.28
188.73
189.18
189.63
190.08
190.53
190.97
191.42
191.87
192.31
192.76
193.21
193.66
194.11
194.55
195.0
195.45
195.9
196.35
196.79
197.24
197.69
198.14
198.58
199.03
199.48
199.93
200.37
200.82
201.27
201.72
202.16
202.61
203.06
203.51
203.96
204.4
204.85
205.3
205.75
206.2
206.64
207.09
207.54
207.98
208.43
208.88
209.33
209.78
210.22
210.67
211.12
211.57
212.02
212.46
212.91
213.36
213.8
214.25
214.7
215.15
215.6
216.05
216.49
216.94
217.39
217.84
218.28
218.73
219.19
219.64
220.09
220.53
220.95
221.36
221.74
222.11
222.5
222.89
223.3
223.69
224.09
224.53
225.0
225.45
225.89
226.33
226.79
227.24
227.68
228.12
