0.35
1.03
1.7
2.38
3.05
3.72
4.4
5.08
5.75
6.42
7.1
7.78
8.45
9.12
9.79
10.47
11.14
11.82
12.49
13.17
13.84
14.51
15.18
15.87
16.54
17.21
17.88
18.56
19.23
19.91
20.58
21.26
21.93
22.61
23.27
23.93
24.64
25.33
26.0
26.66
27.34
28.0
28.66
29.34
30.02
30.68
31.34
32.02
32.69
33.39
34.07
34.75
35.41
36.08
36.76
37.45
38.12
38.78
39.45
40.13
40.8
41.47
42.15
42.83
43.5
44.17
44.85
45.52
46.2
46.87
47.55
48.23
48.9
49.57
50.24
50.93
51.59
52.26
52.94
53.63
54.29
54.96
55.64
56.32
56.99
57.66
58.33
59.02
59.68
60.35
61.03
61.71
62.38
63.05
63.72
64.4
65.07
65.75
66.41
67.08
67.76
68.43
69.06
69.65
70.22
70.82
71.48
72.12
72.66
73.24
73.86
74.5
75.15
75.83
76.54
77.23
77.89
78.57
79.25
79.96
80.6
81.25
81.93
82.6
83.27
83.94
84.61
85.3
85.98
86.65
87.33
87.99
88.68
89.35
90.02
90.69
91.37
92.05
92.71
93.38
94.06
94.73
95.39
96.08
96.76
97.44
98.11
98.78
99.46
100.13
100.81
101.48
102.16
102.83
103.5
104.18
104.86
105.53
106.2
106.87
107.55
108.22
108.89
109.57
110.26
110.92
111.6
112.27
112.96
113.62
114.29
114.96
115.64
116.31
116.99
117.66
118.34
119.01
119.69
120.36
121.04
121.7
122.37
123.05
123.72
124.4
125.07
125.74
126.43
127.1
127.79
128.49
129.13
129.8
130.46
131.14
131.82
132.49
133.16
133.84
134.51
135.18
135.84
136.52
137.2
137.87
138.55
139.2
139.88
140.55
141.23
141.92
142.6
143.27
143.94
144.62
145.29
145.96
146.63
147.31
147.99
148.66
149.34
150.01
150.68
151.36
152.04
152.73
153.39
154.07
154.74
155.41
156.09
156.76
157.44
158.11
158.78
159.46
160.14
160.81
161.48
162.16
162.83
163.51
164.19
164.86
165.53
166.2
166.87
167.55
168.22
168.9
169.57
170.24
170.92
171.59
172.27
172.95
173.62
174.29
174.97
175.64
176.32
176.98
177.66
178.34
179.03
179.69
180.37
181.04
181.71
182.38
183.05
183.73
184.42
185.09
185.77
186.43
187.1
187.77
188.44
189.12
189.8
190.47
191.14
191.82
192.49
193.17
193.84
194.52
195.2
195.87
196.52
197.19
197.87
198.55
199.22
199.89
200.55
201.18
201.78
202.39
202.94
203.51
204.12
204.68
205.33
205.97
206.65
207.32
207.99
208.66
209.31
210.01
210.69
211.37
212.05
212.72
213.38
214.03
214.73
215.41
216.07
216.75
217.43
218.1
218.77
219.46
220.13
220.81
221.49
222.15
222.82
223.49
224.14
224.84
225.52
226.19
226.86
227.54
228.22
228.89
229.58
230.25
230.92
231.59
232.27
232.93
233.6
234.26
234.84
235.37
235.99
236.58
237.2
237.76
238.34
238.97
239.67
240.35
241.07
241.76
242.43
243.09
243.76
244.45
245.11
245.73
246.45
247.13
247.78
248.42
249.13
249.72
250.27
250.88
251.53
252.18
252.85
253.56
254.31
254.96
255.62
