0.21
0.7
1.21
1.7
2.19
2.69
3.19
3.7
4.21
4.72
5.22
5.71
6.2
6.7
7.2
7.71
8.21
8.72
9.22
9.71
10.2
10.71
11.21
11.71
12.21
12.72
13.22
13.72
14.22
14.72
15.21
15.71
16.21
16.71
17.22
17.71
18.21
18.71
19.21
19.72
20.21
20.71
21.21
21.7
22.19
22.68
23.17
23.67
24.17
24.69
25.21
25.71
26.2
26.7
27.21
27.71
28.21
28.71
29.21
29.7
30.2
30.7
31.2
31.7
32.2
32.71
33.21
33.71
34.21
34.71
35.21
35.71
36.21
36.71
37.21
37.71
38.21
38.71
39.21
39.71
40.21
40.71
41.21
41.7
42.2
42.71
43.21
43.71
44.22
44.72
45.21
45.7
46.2
46.7
47.21
47.71
48.21
48.71
49.21
49.7
50.2
50.71
51.21
51.71
52.22
52.72
53.22
53.71
54.21
54.71
55.2
55.69
56.2
56.72
57.23
57.72
58.21
58.71
59.21
59.71
60.21
60.72
61.22
61.71
62.2
62.71
63.21
63.71
64.21
64.71
65.21
65.7
66.2
66.7
67.21
67.71
68.22
68.71
69.22
69.72
70.21
70.71
71.21
71.7
72.21
72.71
73.21
73.7
74.2
74.7
75.21
75.71
76.22
76.72
77.23
77.72
78.21
78.7
79.2
79.7
80.2
80.7
81.21
81.71
82.2
82.7
83.2
83.7
84.2
84.7
85.21
85.7
86.2
86.7
87.19
87.69
88.19
88.69
89.2
89.7
90.2
90.7
91.19
91.69
92.19
92.7
93.2
93.69
94.19
94.69
95.19
95.69
96.19
96.7
97.21
97.7
98.21
98.71
99.2
99.69
100.21
100.7
101.21
101.71
102.21
102.72
103.22
103.72
104.22
104.72
105.22
105.71
106.2
106.71
107.21
107.71
108.22
108.72
109.22
109.71
110.21
110.71
111.22
111.72
112.22
112.72
113.22
113.71
114.21
114.72
115.22
115.72
116.22
116.72
117.22
117.71
118.21
118.7
119.21
119.71
120.21
120.7
121.19
121.69
122.19
122.7
123.21
123.7
124.2
124.71
125.22
125.71
126.22
126.71
127.21
127.7
128.2
128.7
129.21
129.7
130.21
130.71
131.22
131.72
132.21
132.71
133.22
133.71
134.22
134.72
135.22
135.71
136.2
136.71
137.22
137.72
138.21
138.69
139.19
139.69
140.19
140.69
141.19
141.69
142.19
142.69
143.19
143.69
144.19
144.69
145.19
145.69
146.19
146.69
147.19
147.69
148.19
148.69
149.2
149.7
150.2
150.69
151.18
151.67
152.17
152.67
153.19
153.7
154.21
154.71
155.19
155.68
156.18
156.68
157.16
157.65
