0.08
0.5
0.94
1.37
1.8
2.22
2.65
3.08
3.52
3.97
4.4
4.83
5.27
5.71
6.14
6.58
7.01
7.44
7.88
8.31
8.75
9.18
9.62
10.05
10.49
10.92
11.36
11.79
12.23
12.67
13.1
13.53
13.97
14.41
14.84
15.27
15.71
16.14
16.58
17.01
17.45
17.88
18.31
18.75
19.19
19.62
20.05
20.49
20.93
21.36
21.79
22.23
22.66
23.1
23.53
23.97
24.4
24.84
25.27
25.71
26.14
26.58
27.01
27.45
27.88
28.32
28.75
29.19
29.62
30.05
30.49
30.92
31.35
31.79
32.23
32.67
33.1
33.53
33.97
34.4
34.84
35.27
35.7
36.14
36.58
37.01
37.45
37.88
38.32
38.75
39.18
39.62
40.06
40.49
40.92
41.36
41.79
42.23
42.66
43.1
43.53
43.97
44.4
44.84
45.27
45.71
46.14
46.58
47.01
47.45
47.88
48.32
48.75
49.19
49.62
50.06
50.49
50.93
51.36
51.8
52.23
52.67
53.1
53.54
53.97
54.41
54.84
55.27
55.71
56.15
56.58
57.01
57.45
57.88
58.32
58.75
59.19
59.62
60.06
60.49
60.93
61.36
61.8
62.23
62.67
63.1
63.54
63.97
64.4
64.84
65.28
65.71
66.14
66.58
67.01
67.45
67.88
68.32
68.75
69.19
69.62
70.06
70.49
70.93
71.36
71.8
72.23
72.66
73.1
73.54
73.97
74.4
74.84
75.27
75.71
76.14
76.58
77.01
77.44
77.88
78.32
78.75
79.18
79.62
80.05
80.49
80.92
81.36
81.79
82.23
82.66
83.1
83.53
83.97
84.4
84.84
85.27
85.71
86.14
86.58
87.01
87.45
87.88
88.32
88.75
89.19
89.62
90.05
90.49
90.93
91.36
91.79
92.22
92.66
93.1
93.53
93.97
94.4
94.84
95.27
95.71
96.14
96.58
97.01
97.45
97.88
98.32
98.75
99.19
99.62
100.05
100.49
100.92
101.36
101.8
102.23
102.66
103.1
103.53
103.97
104.4
104.84
105.27
105.71
106.14
106.58
107.01
107.45
107.88
108.32
108.75
109.19
109.62
110.06
110.49
110.93
111.36
111.8
112.23
112.66
113.1
113.53
113.97
114.4
114.84
115.27
115.71
116.14
116.58
117.01
117.44
117.88
118.32
118.75
119.19
119.62
120.05
120.49
120.92
121.36
121.8
122.23
122.67
123.1
123.54
123.97
124.4
124.84
125.27
125.71
126.14
126.58
127.01
127.45
127.88
128.32
128.75
129.18
129.62
130.06
130.49
130.93
131.36
131.79
132.23
132.67
133.1
133.53
133.97
134.4
134.84
135.27
135.71
136.14
136.58
137.01
137.44
137.88
138.32
138.75
139.19
139.62
140.06
140.49
140.92
141.36
141.8
142.23
142.67
143.1
143.54
143.97
144.41
144.84
145.28
145.71
146.14
146.58
147.01
147.45
147.88
148.32
148.76
149.19
149.62
150.06
150.49
150.93
151.37
151.8
152.23
152.67
153.1
153.54
153.97
154.41
154.84
155.27
155.71
156.15
156.58
157.02
157.45
157.88
158.32
158.76
159.22
159.66
160.1
160.53
160.97
161.4
161.83
162.25
162.68
163.13
163.57
164.0
164.44
164.87
165.29
165.72
166.16
166.6
167.03
167.46
167.9
168.33
168.77
169.2
169.63
170.07
170.5
170.93
171.36
171.8
172.24
172.67
173.1
173.53
173.97
174.41
174.84
175.27
175.71
176.14
176.58
177.01
177.45
177.88
178.32
178.75
179.18
179.62
180.06
180.49
180.93
181.37
181.8
182.23
182.66
183.1
183.53
183.97
184.4
184.84
185.27
185.71
186.15
186.58
187.01
187.45
187.88
188.32
188.75
189.19
189.62
190.06
190.49
190.93
191.36
191.79
192.23
192.66
193.1
193.53
193.97
194.41
194.85
195.28
195.71
196.15
196.58
197.01
197.45
197.89
198.32
198.76
199.19
199.62
200.06
200.49
200.93
201.36
201.8
202.23
202.67
203.1
203.54
203.97
204.4
204.84
205.28
205.71
206.15
206.58
207.02
207.45
207.88
208.32
208.75
209.19
209.63
210.06
210.5
210.93
211.37
211.8
212.23
212.67
213.1
213.54
213.97
214.4
214.84
215.28
215.71
216.15
216.59
217.02
217.45
217.89
218.32
218.75
219.19
219.62
220.06
220.49
220.93
221.37
221.83
222.27
222.7
223.18
223.69
224.2
224.61
225.02
225.43
225.87
226.28
