0.1
0.59
1.08
1.54
1.96
2.41
2.89
3.36
3.8
4.23
4.71
5.21
5.69
6.16
6.64
7.12
7.56
7.96
8.36
8.79
9.21
9.64
10.07
10.49
10.91
11.33
11.72
12.15
12.63
13.08
13.52
13.95
14.39
14.85
15.32
15.76
16.2
16.67
17.15
17.64
18.11
18.58
19.07
19.51
19.92
20.32
20.73
21.18
21.65
22.12
22.58
23.03
23.49
23.96
24.43
24.9
25.39
25.9
26.34
26.8
27.26
27.72
28.16
28.54
28.94
29.38
29.83
30.3
30.74
31.23
31.7
32.14
32.64
33.11
33.55
34.01
34.48
34.91
35.31
35.73
36.15
36.55
36.99
37.4
37.8
38.22
38.65
39.05
39.47
39.92
40.39
40.87
41.35
41.84
42.31
42.76
43.22
43.68
44.14
44.6
45.07
45.56
46.03
46.49
46.96
47.43
47.89
48.36
48.84
49.31
49.79
50.26
50.72
51.18
51.65
52.12
52.59
53.06
53.53
54.0
54.46
54.94
55.41
55.89
56.36
56.82
57.28
57.75
58.21
58.68
59.15
59.61
60.08
60.55
61.02
61.49
61.96
62.43
62.9
63.36
63.83
64.3
64.77
65.24
65.71
66.17
66.64
67.11
67.58
68.05
68.52
68.99
69.46
69.93
70.39
70.86
71.33
71.8
72.27
72.74
73.21
73.68
74.14
74.61
75.08
75.55
76.02
76.49
76.96
77.43
77.89
78.36
78.83
79.3
79.77
80.24
80.71
81.17
81.64
82.11
82.58
83.05
83.52
83.99
84.46
84.93
85.4
85.86
86.33
86.8
87.27
87.74
88.21
88.68
89.15
89.61
90.08
90.55
91.02
91.49
91.96
92.42
92.89
93.36
93.83
94.3
94.77
95.24
95.71
96.17
96.64
97.11
97.58
98.05
98.52
98.99
99.46
99.92
100.39
100.86
101.33
101.8
102.27
102.74
103.21
103.67
104.14
104.61
105.08
105.55
106.02
106.49
106.96
107.42
107.89
108.36
108.83
109.3
109.77
110.23
110.7
111.17
111.64
112.11
112.58
113.05
113.52
113.99
114.46
114.92
115.39
115.86
116.33
116.8
117.27
117.74
118.21
118.67
119.14
119.61
120.08
120.55
121.02
121.49
121.96
122.42
122.89
123.36
123.83
124.3
124.77
125.23
125.7
126.17
126.64
127.11
127.58
128.05
128.52
128.99
129.46
129.92
130.39
130.86
131.33
131.8
132.27
132.73
133.2
133.67
134.14
134.61
135.08
135.55
136.02
136.49
136.96
137.42
137.89
138.36
138.83
139.3
139.77
140.24
140.71
141.17
141.64
142.11
142.58
143.05
143.52
143.98
144.45
144.92
145.39
145.86
146.33
146.8
147.27
147.74
148.2
148.67
149.14
149.61
150.08
150.55
151.02
151.49
151.96
152.43
152.89
153.36
153.83
154.3
154.77
155.24
155.71
156.18
156.65
157.11
157.58
158.05
158.52
158.99
159.46
159.93
160.4
160.87
161.34
161.8
162.27
162.74
163.21
163.68
164.15
164.62
165.09
165.55
166.02
166.49
166.96
167.43
167.9
168.37
168.84
169.31
169.77
170.24
170.71
171.18
171.65
172.12
172.59
173.06
173.53
174.0
174.46
174.93
175.4
175.87
176.34
176.81
177.28
177.75
178.22
178.69
179.16
179.63
180.09
180.55
181.0
181.47
181.9
182.32
182.72
183.14
183.56
184.0
184.45
184.89
185.33
185.77
186.22
186.69
187.16
187.65
188.12
188.58
189.06
189.55
190.03
190.52
190.97
191.46
191.93
192.41
192.9
193.35
193.81
194.28
194.74
195.22
195.65
196.09
196.52
196.94
197.38
197.83
198.27
198.72
199.2
199.66
200.08
200.51
200.95
201.39
201.83
202.25
202.67
203.12
203.58
204.03
204.47
204.92
205.36
205.83
206.3
206.78
207.28
207.77
208.25
208.69
209.14
209.58
210.01
210.44
210.88
211.33
211.76
212.19
212.62
213.05
213.48
213.9
214.33
214.76
215.19
215.62
216.05
216.48
216.91
217.33
217.76
218.19
218.62
219.04
219.47
219.9
220.33
220.76
221.19
221.61
222.04
222.47
222.9
223.33
223.76
224.18
224.61
225.04
225.47
225.9
226.33
226.76
227.19
227.62
228.05
228.47
228.9
229.33
229.76
230.19
230.62
231.05
231.48
231.9
232.33
232.76
233.19
233.62
234.05
234.48
234.91
235.33
235.76
236.19
236.62
237.05
237.48
237.91
238.34
238.76
239.19
239.62
240.05
240.48
240.91
241.34
241.77
242.19
242.62
243.05
243.48
243.91
244.34
244.76
245.19
245.62
246.04
246.47
246.9
247.33
247.76
248.19
248.62
249.04
249.47
249.9
250.33
250.76
251.19
251.61
252.04
252.47
252.9
253.33
253.76
254.19
254.62
255.05
255.48
255.9
256.33
256.76
257.18
257.61
258.04
258.47
258.9
259.33
259.76
260.19
260.62
261.05
261.48
261.9
262.33
262.76
263.19
263.62
264.04
264.47
264.9
265.33
265.76
266.18
266.61
267.05
267.48
267.91
268.34
268.76
269.19
269.62
270.04
270.47
270.9
271.33
271.76
272.19
272.63
273.05
273.48
273.9
274.33
274.76
275.19
275.62
276.05
276.47
276.9
277.33
277.76
278.19
278.62
279.04
279.47
279.9
280.33
280.76
281.19
281.62
282.05
282.48
282.91
283.33
283.76
284.19
284.62
285.05
285.48
285.9
286.33
286.76
287.19
287.62
288.05
288.48
288.91
289.33
289.76
290.19
290.62
291.05
291.48
291.91
292.34
292.76
293.19
293.62
294.05
294.47
294.9
295.33
295.77
296.2
296.63
297.05
297.47
297.9
298.33
298.76
299.2
299.62
300.05
300.47
300.9
301.33
301.76
302.19
302.62
303.05
303.48
303.9
304.33
304.76
305.19
305.62
306.05
306.47
306.9
307.33
307.76
308.19
308.62
309.05
309.48
309.91
310.34
310.76
311.19
311.61
312.04
312.47
312.91
313.33
313.76
314.19
314.61
315.04
315.47
315.91
316.34
316.76
317.19
317.62
318.05
318.48
318.9
319.33
319.76
320.19
320.62
321.04
321.47
321.9
322.33
322.76
323.2
323.63
324.06
324.48
324.9
325.33
325.76
326.19
326.62
327.05
327.48
327.9
328.33
328.76
329.19
329.62
330.05
330.48
330.91
331.33
331.76
332.18
332.61
333.05
333.48
333.9
334.33
334.76
335.19
335.62
336.04
336.47
336.91
337.33
337.76
338.19
338.62
339.04
339.47
339.9
340.33
340.76
341.19
341.61
342.04
342.47
342.9
343.33
343.76
344.19
344.62
345.04
345.47
345.89
346.33
346.76
347.19
347.61
348.04
348.47
348.9
349.33
349.76
350.19
350.63
351.05
351.48
351.9
352.33
352.76
353.19
353.62
354.05
354.47
354.91
355.33
355.75
356.18
356.61
357.04
357.48
357.9
358.33
358.76
359.19
359.62
360.05
360.48
360.91
361.33
361.76
362.19
362.61
363.04
363.47
363.9
364.33
364.76
365.19
365.61
366.04
366.47
366.9
367.33
367.76
368.19
368.62
369.04
369.47
369.9
370.33
370.76
371.19
371.62
372.05
372.47
372.9
373.33
373.76
374.19
374.62
375.04
375.47
375.9
376.33
376.76
377.19
377.62
378.05
378.48
378.91
379.33
379.76
380.19
380.62
381.05
381.48
381.9
382.33
382.76
383.19
383.62
384.04
384.47
384.9
385.33
385.76
386.19
386.61
387.04
387.47
387.9
388.33
388.75
389.18
389.61
390.04
390.47
390.9
391.33
391.76
392.19
392.62
393.04
393.47
393.9
394.32
394.75
395.18
395.61
396.04
396.47
396.9
397.33
397.76
398.19
398.62
399.04
399.47
399.9
400.33
400.76
401.19
401.62
402.05
402.47
402.9
403.33
403.76
404.19
404.62
405.05
405.48
405.9
406.33
406.76
407.19
407.62
408.05
408.48
408.91
409.33
409.76
410.19
410.62
411.05
411.48
411.9
412.33
412.76
413.19
413.62
414.05
414.48
414.9
415.33
415.76
416.19
416.62
417.05
417.48
417.9
418.33
418.76
419.19
419.62
420.05
420.48
420.91
421.34
421.77
422.2
422.63
423.05
423.48
423.91
424.34
424.76
425.2
425.63
426.05
426.48
426.91
427.34
427.76
428.19
428.62
429.05
429.48
429.91
430.34
430.76
431.18
431.62
432.04
432.47
432.9
433.34
433.78
434.19
434.62
435.06
435.48
435.9
436.32
436.76
437.19
437.61
438.03
438.47
438.89
439.32
439.76
440.22
440.76
441.29
441.87
442.31
442.75
443.19
443.65
444.18
444.72
445.28
445.71
446.15
446.6
447.05
447.48
447.9
448.33
448.77
449.19
449.61
450.04
450.48
450.91
451.33
451.75
452.19
452.62
453.05
453.48
453.94
454.49
455.01
455.59
456.04
456.5
