0.12
0.6
1.08
1.56
2.03
2.51
2.98
3.46
3.93
4.41
4.88
5.36
5.83
6.31
6.78
7.26
7.74
8.21
8.68
9.16
9.64
10.11
10.59
11.06
11.54
12.01
12.49
12.96
13.43
13.9
14.38
14.84
15.32
15.8
16.28
16.76
17.24
17.71
18.19
18.66
19.14
19.62
20.09
20.57
21.04
21.52
21.99
22.47
22.95
23.42
23.89
24.37
24.84
25.32
25.79
26.26
26.74
27.21
27.69
28.17
28.64
29.12
29.59
30.07
30.54
31.02
31.49
31.97
32.44
32.92
33.39
33.87
34.34
34.82
35.29
35.77
36.24
36.72
37.19
37.67
38.15
38.62
39.09
39.57
40.04
40.52
40.99
41.46
41.94
42.41
42.89
43.37
43.84
44.31
44.79
45.27
45.74
46.22
46.69
47.17
47.64
48.12
48.59
49.07
49.54
50.02
50.49
50.97
51.44
51.92
52.39
52.87
53.34
53.82
54.29
54.77
55.24
55.72
56.19
56.67
57.14
57.62
58.09
58.57
59.04
59.52
59.99
60.47
60.94
61.42
61.89
62.37
62.84
63.32
63.79
64.27
64.74
65.21
65.69
66.16
66.63
67.11
67.58
68.06
68.54
69.01
69.49
69.96
70.44
70.91
71.38
71.86
72.34
72.81
73.29
73.76
74.24
74.71
75.19
75.66
76.14
76.61
77.08
77.55
78.03
78.5
78.98
79.45
79.93
80.4
80.87
81.35
81.83
82.3
82.77
83.25
83.72
84.2
84.67
85.15
85.62
86.1
86.57
87.05
87.52
88.0
88.47
88.94
89.42
89.89
90.37
90.84
91.32
91.79
92.26
92.74
93.21
93.68
94.15
94.63
95.11
95.58
96.06
96.54
97.01
97.49
97.96
98.43
98.9
99.37
99.84
100.31
100.79
101.27
101.74
102.22
102.69
103.17
103.64
104.11
104.58
105.06
105.53
106.01
106.48
106.96
107.43
107.9
108.38
108.86
109.33
109.81
110.28
110.76
111.23
111.71
112.18
112.66
113.13
113.6
114.07
114.54
115.02
115.49
115.97
116.44
116.92
117.39
117.86
118.34
118.82
119.29
119.77
120.24
120.72
121.19
121.66
122.14
122.61
123.08
123.56
124.03
124.5
124.98
125.45
125.93
126.4
126.88
127.35
127.83
128.3
128.77
129.25
129.72
130.2
130.68
131.15
131.62
132.09
132.57
133.04
133.52
133.99
134.46
134.94
135.41
135.88
136.36
136.83
137.3
137.78
138.25
138.73
139.2
139.67
140.15
140.62
141.1
141.57
142.05
142.52
142.99
143.47
143.93
144.36
144.66
144.96
145.37
145.79
146.1
146.46
146.87
147.32
147.77
148.21
148.67
149.15
149.62
150.09
150.56
151.03
151.5
151.98
152.45
152.93
153.4
153.88
154.35
154.82
155.3
155.78
156.25
156.73
157.21
157.68
158.15
158.62
159.1
159.57
160.05
160.52
161.0
161.47
161.94
162.41
162.88
163.35
163.83
164.3
164.78
165.26
165.73
166.2
166.68
167.15
167.62
168.1
168.57
169.04
169.52
169.99
170.45
170.93
171.41
171.88
172.35
172.83
173.31
173.78
174.26
174.73
175.21
175.68
176.15
176.62
177.09
177.57
178.04
178.52
178.99
179.46
179.93
180.41
180.88
181.36
181.83
182.31
182.78
183.25
183.72
184.17
184.52
184.83
185.18
185.62
186.09
186.56
187.03
187.51
187.98
188.45
188.93
189.4
189.87
190.35
190.82
191.29
191.77
192.24
192.72
193.19
193.66
194.13
194.61
195.08
195.55
196.03
196.5
196.97
197.44
197.92
198.39
198.86
199.34
199.81
200.29
200.76
201.23
201.71
202.18
202.65
203.13
203.6
204.08
204.55
205.02
205.5
205.98
206.45
206.92
207.39
207.86
208.33
208.8
209.28
209.75
210.22
210.7
211.17
211.64
212.11
212.59
213.06
213.53
214.01
214.48
214.95
215.43
215.9
216.37
216.84
217.32
217.79
218.26
218.73
219.21
219.68
220.15
220.63
221.1
221.57
222.05
222.52
222.99
223.47
223.94
224.41
224.88
225.35
225.83
226.3
226.77
227.25
227.72
228.19
228.66
229.14
229.61
230.08
230.56
231.03
231.5
231.98
232.45
232.92
233.4
233.87
234.34
234.81
235.29
235.76
236.23
236.7
237.18
237.65
238.12
238.58
239.0
