0.15
0.63
1.1
1.57
2.05
2.52
2.98
3.45
3.92
4.38
4.84
5.31
5.78
6.25
6.72
7.19
7.66
8.13
8.6
9.07
9.53
10.0
10.47
10.94
11.41
11.87
12.34
12.81
13.28
13.74
14.21
14.68
15.15
15.62
16.09
16.57
17.05
17.51
17.97
18.44
18.9
19.36
19.83
20.3
20.77
21.24
21.71
22.18
22.64
23.11
23.58
24.05
24.52
24.99
25.46
25.93
26.39
26.86
27.33
27.8
28.27
28.74
29.21
29.68
30.14
30.61
31.08
31.55
32.02
32.49
32.96
33.43
33.89
34.36
34.83
35.3
35.77
36.24
36.71
37.18
37.65
38.11
38.58
39.05
39.52
39.99
40.46
40.93
41.39
41.86
42.33
42.8
43.27
43.74
44.21
44.67
45.14
45.61
46.08
46.55
47.02
47.49
47.96
48.43
48.89
49.36
49.83
50.3
50.77
51.24
51.71
52.18
52.64
53.11
53.58
54.05
54.52
54.99
55.46
55.93
56.39
56.86
57.33
57.8
58.27
58.74
59.21
59.68
60.15
60.61
61.08
61.55
62.02
62.49
62.96
63.43
63.89
64.36
64.83
65.3
65.77
66.24
66.71
67.18
67.65
68.11
68.58
69.05
69.52
69.99
70.46
70.92
71.39
71.86
72.33
72.8
73.27
73.74
74.21
74.68
75.14
75.61
76.08
76.55
77.02
77.49
77.96
78.42
78.89
79.36
79.83
80.3
80.77
81.24
81.71
82.18
82.64
83.11
83.58
84.05
84.52
84.99
85.46
85.92
86.39
86.86
87.33
87.8
88.27
88.74
89.21
89.67
90.14
90.61
91.08
91.55
92.02
92.49
92.96
93.42
93.89
94.36
94.83
95.3
95.77
96.24
96.71
97.17
97.64
98.11
98.59
99.08
99.54
100.0
100.48
100.95
101.42
101.87
102.35
102.82
103.29
103.75
104.23
104.68
105.14
105.61
106.08
106.55
107.02
107.49
107.96
108.43
108.89
109.36
109.83
110.3
110.77
111.24
111.71
112.18
112.64
113.11
113.58
114.05
114.52
114.99
115.46
115.93
116.39
116.86
117.33
117.8
118.27
118.74
119.21
119.68
120.14
120.61
121.08
121.55
122.02
122.49
122.96
123.43
123.89
124.36
124.83
125.3
125.77
126.24
126.71
127.18
127.65
128.11
128.58
129.05
129.52
129.99
130.46
130.93
131.4
131.86
132.33
132.8
133.27
133.74
134.21
134.68
135.15
135.61
136.08
136.55
137.02
137.49
137.96
138.42
138.89
139.36
139.83
140.3
140.77
141.24
141.71
142.18
142.64
143.11
143.58
144.05
144.52
144.99
145.46
145.93
146.39
146.86
147.33
147.8
148.27
148.74
149.21
149.68
150.14
150.61
151.08
151.55
152.02
152.49
152.96
153.42
153.89
154.36
154.83
155.3
155.77
156.24
156.71
157.18
157.64
158.11
158.58
159.05
159.52
159.99
160.46
160.93
161.39
161.86
162.33
162.8
163.27
163.74
164.21
164.68
165.14
165.61
166.08
166.55
167.02
167.49
167.96
168.42
168.89
169.36
169.83
170.3
170.77
171.24
171.71
172.17
172.64
173.11
173.58
174.05
174.52
174.99
175.46
175.92
176.39
176.86
177.33
177.8
178.27
178.74
179.21
179.67
180.14
180.61
181.08
181.55
182.02
182.49
182.96
183.43
183.89
184.36
184.83
185.3
185.77
186.24
186.71
187.18
187.64
188.11
188.59
189.08
189.55
190.02
190.43
190.85
191.28
191.71
192.12
192.5
192.9
193.28
193.66
194.09
194.53
194.98
195.44
195.9
196.36
196.84
197.32
197.78
198.24
198.71
199.25
199.75
200.25
200.7
201.24
201.72
202.19
202.66
203.11
203.58
204.05
204.52
204.99
205.46
205.92
206.38
206.86
207.33
207.8
208.27
208.74
209.21
209.68
210.14
210.61
211.09
211.57
212.03
212.49
212.96
213.43
213.89
214.36
214.83
215.29
215.75
216.21
216.67
217.15
217.64
218.11
218.58
219.05
219.52
219.99
220.46
220.92
221.39
221.86
222.33
222.8
223.27
223.74
224.21
224.68
225.14
225.61
226.08
226.55
227.02
227.49
227.96
228.43
228.89
229.36
229.83
230.3
230.77
231.24
231.71
232.18
232.65
233.11
233.58
234.05
234.52
234.99
235.46
235.93
236.39
236.86
237.33
237.8
238.27
238.74
239.21
239.68
240.14
240.61
241.08
241.55
242.02
242.49
242.96
243.42
243.89
244.36
244.83
245.3
245.77
246.24
246.7
247.17
247.64
248.11
248.59
249.07
249.55
250.02
250.48
250.93
251.37
251.82
252.27
