0.09
0.54
0.99
1.44
1.89
2.34
2.79
3.24
3.69
4.14
4.59
5.04
5.5
5.95
6.4
6.85
7.3
7.75
8.2
8.65
9.1
9.55
10.01
10.46
10.91
11.36
11.81
12.26
12.71
13.17
13.62
14.07
14.52
14.96
15.41
15.87
16.32
16.77
17.22
17.67
18.12
18.57
19.01
19.47
19.93
20.38
20.83
21.28
21.73
22.18
22.63
23.08
23.54
23.99
24.44
24.89
25.34
25.79
26.24
26.69
27.15
27.6
28.05
28.5
28.95
29.41
29.86
30.31
30.76
31.21
31.66
32.11
32.56
33.02
33.47
33.92
34.37
34.82
35.27
35.72
36.17
36.62
37.07
37.52
37.98
38.43
38.88
39.33
39.78
40.23
40.68
41.14
41.59
42.04
42.49
42.94
43.39
43.84
44.3
44.75
45.2
45.65
46.1
46.55
47.0
47.45
47.9
48.36
48.81
49.26
49.71
50.16
50.61
51.06
51.51
51.96
52.41
52.86
53.31
53.77
54.22
54.67
55.12
55.58
56.03
56.48
56.93
57.38
57.83
58.28
58.73
59.18
59.63
60.09
60.54
60.99
61.44
61.89
62.34
62.79
63.24
63.7
64.16
64.61
65.05
65.5
65.95
66.4
66.85
67.31
67.76
68.21
68.66
69.11
69.56
70.01
70.46
70.91
71.37
71.82
72.27
72.72
73.17
73.61
74.06
74.51
74.96
75.42
75.87
76.32
76.76
77.22
77.67
78.13
78.58
79.03
79.48
79.93
80.38
80.83
81.28
81.73
82.18
82.64
83.09
83.54
83.99
84.44
84.89
85.34
85.79
86.25
86.7
87.15
87.61
88.06
88.51
88.96
89.41
89.86
90.31
90.76
91.21
91.66
92.11
92.56
93.01
93.47
93.92
94.37
94.82
95.27
95.72
96.17
96.62
97.08
97.53
97.98
98.43
98.88
99.33
99.78
100.24
100.69
101.14
101.59
102.04
102.49
102.94
103.39
103.84
104.3
104.75
105.2
105.65
106.1
106.55
107.0
107.45
107.91
108.36
108.81
109.26
109.71
110.16
110.61
111.06
111.51
111.97
112.42
112.87
113.32
113.77
114.22
114.67
115.13
115.58
116.03
116.48
116.93
117.38
117.83
118.28
118.73
119.19
119.64
120.09
120.54
120.99
121.45
121.91
122.36
122.8
123.25
123.7
124.15
124.6
125.05
125.51
125.95
126.41
126.86
127.31
127.76
128.21
128.66
129.11
129.57
130.02
130.47
130.92
131.37
131.82
132.27
132.72
133.17
133.62
134.08
134.53
134.98
135.43
135.88
136.33
136.78
137.24
137.68
138.13
138.58
139.03
139.49
139.94
140.39
140.84
141.29
141.74
142.19
142.64
143.1
143.55
144.0
144.45
144.9
145.35
145.8
146.25
146.7
147.15
147.61
148.06
148.51
148.96
149.41
149.86
150.31
150.77
151.22
151.67
152.12
152.58
153.02
153.47
153.92
154.37
154.83
155.28
155.73
156.18
156.63
157.08
157.53
157.98
158.44
158.89
159.34
159.79
160.24
160.69
161.14
161.59
162.05
162.5
162.95
163.4
163.85
164.3
164.75
165.21
165.66
166.12
166.57
167.02
167.46
167.91
168.37
168.82
169.27
169.72
170.18
170.63
171.09
171.54
171.98
172.42
172.87
173.32
173.77
174.22
174.67
175.12
175.57
176.02
176.48
176.93
177.38
177.83
178.28
178.74
179.19
179.64
180.09
180.54
180.99
181.44
181.9
182.35
182.8
183.25
183.7
184.15
184.6
185.05
185.5
185.95
186.41
186.87
187.32
187.76
188.21
188.66
189.11
189.56
190.01
190.47
190.92
191.37
191.82
192.27
192.72
193.17
193.62
194.07
194.53
194.98
195.43
195.88
196.33
196.78
197.23
197.69
198.14
198.59
199.04
199.49
199.94
200.39
200.84
201.29
201.74
202.19
202.65
203.1
203.55
204.0
204.45
204.9
205.35
205.8
206.25
206.7
207.16
207.61
208.06
208.51
208.96
209.4
209.85
210.31
210.76
211.21
