0.13
0.52
0.92
1.33
1.73
2.13
2.53
2.93
3.34
3.74
4.14
4.53
4.93
5.32
5.7
6.11
6.53
6.93
7.33
7.72
8.12
8.52
8.92
9.32
9.73
10.12
10.51
10.92
11.33
11.73
12.13
12.52
12.92
13.32
13.72
14.12
14.52
14.92
15.32
15.72
16.12
16.52
16.92
17.32
17.72
18.12
18.52
18.92
19.32
19.72
20.12
20.52
20.92
21.32
21.72
22.12
22.52
22.92
23.32
23.72
24.12
24.52
24.92
25.32
25.72
26.12
26.52
26.92
27.32
27.72
28.12
28.52
28.92
29.32
29.72
30.12
30.52
30.92
31.32
31.72
32.12
32.52
32.92
33.32
33.72
34.12
34.52
34.92
35.32
35.72
36.12
36.53
36.93
37.33
37.73
38.13
38.53
38.92
39.32
39.72
40.12
40.52
40.92
41.32
41.72
42.12
42.52
42.92
43.32
43.72
44.12
44.52
44.92
45.32
45.72
46.12
46.52
46.92
47.32
47.72
48.12
48.52
48.92
49.32
49.72
50.12
50.52
50.92
51.32
51.72
52.12
52.52
52.92
53.32
53.72
54.12
54.52
54.92
55.32
55.72
56.12
56.52
56.92
57.32
57.72
58.12
58.52
58.92
59.32
59.72
60.12
60.52
60.93
61.33
61.73
62.14
62.53
62.93
63.33
63.72
64.12
64.52
64.92
65.32
65.72
66.12
66.52
66.92
67.32
67.72
68.12
68.52
68.92
69.32
69.72
70.12
70.52
70.92
71.32
71.72
72.12
72.52
72.92
73.32
73.72
74.12
74.52
74.92
75.32
75.72
76.12
76.52
76.92
77.32
77.72
78.12
78.52
78.92
79.32
79.72
80.12
80.52
80.92
81.32
81.72
82.12
82.52
82.92
83.32
83.72
84.12
84.52
84.92
85.32
85.72
86.12
86.52
86.92
87.32
87.73
88.13
88.53
88.92
89.32
89.72
90.11
90.52
90.92
91.32
91.72
92.12
92.52
92.92
93.32
93.72
94.12
94.52
94.92
95.32
95.72
96.12
96.52
96.91
97.31
97.72
98.12
98.52
98.92
99.32
99.72
100.12
100.52
100.92
101.32
101.72
102.12
102.52
102.92
103.31
103.71
104.12
104.52
104.92
105.32
105.72
106.12
106.52
106.92
107.32
107.72
108.12
108.52
108.92
109.32
109.72
110.12
110.52
110.92
111.32
111.72
112.13
112.52
112.91
113.31
113.71
114.12
114.52
114.92
115.32
115.72
116.12
116.52
116.92
117.32
117.72
118.12
118.52
118.92
119.32
119.72
120.12
120.52
120.92
121.32
121.72
122.12
122.52
122.92
123.32
123.72
124.12
124.52
124.92
125.32
125.72
126.12
126.52
126.92
127.32
127.72
128.12
128.52
128.92
129.32
129.72
130.12
130.52
130.92
131.32
131.72
132.12
132.52
132.92
133.32
133.72
134.12
134.52
134.92
135.32
135.72
136.12
136.52
136.92
137.32
137.72
138.12
138.52
138.92
139.32
139.72
140.12
140.52
140.92
141.32
141.72
142.12
142.52
142.92
143.32
143.72
144.12
144.52
144.92
145.32
145.72
146.12
146.52
146.92
147.32
147.72
148.12
148.52
148.92
149.32
149.72
150.12
150.52
150.92
151.32
151.72
152.12
152.52
152.92
153.32
153.72
154.12
154.52
154.92
155.32
155.72
156.12
156.52
156.92
157.32
157.72
158.12
158.52
158.92
159.32
159.72
160.12
160.52
160.92
161.32
161.72
162.12
162.52
162.93
163.33
163.73
164.14
164.54
164.93
165.33
165.73
166.12
166.52
166.92
167.32
167.72
168.12
168.52
168.92
169.32
169.72
170.12
170.52
170.92
171.32
171.72
172.12
172.52
172.92
173.32
173.72
174.12
174.52
174.92
175.32
175.72
176.12
176.52
176.92
177.32
177.72
178.12
178.52
178.92
179.32
179.72
180.12
180.52
180.92
181.32
181.72
182.12
182.52
182.92
183.32
183.72
184.12
184.52
184.92
185.32
185.72
186.12
186.52
186.92
187.32
187.72
188.12
188.52
188.92
189.32
189.72
190.12
190.52
190.92
191.32
191.72
192.12
192.52
192.92
193.32
193.72
194.12
194.52
194.92
195.32
195.72
196.12
196.52
196.92
197.32
197.72
198.12
198.52
198.92
199.32
199.72
200.12
200.52
200.92
201.32
201.72
202.12
202.52
202.92
203.32
203.72
204.12
204.52
204.92
205.32
205.72
206.12
206.52
206.92
207.32
207.72
208.12
208.52
208.92
209.32
209.72
210.12
210.52
210.92
211.32
211.72
212.12
212.52
212.92
213.32
213.72
214.12
214.53
214.93
215.32
215.73
216.13
216.53
216.93
217.3
217.66
218.03
