0.11
0.57
1.03
1.49
1.95
2.41
2.88
3.34
3.8
4.26
4.72
5.18
5.64
6.1
6.57
7.03
7.49
7.95
8.41
8.87
9.34
9.8
10.26
10.72
11.18
11.64
12.11
12.57
13.03
13.49
13.95
14.41
14.88
15.34
15.8
16.26
16.72
17.18
17.64
18.1
18.57
19.03
19.49
19.95
20.41
20.87
21.34
21.8
22.26
22.72
23.18
23.64
24.1
24.56
25.03
25.49
25.95
26.41
26.87
27.33
27.79
28.25
28.72
29.18
29.65
30.11
30.57
31.03
31.49
31.95
32.42
32.88
33.34
33.8
34.26
34.72
35.18
35.64
36.11
36.57
37.03
37.49
37.95
38.41
38.88
39.34
39.8
40.26
40.72
41.18
41.65
42.11
42.57
43.03
43.49
43.95
44.42
44.88
45.34
45.8
46.26
46.72
47.19
47.65
48.11
48.57
49.03
49.49
49.96
50.42
50.88
51.34
51.8
52.26
52.73
53.19
53.65
54.11
54.57
55.04
55.5
55.96
56.42
56.88
57.35
57.81
58.27
58.73
59.19
59.65
60.11
60.57
61.03
61.5
61.96
62.42
62.88
63.34
63.8
64.27
64.73
65.19
65.65
66.12
66.58
67.04
67.5
67.96
68.42
68.89
69.35
69.81
70.27
70.73
71.19
71.65
72.11
72.58
73.04
73.5
73.96
74.42
74.88
75.34
75.8
76.27
76.73
77.19
77.65
78.11
78.57
79.03
79.49
79.95
80.42
80.88
81.34
81.8
82.27
82.73
83.19
83.65
84.11
84.57
85.04
85.5
85.96
86.42
86.88
87.35
87.81
88.27
88.73
89.19
89.64
90.11
90.57
91.04
91.49
91.96
92.42
92.88
93.34
93.81
94.27
94.73
95.19
95.65
96.11
96.57
97.03
97.5
97.96
98.42
98.88
99.35
99.81
100.27
100.73
101.19
101.65
102.1
102.55
103.02
103.49
103.95
104.42
104.88
105.34
105.8
106.26
106.72
107.19
107.65
108.11
108.57
109.03
109.49
109.95
110.41
110.88
111.34
111.8
112.26
112.72
113.18
113.65
114.11
114.57
115.03
115.49
115.95
116.42
116.88
117.35
117.81
118.26
118.72
119.18
119.64
120.11
120.57
121.03
121.49
121.95
122.41
122.88
123.34
123.8
124.26
124.72
125.18
125.65
126.11
126.57
127.03
127.49
127.95
128.41
128.87
129.34
129.8
130.26
130.72
131.18
131.64
132.11
132.57
133.04
133.5
133.96
134.42
134.88
135.34
135.8
136.26
136.72
137.19
137.65
138.11
138.57
139.03
139.49
139.96
140.42
140.88
141.34
141.8
142.26
142.72
143.18
143.65
144.11
144.58
145.04
145.5
145.96
146.42
146.88
147.33
147.8
148.26
148.72
149.18
149.64
150.1
150.57
151.03
151.49
151.95
152.41
152.87
153.34
153.8
154.26
154.72
155.18
155.64
156.11
156.57
157.03
157.49
157.95
158.41
158.88
159.34
159.8
160.26
160.72
161.18
161.64
162.1
162.57
163.03
163.49
163.95
164.41
164.88
165.34
165.8
166.26
166.73
167.19
167.65
168.11
168.57
169.03
169.5
169.96
170.42
170.88
171.34
171.8
172.27
172.73
173.19
173.65
174.11
174.58
175.04
175.5
175.96
176.42
176.88
177.35
177.81
178.27
178.73
179.2
179.66
180.12
180.58
181.03
181.5
181.96
182.42
182.88
183.34
183.8
184.27
184.73
185.19
185.65
186.11
186.58
187.04
187.5
187.96
188.42
188.88
189.35
189.81
190.27
190.73
191.19
191.65
192.11
192.58
193.04
193.5
193.97
194.43
194.89
195.35
195.81
196.27
196.73
197.19
197.65
198.11
198.57
199.04
199.5
199.97
200.43
200.89
201.35
201.81
202.27
202.73
203.19
203.65
204.12
204.58
205.04
205.5
205.96
206.42
206.88
207.34
207.8
208.26
208.73
209.19
209.65
210.11
210.57
211.04
211.5
211.96
212.42
212.88
213.34
213.8
214.27
214.73
215.19
215.65
216.11
216.57
217.03
217.49
217.95
218.42
218.88
219.34
219.8
220.26
220.73
221.19
221.65
222.11
222.57
223.03
223.5
223.96
224.42
224.88
225.34
225.8
226.26
226.73
227.19
227.65
228.11
228.57
229.04
229.5
229.96
230.42
230.88
231.35
231.81
232.27
232.73
233.19
233.65
234.11
234.57
235.03
235.5
235.96
236.42
236.88
237.34
237.8
238.27
238.73
239.19
239.65
240.11
240.57
241.03
241.5
241.96
242.42
242.88
243.34
243.8
244.27
244.73
245.19
245.65
246.11
246.57
247.04
247.5
247.96
248.42
248.88
249.34
249.8
250.26
250.72
251.19
251.65
252.11
252.57
253.04
253.5
253.96
254.42
254.88
255.34
255.8
256.27
256.73
257.19
257.65
258.11
258.57
259.03
259.5
259.96
260.42
260.88
261.33
261.76
262.08
262.5
262.96
263.42
263.88
264.35
264.81
265.27
265.73
266.19
266.65
267.11
267.57
268.04
268.5
268.96
269.42
269.88
270.34
270.8
271.27
271.73
272.19
272.65
273.11
273.57
274.04
274.5
274.96
275.42
275.88
276.34
276.8
277.27
277.73
278.19
278.65
279.12
279.58
280.04
280.5
280.96
281.42
281.88
282.34
282.8
283.26
283.72
284.19
284.65
285.11
285.57
286.03
286.49
286.96
287.42
287.88
288.34
288.8
289.26
289.73
290.19
290.65
291.11
291.57
292.03
292.5
292.96
293.42
293.88
294.34
294.8
295.26
295.73
296.19
296.65
297.11
297.57
298.03
298.5
298.96
299.42
299.88
300.34
300.8
301.26
301.73
302.19
302.65
303.11
303.57
304.03
304.5
304.96
305.42
305.88
306.34
306.8
307.27
307.73
308.19
308.65
309.11
309.53
309.85
310.27
310.73
311.19
311.65
312.11
312.57
313.03
313.49
313.95
314.41
314.88
315.34
315.8
316.26
316.72
317.18
317.65
318.11
318.57
319.03
319.49
319.95
320.42
320.88
321.34
321.8
322.26
322.72
323.18
323.64
324.11
324.57
325.03
325.49
325.96
326.42
326.88
327.34
327.8
328.26
328.73
329.19
329.65
330.11
330.57
331.03
331.49
331.95
332.42
332.87
333.33
333.8
334.26
334.72
335.18
335.64
336.11
336.57
337.03
337.49
337.96
338.42
338.88
339.34
339.8
340.26
340.73
341.19
341.65
342.11
342.57
343.03
343.49
343.95
344.42
344.88
345.34
345.8
346.26
346.72
347.18
347.64
348.11
348.57
349.03
349.49
349.95
350.41
350.88
351.34
351.8
352.26
352.72
353.18
353.65
354.11
354.57
355.03
355.49
355.95
356.42
356.88
357.34
357.8
358.26
358.72
359.18
359.64
360.11
360.57
361.03
361.49
361.95
362.41
362.88
363.34
363.8
364.26
364.72
365.18
365.65
366.11
366.57
367.03
367.49
367.95
368.41
368.87
369.32
369.75
370.18
370.61
371.04
371.49
371.94
