0.2
0.67
1.14
1.61
2.08
2.55
3.02
3.49
3.96
4.43
4.89
5.36
5.82
6.29
6.76
7.23
7.7
8.17
8.64
9.11
9.58
10.05
10.51
10.98
11.46
11.93
12.39
12.87
13.33
13.79
14.26
14.73
15.2
15.67
16.14
16.61
17.08
17.54
18.01
18.48
18.95
19.42
19.89
20.36
20.83
21.3
21.76
22.23
22.7
23.17
23.64
24.11
24.58
25.05
25.52
25.99
26.45
26.92
27.39
27.86
28.33
28.8
29.26
29.73
30.2
30.67
31.14
31.61
32.08
32.55
33.01
33.48
33.95
34.42
34.89
35.36
35.83
36.3
36.76
37.23
37.7
38.17
38.64
39.11
39.58
40.05
40.52
40.98
41.45
41.92
42.39
42.86
43.33
43.8
44.27
44.73
45.2
45.67
46.14
46.61
47.08
47.54
48.01
48.48
48.95
49.42
49.89
50.36
50.83
51.3
51.76
52.23
52.7
53.17
53.64
54.11
54.58
55.04
55.51
55.98
56.45
56.92
57.39
57.86
58.33
58.8
59.27
59.73
60.2
60.67
61.14
61.61
62.08
62.55
63.01
63.48
63.95
64.42
64.89
65.36
65.83
66.3
66.77
67.23
67.7
68.17
68.64
69.11
69.58
70.05
70.52
70.98
71.45
71.92
72.39
72.86
73.33
73.8
74.26
74.73
75.2
75.67
76.14
76.61
77.08
77.55
78.02
78.48
78.95
79.42
79.89
80.36
80.83
81.3
81.77
82.23
82.7
83.17
83.64
84.11
84.58
85.05
85.52
85.98
86.45
86.92
87.39
87.86
88.33
88.8
89.26
89.73
90.2
90.67
91.14
91.6
92.07
92.53
93.0
93.48
93.96
94.43
94.89
95.36
95.83
96.29
96.76
97.23
97.7
98.17
98.64
99.11
99.58
100.04
100.51
100.98
101.45
101.92
102.39
102.86
103.33
103.8
104.26
104.73
105.2
105.67
106.14
106.61
107.08
107.55
108.02
108.48
108.95
109.42
109.89
110.36
110.83
111.29
111.76
112.23
112.7
113.17
113.64
114.11
114.58
115.05
115.52
115.98
116.45
116.92
117.39
117.86
118.33
118.8
119.27
119.73
120.2
120.67
121.14
121.61
122.08
122.55
123.02
123.49
123.95
124.42
124.89
125.36
125.83
126.3
126.77
127.23
127.7
128.17
128.64
129.1
129.57
130.04
130.51
130.98
131.45
131.92
132.39
132.86
133.33
133.8
134.27
134.73
135.2
135.67
136.14
136.61
137.08
137.54
138.01
138.48
138.95
139.42
139.89
140.36
140.83
141.3
141.77
142.23
142.7
143.17
143.64
144.11
144.58
145.05
145.52
145.98
146.45
146.92
147.39
147.86
148.33
148.8
149.27
149.73
150.2
150.67
151.14
151.61
152.08
152.55
153.02
153.48
153.95
154.42
154.89
155.36
155.83
156.3
156.77
157.23
157.7
158.17
158.64
159.11
159.58
160.05
160.52
160.98
161.45
161.92
162.39
162.86
163.33
163.8
164.27
164.73
165.2
165.67
166.14
166.61
167.08
167.55
168.02
168.48
168.95
169.42
169.89
170.36
170.83
171.3
171.77
172.24
172.71
173.18
173.64
174.11
174.58
175.05
175.52
175.99
176.46
176.93
177.4
177.87
178.33
178.8
179.27
179.74
180.21
180.68
181.14
181.61
182.08
182.55
183.02
183.49
183.96
184.43
184.9
185.37
185.83
186.3
186.76
187.22
187.69
188.17
188.64
189.11
189.58
190.05
190.52
190.98
191.45
191.92
192.39
192.86
193.33
193.8
194.27
194.73
195.2
195.67
196.14
196.61
197.08
197.55
198.02
198.48
198.95
199.42
199.89
200.36
200.83
201.3
201.77
202.23
202.7
203.17
203.64
204.11
204.58
205.05
205.52
205.98
206.45
206.92
207.39
207.86
208.33
208.8
209.27
209.73
210.2
210.67
211.14
211.61
212.08
212.55
213.02
213.48
213.95
214.42
214.89
215.36
215.83
216.3
216.76
217.22
217.7
218.17
218.64
219.11
219.57
220.04
220.51
220.98
221.46
221.93
222.39
222.85
223.31
223.75
224.23
224.67
225.12
225.58
226.04
226.49
226.95
227.4
227.85
