0.34
0.8
1.27
1.76
2.24
2.72
3.19
3.66
4.14
4.62
5.09
5.57
6.05
6.52
7.0
7.47
7.95
8.42
8.9
9.38
9.85
10.33
10.81
11.29
11.76
12.23
12.71
13.19
13.66
14.14
14.61
15.09
15.57
16.04
16.52
16.99
17.47
17.95
18.42
18.9
19.38
19.85
20.33
20.8
21.28
21.76
22.24
22.71
23.19
23.66
24.14
24.62
25.09
25.57
26.04
26.52
27.0
27.47
27.95
28.43
28.9
29.38
29.85
30.33
30.8
31.28
31.76
32.23
32.71
33.19
33.67
34.14
34.62
35.09
35.57
36.04
36.52
37.0
37.47
37.95
38.43
38.9
39.38
39.86
40.33
40.81
41.29
41.76
42.24
42.71
43.19
43.67
44.14
44.62
45.09
45.57
46.04
46.52
47.0
47.47
47.95
48.43
48.9
49.38
49.85
50.33
50.81
51.28
51.76
52.24
52.71
53.19
53.67
54.14
54.62
55.1
55.57
56.05
56.53
57.0
57.48
57.96
58.43
58.9
59.38
59.86
60.33
60.82
61.3
61.77
62.24
62.71
63.19
63.66
64.14
64.61
65.09
65.57
66.05
66.52
67.0
67.47
67.95
68.43
68.9
69.38
69.86
70.33
70.81
71.28
71.76
72.23
72.71
73.19
73.66
74.14
74.61
75.09
75.57
76.04
76.52
77.0
77.47
77.95
78.43
78.9
79.38
79.85
80.33
80.81
81.28
81.76
82.24
82.71
83.19
83.66
84.14
84.62
85.09
85.57
86.05
86.52
87.0
87.47
87.95
88.43
88.9
89.38
89.86
90.33
90.81
91.28
91.76
92.23
92.71
93.19
93.67
94.15
94.63
95.1
95.58
96.05
96.53
97.01
97.48
97.96
98.43
98.91
99.38
99.86
100.33
100.81
101.28
101.76
102.24
102.71
103.19
103.66
104.14
104.62
105.09
105.57
106.05
106.52
107.0
107.47
107.95
108.43
108.9
109.38
109.86
110.33
110.81
111.28
111.76
112.24
112.72
113.19
113.67
114.14
114.62
115.09
115.57
116.05
116.52
117.0
117.48
117.96
118.43
118.9
119.38
119.86
120.33
120.81
121.29
121.76
122.24
122.71
123.19
123.66
124.14
124.61
125.09
125.57
126.04
126.52
127.0
127.47
127.95
128.42
128.9
129.38
129.85
130.33
130.81
131.28
131.76
132.23
132.71
133.19
133.66
134.14
134.62
135.09
135.57
136.04
136.52
136.99
137.47
137.95
138.42
138.9
139.38
139.85
140.33
140.8
141.28
141.76
142.24
142.71
143.19
143.66
144.14
144.61
145.09
145.57
146.05
146.52
147.0
147.47
147.95
148.42
148.9
149.37
149.85
150.33
150.81
151.28
151.76
152.24
152.71
153.18
153.64
154.13
154.61
155.09
155.57
156.04
156.52
157.0
157.47
157.95
158.43
158.9
159.38
159.85
160.33
160.8
161.28
161.76
162.24
162.71
163.19
163.66
164.14
164.62
165.09
165.57
166.04
166.52
167.0
167.47
167.95
168.42
168.9
169.38
169.85
170.33
170.81
171.28
171.76
172.24
172.71
173.19
173.67
174.14
174.62
175.09
175.57
176.05
176.52
177.0
177.47
177.95
178.43
178.9
179.38
179.86
180.33
180.81
181.28
181.76
182.23
182.71
183.19
183.66
184.14
184.62
185.1
185.57
186.05
186.52
187.0
187.47
187.95
188.43
188.9
189.38
189.86
190.33
190.81
191.28
191.76
192.24
192.71
193.19
193.67
194.14
194.62
195.1
195.57
196.05
196.52
197.0
197.47
197.95
198.43
198.9
199.38
199.86
200.34
200.81
201.29
201.76
202.23
202.71
203.19
203.66
204.14
204.62
205.09
205.57
206.05
206.52
207.0
207.48
207.95
208.42
208.9
209.38
209.86
210.33
210.81
211.28
211.76
212.24
212.71
213.18
213.67
214.15
214.62
215.09
215.54
215.99
216.44
216.9
217.37
