0.18
0.75
1.26
1.73
2.19
2.65
3.15
3.63
4.1
4.55
4.98
5.41
5.83
6.27
6.67
7.05
7.47
7.93
8.39
8.85
9.3
9.76
10.25
10.67
11.12
11.57
12.03
12.51
12.96
13.41
13.86
14.3
14.74
15.16
15.59
16.02
16.43
16.85
17.31
17.76
18.23
18.77
19.28
19.79
20.25
20.67
21.12
21.59
22.06
22.51
22.99
23.48
23.94
24.39
24.86
25.34
25.78
26.24
26.72
27.18
27.62
28.07
28.51
29.0
29.46
29.94
30.4
30.86
31.33
31.82
32.32
32.83
33.3
33.79
34.31
34.84
35.36
35.84
36.31
36.77
37.23
37.69
38.15
38.6
39.06
39.52
39.98
40.44
40.89
41.35
41.81
42.27
42.73
43.19
43.64
44.1
44.56
45.02
45.48
45.93
46.39
46.85
47.31
47.77
48.22
48.68
49.14
49.6
50.06
50.51
50.97
51.43
51.89
52.35
52.8
53.26
53.72
54.18
54.64
55.09
55.55
56.01
56.47
56.93
57.39
57.84
58.3
58.76
59.22
59.67
60.13
60.59
61.05
61.51
61.96
62.42
62.88
63.34
63.8
64.25
64.71
65.17
65.63
66.08
66.54
67.0
67.46
67.92
68.37
68.83
69.29
69.75
70.2
70.66
71.12
71.58
72.04
72.49
72.95
73.41
73.87
74.33
74.79
75.25
75.7
76.16
76.62
77.08
77.53
77.99
78.45
78.91
79.37
79.83
80.28
80.74
81.2
81.65
82.11
82.57
83.03
83.49
83.95
84.4
84.86
85.32
85.78
86.24
86.69
87.15
87.61
88.07
88.53
88.99
89.44
89.9
90.36
90.82
91.28
91.73
92.19
92.65
93.11
93.57
94.03
94.5
94.95
95.4
95.87
96.33
96.8
97.29
97.79
98.3
98.79
99.26
99.75
100.25
100.76
101.27
101.77
102.25
102.72
103.18
103.64
104.1
104.56
105.02
105.48
105.93
106.39
106.85
107.31
107.77
108.22
108.68
109.14
109.6
110.05
110.51
110.97
111.43
111.89
112.35
112.8
113.26
113.72
114.18
114.63
115.09
115.55
116.01
116.46
116.92
117.38
117.84
118.3
118.76
119.21
119.67
120.13
120.59
121.05
121.5
121.96
122.42
122.88
123.34
123.8
124.25
124.71
125.17
125.63
126.09
126.54
127.0
127.46
127.92
128.37
128.83
129.29
129.75
130.21
130.67
131.12
131.58
132.04
132.5
132.96
133.41
133.87
134.33
134.79
135.24
135.7
136.16
136.62
137.08
137.53
137.99
138.45
138.91
139.37
139.83
140.28
140.74
141.2
141.66
142.11
142.57
143.03
143.49
143.95
144.41
144.86
145.32
145.78
146.24
146.69
147.15
147.61
148.07
148.53
148.99
149.45
149.91
150.37
150.82
151.28
151.73
152.19
152.65
153.1
153.57
154.03
154.49
154.95
155.4
155.85
156.31
156.77
157.23
157.69
158.15
158.61
159.07
159.52
159.98
160.44
160.9
161.36
161.82
162.28
162.74
163.2
163.65
164.1
164.56
165.02
165.49
165.95
166.4
166.85
167.31
167.77
168.23
168.68
169.14
169.6
170.06
170.51
170.97
171.42
171.89
172.35
172.81
173.27
173.73
174.18
174.63
175.08
175.54
176.0
176.45
176.92
177.4
177.89
178.39
178.89
179.39
179.87
180.35
180.85
181.36
181.87
182.39
182.87
183.33
183.79
184.25
184.71
185.17
185.63
186.08
186.54
187.0
187.46
187.91
188.37
188.83
189.29
189.75
190.21
190.66
191.12
191.58
192.04
192.5
192.96
193.41
193.87
194.33
194.78
195.24
195.7
196.16
196.62
197.08
197.54
197.99
198.45
198.91
199.37
199.82
200.28
200.74
201.2
201.66
202.11
202.57
203.03
203.49
203.95
204.41
204.86
205.32
205.78
206.24
206.7
207.15
207.61
208.07
208.53
208.99
209.44
209.9
210.36
210.82
211.28
211.74
212.19
212.65
213.11
213.56
214.02
214.48
214.94
215.4
215.86
216.32
216.77
217.23
217.69
218.15
218.6
219.06
