0.09
0.5
0.92
1.36
1.8
2.24
2.67
3.1
3.52
3.94
4.37
4.8
5.23
5.66
6.09
6.52
6.95
7.37
7.8
8.23
8.66
9.09
9.52
9.95
10.38
10.8
11.23
11.66
12.09
12.52
12.95
13.38
13.81
14.23
14.66
15.09
15.52
15.95
16.37
16.8
17.23
17.66
18.09
18.52
18.95
19.38
19.8
20.23
20.66
21.09
21.52
21.94
22.37
22.8
23.23
23.66
24.09
24.52
24.95
25.38
25.81
26.24
26.66
27.09
27.52
27.94
28.37
28.79
29.23
29.66
30.09
30.52
30.95
31.38
31.8
32.23
32.66
33.09
33.52
33.95
34.38
34.8
35.23
35.66
36.09
36.52
36.94
37.37
37.8
38.23
38.66
39.09
39.52
39.95
40.37
40.8
41.23
41.66
42.09
42.52
42.95
43.37
43.8
44.23
44.66
45.09
45.52
45.95
46.38
46.81
47.23
47.66
48.09
48.52
48.95
49.38
49.81
50.24
50.67
51.09
51.52
51.95
52.38
52.8
53.23
53.66
54.09
54.52
54.95
55.38
55.81
56.23
56.66
57.09
57.52
57.95
58.38
58.8
59.23
59.66
60.09
60.52
60.95
61.37
61.8
62.23
62.66
63.09
63.52
63.95
64.37
64.8
65.23
65.66
66.09
66.52
66.95
67.38
67.81
68.24
68.67
69.09
69.52
69.95
70.38
70.8
71.23
71.66
72.09
72.52
72.95
73.38
73.81
74.24
74.66
75.09
75.52
75.95
76.38
76.81
77.24
77.67
78.09
78.52
78.95
79.38
79.81
80.24
80.67
81.09
81.52
81.95
82.38
82.8
83.23
83.66
84.09
84.52
84.94
85.38
85.81
86.23
86.66
87.09
87.52
87.95
88.38
88.81
89.24
89.67
90.1
90.53
90.95
91.38
91.81
92.23
92.66
93.09
93.52
93.95
94.38
94.81
95.23
95.66
96.09
96.52
96.95
97.38
97.81
98.24
98.66
99.1
99.53
99.95
100.37
100.8
101.24
101.66
102.09
102.52
102.95
103.38
103.81
104.24
104.67
105.1
105.52
105.95
106.38
106.8
107.23
107.66
108.09
108.52
108.95
109.38
109.81
110.23
110.66
111.09
111.52
111.95
112.37
112.81
113.24
113.67
114.09
114.52
114.95
115.38
115.81
116.23
116.66
117.09
117.52
117.95
118.38
118.81
119.23
119.66
120.09
120.52
120.95
121.38
121.81
122.24
122.67
123.09
123.52
123.95
124.38
124.81
125.24
125.66
126.09
126.52
126.95
127.38
127.81
128.24
128.67
129.1
129.52
129.95
130.38
130.81
131.24
131.67
132.1
132.52
132.95
133.38
133.81
134.24
134.67
135.1
135.53
135.96
136.38
136.81
137.24
137.66
138.09
138.52
138.95
139.38
139.81
140.24
140.67
141.09
141.52
141.95
142.38
142.81
143.23
143.66
144.09
144.52
144.95
145.38
145.81
146.24
146.66
147.09
147.52
147.95
148.38
148.81
149.24
149.67
150.09
150.52
150.95
151.38
151.81
152.24
152.67
153.1
153.52
153.95
154.38
154.81
155.23
155.66
156.09
156.52
156.95
157.38
157.81
158.24
158.67
159.1
159.52
159.95
160.38
160.81
161.24
161.67
162.09
162.52
162.95
163.38
163.81
164.24
164.67
165.09
165.52
165.95
166.38
166.81
167.24
167.67
168.1
168.53
168.95
169.38
169.81
170.24
170.66
171.09
171.52
171.95
172.38
172.81
173.24
173.67
174.09
174.52
174.95
175.38
175.81
176.24
176.67
177.09
177.52
177.95
178.38
178.81
179.24
179.67
180.1
180.52
180.95
181.38
181.81
182.24
182.67
183.1
183.53
183.95
184.38
184.81
185.24
185.67
186.1
186.53
186.96
187.38
187.81
188.24
188.67
189.1
189.52
189.95
190.38
190.81
191.24
191.67
192.1
192.53
192.95
193.38
193.81
194.24
194.66
195.1
195.53
195.96
196.39
