0.2
0.59
0.98
1.37
1.75
2.14
2.53
2.91
3.3
3.69
4.08
4.47
4.86
5.24
5.63
6.02
6.4
6.79
7.18
7.57
7.96
8.34
8.73
9.12
9.51
9.9
10.29
10.68
11.06
11.44
11.83
12.22
12.61
12.99
13.38
13.78
14.17
14.55
14.94
15.33
15.71
16.1
16.49
16.88
17.27
17.65
18.04
18.43
18.82
19.2
19.59
19.98
20.37
20.75
21.14
21.53
21.92
22.3
22.69
23.08
23.47
23.85
24.24
24.63
25.02
25.41
25.79
26.18
26.57
26.96
27.35
27.74
28.13
28.51
28.9
29.29
29.67
30.05
30.44
30.82
31.21
31.6
31.99
32.38
32.77
33.15
33.54
33.93
34.32
34.71
35.1
35.49
35.87
36.26
36.65
37.03
37.42
37.81
38.2
38.6
38.98
39.36
39.75
40.14
40.53
40.91
41.3
41.69
42.07
42.45
42.84
43.23
43.63
44.02
44.4
44.79
45.18
45.56
45.95
46.34
46.73
47.11
47.5
47.89
48.28
48.66
49.05
49.44
49.83
50.22
50.6
50.99
51.38
51.76
52.15
52.54
52.93
53.32
53.7
54.09
54.48
54.87
55.26
55.65
56.03
56.42
56.81
57.2
57.58
57.96
58.35
58.74
59.13
59.52
59.91
60.3
60.69
61.07
61.45
61.84
62.23
62.62
63.01
63.4
63.79
64.17
64.55
64.94
65.34
65.73
66.12
66.51
66.89
67.28
67.67
68.05
68.44
68.83
69.22
69.61
70.0
70.38
70.77
71.16
71.54
71.93
72.32
72.71
73.09
73.47
73.86
74.25
74.64
75.03
75.42
75.81
76.19
76.58
76.96
77.35
77.74
78.13
78.52
78.91
79.29
79.68
80.07
80.46
80.85
81.24
81.62
82.01
82.39
82.78
83.16
83.55
83.95
84.34
84.72
85.11
85.5
85.88
86.27
86.65
87.04
87.43
87.82
88.2
88.59
88.98
89.37
89.76
90.15
90.54
90.92
91.31
91.7
92.09
92.48
92.86
93.25
93.64
94.03
94.42
94.8
95.19
95.58
95.97
96.35
96.74
97.13
97.52
97.9
98.29
98.68
99.07
99.45
99.84
100.23
100.62
101.01
101.39
101.78
102.16
102.55
102.94
103.33
103.71
104.1
104.48
104.87
105.26
105.66
106.05
106.43
106.82
107.21
107.59
107.98
108.37
108.76
109.14
109.53
109.92
110.31
110.69
111.08
111.47
111.86
112.25
112.63
113.02
113.41
113.79
114.18
114.58
114.96
115.35
115.74
116.13
116.51
116.9
117.29
117.67
118.06
118.45
118.84
119.23
119.62
120.0
120.39
120.78
121.17
121.55
121.94
122.33
122.72
123.1
123.49
123.88
124.27
124.65
125.04
125.43
125.82
126.21
126.59
126.98
127.37
127.75
128.14
128.53
128.92
129.3
129.68
130.07
130.46
130.85
131.24
131.63
132.02
132.4
132.79
133.18
133.57
133.95
134.34
134.73
135.12
135.5
135.89
136.28
136.67
137.06
137.45
137.84
138.22
138.61
138.99
139.38
139.77
140.16
140.55
140.94
141.32
141.71
142.09
142.48
142.87
143.25
143.64
144.03
144.42
144.81
145.2
145.59
145.97
146.36
146.75
147.13
147.52
147.91
148.3
148.69
149.08
149.47
149.86
150.25
150.63
151.01
151.4
151.79
152.17
152.56
152.95
153.35
153.73
154.12
154.51
154.9
155.29
155.67
156.06
156.45
156.84
157.24
157.63
157.99
158.38
158.75
159.13
159.52
159.92
160.31
160.71
161.1
161.48
161.85
162.23
162.61
163.0
163.4
163.81
164.21
164.6
164.99
165.38
165.76
166.14
166.53
166.92
167.31
167.7
168.09
168.48
168.86
169.25
169.64
170.02
170.4
170.79
171.18
171.57
171.96
172.35
172.73
173.11
173.5
173.89
174.27
174.66
175.05
175.44
175.82
176.21
176.6
176.99
177.38
177.76
178.15
178.54
178.92
179.31
179.7
180.09
180.48
180.87
181.26
181.65
182.04
182.42
182.81
183.2
183.58
183.97
184.36
184.75
185.13
185.52
185.91
186.3
186.69
187.07
187.46
187.84
188.23
188.62
189.01
189.4
189.79
190.17
190.56
190.95
191.33
191.72
192.1
192.49
192.88
193.27
193.66
194.05
194.43
194.82
195.21
195.6
195.99
196.37
196.76
197.15
197.54
197.92
198.31
198.7
199.09
199.47
199.86
200.25
200.63
201.02
201.41
201.8
202.19
202.58
202.97
203.35
203.74
204.13
204.52
204.91
205.29
205.68
206.07
206.45
206.84
207.22
207.61
208.01
208.4
208.79
209.18
209.57
209.96
210.36
210.76
211.19
211.61
212.01
212.41
212.81
213.21
213.61
214.01
214.4
214.8
215.19
215.58
215.97
216.36
216.75
217.14
217.53
217.91
218.29
218.67
219.04
219.43
219.81
220.18
220.56
220.93
221.3
221.68
222.06
