0.05
0.62
1.2
1.77
2.34
2.91
3.48
4.06
4.63
5.2
5.75
6.36
6.92
7.5
8.07
8.61
9.19
9.76
10.33
10.9
11.47
12.04
12.62
13.19
13.76
14.33
14.9
15.48
16.05
16.62
17.19
17.76
18.34
18.91
19.48
20.05
20.63
21.2
21.77
22.34
22.92
23.49
24.06
24.63
25.21
25.78
26.35
26.92
27.5
28.06
28.64
29.21
29.78
30.35
30.92
31.5
32.07
32.64
33.21
33.79
34.36
34.93
35.51
36.08
36.65
37.22
37.79
38.36
38.93
39.51
40.08
40.65
41.22
41.8
42.37
42.94
43.51
44.09
44.66
45.23
45.81
46.38
46.95
47.52
48.09
48.66
49.23
49.81
50.38
50.95
51.52
52.1
52.67
53.24
53.82
54.39
54.96
55.53
56.1
56.67
57.25
57.82
58.39
58.96
59.54
60.11
60.68
61.25
61.83
62.4
62.97
63.54
64.12
64.69
65.26
65.83
66.4
66.97
67.55
68.12
68.69
69.26
69.84
70.41
70.98
71.55
72.12
72.7
73.27
73.84
74.41
74.98
75.56
76.13
76.7
77.27
77.85
78.42
78.99
79.56
80.13
80.71
81.28
81.85
82.43
82.99
83.57
84.17
84.72
85.3
85.87
86.44
87.01
87.59
88.16
88.72
89.28
89.88
90.44
91.01
91.57
92.17
92.75
93.33
93.87
94.45
95.03
95.59
96.16
96.75
97.31
97.88
98.45
99.04
99.6
100.17
100.74
101.31
101.92
102.49
103.02
103.59
104.17
104.74
105.31
105.88
106.45
107.03
107.6
108.17
108.74
109.32
109.89
110.46
111.03
111.61
112.18
112.75
113.32
113.89
114.47
115.04
115.61
116.18
116.75
117.33
117.9
118.47
119.04
119.62
120.19
120.76
121.34
121.9
122.48
123.05
123.62
124.19
124.77
125.34
125.91
126.48
127.05
127.63
128.2
128.77
129.34
129.92
130.49
131.06
131.63
132.2
132.78
133.35
133.92
134.49
135.07
135.64
136.21
136.78
137.35
137.93
138.5
139.07
139.65
140.22
140.79
141.36
141.93
142.5
143.08
143.65
144.22
144.79
145.37
145.94
146.51
147.08
147.66
148.23
148.8
149.37
149.94
150.51
151.09
151.66
152.23
152.8
153.38
153.95
154.52
155.09
155.66
156.24
156.81
157.38
157.96
158.52
159.09
159.67
160.24
160.81
161.38
161.96
162.53
163.1
163.67
164.24
164.82
165.39
165.96
166.53
167.11
167.68
168.25
168.82
169.4
169.96
170.54
171.11
171.69
172.25
172.83
173.4
173.97
174.54
175.12
175.69
176.27
176.84
177.41
177.98
178.55
179.13
179.7
180.29
