0.49
1.0
1.51
2.06
2.57
3.12
3.62
4.16
4.72
5.31
5.89
6.49
7.07
7.66
8.24
8.85
9.43
10.02
10.6
11.2
11.78
12.37
12.95
13.55
14.15
14.73
15.33
15.91
16.5
17.08
17.67
18.27
18.86
19.45
20.05
20.63
21.22
21.8
22.38
22.98
23.58
24.16
24.75
25.34
25.92
26.52
27.09
27.7
28.28
28.87
29.47
30.05
30.64
31.23
31.84
32.41
33.0
33.59
34.19
34.76
35.36
35.95
36.55
37.14
37.73
38.31
38.91
39.49
40.08
40.67
41.25
41.85
42.45
43.04
43.62
44.22
44.81
45.39
46.0
46.58
47.17
47.76
48.33
48.94
49.52
50.11
50.7
51.29
51.88
52.46
53.05
53.63
54.24
54.82
55.39
56.0
56.6
57.19
57.78
58.37
58.96
59.55
60.14
60.72
61.32
61.91
62.5
63.09
63.68
64.27
64.86
65.45
66.05
66.63
67.22
67.81
68.4
68.99
69.57
70.16
70.76
71.36
71.94
72.52
73.12
73.7
74.29
74.88
75.49
76.07
76.67
77.25
77.83
78.41
78.99
79.59
80.2
80.77
81.37
81.96
82.55
83.14
83.73
84.31
84.92
85.5
86.08
86.67
87.26
87.84
88.44
89.02
89.62
90.21
90.8
91.39
91.98
92.57
93.16
93.75
94.34
94.92
95.52
96.1
96.68
97.28
97.88
98.46
99.05
99.64
100.22
100.82
101.41
101.99
102.58
103.18
103.78
104.35
104.96
105.53
106.12
106.71
107.32
107.9
108.49
109.08
109.68
110.25
110.85
111.44
112.05
112.63
113.23
113.82
114.37
114.98
115.56
116.12
116.72
117.32
117.92
118.5
119.11
119.67
120.25
120.82
121.4
121.98
122.62
123.21
123.79
124.39
124.97
125.56
126.14
126.75
127.33
127.92
128.5
129.1
129.68
130.27
130.85
131.46
132.05
132.64
133.22
133.82
134.39
134.98
135.56
136.16
136.75
137.34
137.92
138.52
139.11
139.7
140.27
140.88
141.47
142.05
142.64
143.23
143.82
144.41
144.99
145.58
146.17
146.76
147.34
147.94
148.52
149.11
149.69
150.29
150.87
151.5
152.08
152.68
153.25
153.83
154.42
155.02
155.6
156.21
156.78
157.37
157.93
158.52
159.13
159.73
160.32
160.9
161.5
162.16
162.79
163.39
164.02
164.65
165.31
165.94
166.54
167.18
167.82
