0.03
0.69
1.35
2.03
2.68
3.37
4.03
4.73
5.37
6.05
6.72
7.38
8.06
8.75
9.39
10.07
10.76
11.43
12.1
12.79
13.45
14.13
14.8
15.44
16.12
16.8
17.46
18.12
18.8
19.46
20.13
20.81
21.47
22.14
22.82
23.47
24.14
24.81
25.47
26.15
26.84
27.49
28.17
28.86
29.52
30.19
30.87
31.52
32.19
32.87
33.53
34.18
34.86
35.5
36.17
36.85
37.52
38.19
38.87
39.55
40.22
40.9
41.55
42.24
42.93
43.6
44.26
44.93
45.59
46.26
46.94
47.58
48.25
48.95
49.62
50.29
50.98
51.64
52.3
52.98
53.65
54.32
54.94
55.34
55.68
56.02
56.36
56.7
57.04
57.38
57.71
58.04
58.38
58.73
59.07
59.42
59.74
60.08
60.42
60.78
61.11
61.45
61.78
62.12
62.45
62.79
63.12
63.47
63.8
64.13
64.48
64.83
65.17
65.51
65.84
66.18
66.53
66.87
67.21
67.55
67.88
68.21
68.55
68.9
69.25
69.58
69.91
70.25
70.6
70.95
71.28
71.61
71.96
72.3
72.63
72.98
73.31
73.65
73.99
74.31
74.65
74.98
75.33
75.68
76.01
76.35
76.7
77.04
77.38
77.72
78.05
78.37
78.71
79.06
79.4
79.74
80.08
80.41
80.75
81.09
81.43
81.78
82.12
82.45
82.79
83.13
83.46
83.81
84.14
84.46
84.8
85.14
85.47
85.82
86.16
86.49
86.82
87.17
87.51
87.85
88.2
88.54
88.89
89.25
89.58
89.93
90.26
90.59
90.94
91.28
91.63
91.96
92.31
92.65
93.0
93.35
93.68
94.03
94.36
94.7
95.04
95.39
95.73
96.07
96.41
96.74
97.09
97.44
97.78
98.12
98.46
98.79
99.13
99.48
99.8
100.16
100.48
100.82
101.16
101.49
101.83
102.16
102.49
102.82
103.16
103.49
103.83
104.17
104.51
104.84
105.18
105.52
105.86
106.21
106.55
106.88
107.22
107.56
107.9
108.24
108.57
108.91
109.25
109.6
109.93
110.27
110.6
110.93
111.27
111.61
111.95
112.28
112.62
112.94
113.28
113.63
113.96
114.3
114.64
114.97
115.31
115.65
115.98
116.32
116.65
116.97
117.31
117.66
118.0
118.34
118.68
119.01
119.35
119.68
120.02
120.37
120.7
121.03
121.36
121.71
122.04
122.38
122.71
123.04
123.39
123.72
124.06
124.39
124.73
125.06
125.4
125.76
126.1
126.44
126.78
127.1
127.45
127.79
128.13
128.47
128.8
129.13
129.46
129.81
130.15
130.49
130.82
131.15
131.5
131.84
132.17
132.51
132.84
133.16
133.49
133.84
134.17
134.51
134.85
135.18
135.51
135.86
136.19
136.52
136.85
137.19
137.53
137.86
138.19
138.54
138.89
139.22
139.56
139.91
140.25
140.59
140.93
141.25
141.6
141.95
142.27
142.62
142.96
143.28
143.63
143.97
144.3
144.64
144.98
145.31
145.65
146.01
146.35
146.67
147.01
147.34
147.68
148.03
148.37
148.71
149.04
149.37
149.71
150.05
150.38
150.72
151.05
151.38
151.72
152.07
152.41
152.75
153.08
153.42
153.75
154.11
154.44
154.78
155.12
155.45
155.79
156.14
156.47
156.81
157.15
157.48
157.83
158.17
158.51
158.86
159.22
159.54
159.89
160.24
160.58
160.92
161.25
161.59
161.93
162.27
162.62
162.96
163.3
163.63
163.98
164.32
164.65
165.0
165.34
165.67
166.01
166.35
166.68
167.03
167.36
167.7
168.04
168.39
168.73
169.06
169.39
169.73
170.06
170.39
170.73
171.09
171.43
171.76
172.1
172.45
172.79
173.14
173.49
173.82
174.16
174.49
174.84
175.18
175.53
175.85
176.2
176.54
176.88
177.22
177.56
177.89
178.23
178.58
178.91
179.26
179.61
179.94
180.29
180.62
180.96
181.3
181.64
181.98
182.31
182.66
183.0
183.33
183.66
183.99
184.32
184.66
185.0
185.34
185.67
186.0
186.34
186.68
187.02
187.36
187.69
188.02
188.36
188.7
189.04
189.38
189.72
190.07
190.41
190.75
191.08
191.42
191.76
192.08
192.42
192.76
193.09
193.43
193.77
194.11
194.45
194.8
195.14
195.47
195.81
196.14
196.49
196.83
197.17
197.5
197.84
198.18
198.52
198.86
199.19
199.52
199.86
200.19
200.53
200.86
201.2
201.53
201.86
202.2
202.54
202.89
203.23
203.58
203.91
204.25
204.58
204.92
205.26
205.59
205.93
206.27
206.61
206.95
207.3
207.63
207.97
208.31
208.65
208.99
209.32
209.65
210.0
210.33
210.67
211.01
211.35
211.7
212.03
212.37
212.71
213.05
213.38
213.71
214.05
214.39
214.72
215.07
215.4
215.74
216.08
216.4
216.74
217.07
217.4
217.72
218.06
218.39
218.73
219.08
219.4
219.73
220.06
220.39
220.73
221.07
221.4
221.74
222.08
222.41
222.75
223.08
223.41
223.75
224.08
224.41
224.76
225.1
225.44
225.77
226.12
226.44
226.78
227.12
227.46
227.8
228.15
228.48
228.83
229.17
229.51
229.84
230.18
230.5
230.84
231.18
231.52
231.86
232.19
232.52
232.86
233.21
233.56
233.88
234.22
234.56
234.9
235.23
235.57
235.9
236.24
236.57
236.9
237.25
237.58
237.92
238.26
238.58
238.91
239.26
239.6
239.93
240.27
240.6
240.94
241.29
241.62
241.95
242.28
242.61
242.94
243.27
243.61
243.95
244.29
244.62
244.96
245.3
245.62
245.97
246.31
246.64
246.98
247.32
247.66
248.01
248.35
248.68
249.02
249.37
249.69
250.03
250.36
250.7
251.05
251.39
251.72
252.05
252.38
252.7
253.04
253.38
253.72
254.06
254.4
254.73
255.06
255.4
255.74
256.06
256.4
256.72
257.06
257.39
257.71
258.05
258.38
258.71
259.05
259.4
259.73
260.06
260.4
260.72
261.04
261.38
261.71
262.05
262.4
262.73
263.07
263.41
263.74
264.1
264.43
264.76
265.09
265.43
265.76
266.09
266.42
266.75
267.09
267.43
267.77
268.11
268.46
268.78
269.11
269.46
269.79
270.13
270.47
270.81
271.15
271.49
271.82
272.16
272.51
272.84
273.18
273.53
273.86
274.2
274.55
274.88
275.22
275.57
275.91
276.23
276.58
276.9
277.23
277.58
277.91
278.24
278.57
278.91
279.24
279.58
279.92
280.25
280.59
280.91
281.24
281.58
281.91
282.24
282.56
282.9
283.23
283.59
283.92
284.25
284.59
284.91
285.25
285.59
285.92
286.26
286.59
286.92
287.26
287.59
287.93
288.26
288.6
288.93
289.26
289.6
289.94
290.27
290.59
290.91
291.24
291.58
291.91
292.24
292.58
292.9
293.25
293.58
293.91
294.25
294.59
294.91
295.25
295.6
295.93
296.26
296.6
296.93
297.27
297.61
297.94
298.26
298.59
298.93
299.27
299.61
299.94
300.27
300.61
