0.04
0.56
1.05
1.54
2.06
2.58
3.08
3.59
4.09
4.61
5.14
5.61
6.1
6.59
7.19
7.88
8.57
9.29
10.02
10.76
11.43
12.12
12.78
13.49
14.15
14.84
15.54
16.24
16.91
17.54
18.23
18.9
19.61
20.26
20.94
21.65
22.37
23.04
23.73
24.38
25.02
25.68
26.3
26.98
27.66
28.32
28.96
29.6
30.25
30.89
31.52
32.19
32.83
33.49
34.13
34.77
35.42
36.1
36.76
37.42
38.08
38.71
39.37
40.0
40.64
41.28
41.92
42.56
43.19
43.83
44.46
45.08
45.71
46.37
46.99
47.63
48.26
48.89
49.56
50.2
50.89
51.52
52.19
52.86
53.51
54.19
54.83
55.54
56.18
56.84
57.47
58.09
58.74
59.39
60.03
60.7
61.38
62.03
62.68
63.32
63.97
64.6
65.2
65.83
66.46
67.09
67.71
68.31
68.96
69.56
70.18
70.81
71.41
72.04
72.64
73.26
73.85
74.45
75.07
75.69
76.32
76.94
77.54
78.17
78.74
79.34
79.95
80.56
81.16
81.77
82.36
82.96
83.55
84.18
84.77
85.38
85.97
86.56
87.19
87.82
88.48
89.1
89.72
90.36
91.01
91.65
92.28
92.93
93.57
94.18
94.8
95.46
96.09
96.7
97.3
97.92
98.54
99.15
99.75
100.34
100.92
101.51
102.1
102.69
103.27
103.83
104.41
104.99
105.57
106.15
106.73
107.3
107.89
108.51
109.1
109.69
110.27
110.86
111.46
112.06
112.61
113.19
113.73
114.32
114.88
115.48
116.05
116.65
117.22
117.8
118.37
118.95
119.53
120.11
120.68
121.25
121.83
122.42
123.02
123.61
124.2
124.77
125.35
125.94
126.51
127.06
127.65
128.23
128.78
129.39
129.95
130.54
131.1
131.7
132.29
132.9
133.49
134.07
134.51
134.94
135.35
135.74
136.11
136.52
136.89
137.29
137.7
138.11
138.52
138.92
139.33
139.74
140.14
140.53
140.94
141.36
141.77
142.19
142.59
142.97
143.38
143.8
144.25
144.7
145.18
145.63
146.1
146.54
147.01
147.52
148.07
148.57
149.16
149.7
150.27
150.88
151.47
151.85
152.22
152.59
152.98
153.37
153.74
154.15
154.57
155.01
155.49
155.99
156.47
156.94
157.42
157.88
158.32
158.76
159.22
159.66
160.1
160.56
160.99
161.43
161.87
162.32
162.75
163.19
163.62
164.04
164.45
164.86
165.3
165.7
166.14
166.56
166.98
167.42
167.86
168.33
168.76
169.23
169.66
