0.37
1.01
1.65
2.29
2.91
3.54
4.17
4.79
5.41
6.03
6.66
7.25
7.85
8.47
9.06
9.66
10.27
10.87
11.49
12.07
12.67
13.29
13.89
14.49
15.09
15.71
16.3
16.9
17.53
18.14
18.71
19.31
19.91
20.53
21.12
21.73
22.33
22.95
23.56
24.14
24.74
25.37
25.95
26.55
27.15
27.79
28.36
28.97
29.57
30.21
30.77
31.37
31.98
32.58
33.21
33.79
34.39
35.0
35.6
36.2
36.8
37.42
38.01
38.61
39.21
39.85
40.42
41.03
41.62
42.26
42.86
43.43
44.04
44.66
45.24
45.85
46.46
47.07
47.65
48.26
48.86
49.5
50.07
50.67
51.27
51.9
52.48
53.08
53.69
54.3
54.89
55.5
56.11
56.71
57.31
57.91
58.51
59.13
59.74
60.33
60.92
61.55
62.13
62.73
63.33
63.96
64.54
65.14
65.77
66.38
66.98
67.56
68.16
68.78
69.36
69.96
70.57
71.2
71.78
72.38
72.98
73.59
74.19
74.79
75.39
75.99
76.6
77.2
77.8
78.43
79.01
79.62
80.22
80.84
81.44
82.02
82.65
83.26
83.83
84.44
85.05
85.68
86.27
86.85
87.46
88.06
88.66
89.26
89.88
90.5
91.07
91.68
92.28
92.9
93.48
94.09
94.72
95.3
95.9
96.51
97.1
97.73
98.31
98.91
99.51
100.14
100.72
101.33
101.93
102.54
103.14
103.74
104.35
104.95
105.55
106.15
106.75
107.37
107.96
108.57
109.16
109.79
110.37
110.97
111.57
112.2
112.78
113.39
114.0
114.62
115.22
115.8
116.4
117.03
117.63
118.2
118.81
119.45
120.02
120.62
121.22
121.83
122.43
123.03
123.64
124.23
124.84
125.44
126.05
126.69
127.28
127.87
128.46
129.09
129.66
130.26
130.87
131.5
132.08
132.68
133.31
133.92
134.49
135.09
135.69
136.32
136.9
137.5
138.1
138.74
139.31
139.92
140.52
141.13
141.72
142.33
142.93
143.55
144.14
144.74
145.34
145.95
146.55
147.16
147.75
148.38
148.96
149.56
150.17
150.78
151.41
152.04
152.7
153.35
153.96
154.63
155.24
155.9
156.52
157.19
157.8
158.47
159.08
159.72
160.39
161.0
161.67
