0.06
0.5
0.97
1.44
1.9
2.35
2.8
3.27
3.73
4.19
4.64
5.12
5.57
6.04
6.52
6.97
7.42
7.89
8.34
8.81
9.26
9.72
10.19
10.65
11.11
11.57
12.03
12.49
12.95
13.42
13.88
14.34
14.8
15.26
15.74
16.19
16.65
17.11
17.57
18.03
18.49
18.95
19.41
19.88
20.34
20.8
21.26
21.72
22.18
22.65
23.11
23.57
24.03
24.49
24.95
25.42
25.88
26.34
26.8
27.26
27.72
28.18
28.65
29.11
29.58
30.04
30.5
30.96
31.41
31.88
32.34
32.8
33.26
33.72
34.19
34.65
35.11
35.57
36.03
36.49
36.95
37.41
37.88
38.36
38.81
39.26
39.73
40.18
40.65
41.11
41.57
42.03
42.49
42.95
43.42
43.88
44.34
44.8
45.26
45.74
46.18
46.64
47.11
47.57
48.03
48.49
48.95
49.42
49.88
50.34
50.8
51.26
51.72
52.18
52.65
53.11
53.57
54.03
54.49
54.95
55.42
55.88
56.34
56.8
57.26
57.72
58.18
58.64
59.11
59.57
60.03
60.5
60.96
61.42
61.88
62.34
62.8
63.26
63.72
64.18
64.65
65.11
65.57
66.03
66.49
66.95
67.42
67.88
68.34
68.8
69.26
69.72
70.18
70.65
71.11
71.57
72.03
72.49
72.95
73.41
73.88
74.35
74.8
75.26
75.71
76.19
76.67
77.12
77.57
78.03
78.49
78.96
79.42
79.88
80.34
80.8
81.26
81.73
82.19
82.65
83.11
83.58
84.04
84.5
84.96
85.42
85.88
86.35
86.81
87.27
87.73
88.19
88.65
89.11
89.57
90.03
90.49
90.96
91.42
91.88
92.34
92.8
93.26
93.72
94.19
94.65
95.11
95.57
96.03
96.49
96.95
97.42
97.88
98.34
98.8
99.26
99.72
100.18
100.65
101.11
101.57
102.03
102.49
102.96
103.42
103.88
104.34
104.8
105.27
105.73
106.19
106.65
107.11
107.57
108.03
108.49
108.95
109.41
109.88
110.34
110.8
111.26
111.72
112.18
112.65
113.11
113.57
114.03
114.49
114.95
115.42
115.88
116.34
116.8
117.26
117.72
118.18
118.65
119.11
119.57
120.03
120.49
120.96
121.42
121.88
122.34
122.8
123.26
123.72
124.18
124.65
125.11
125.57
126.03
126.49
126.95
127.42
127.88
128.34
128.8
129.26
129.72
130.19
130.65
131.11
131.57
132.03
132.49
132.95
133.42
133.88
134.34
134.8
135.25
135.72
136.15
136.61
137.07
137.53
137.99
138.46
138.9
139.38
139.82
140.28
140.76
141.22
141.69
142.16
142.61
143.1
143.55
144.02
144.51
144.98
145.43
145.9
