0.03
0.56
1.09
1.63
2.16
2.69
3.22
3.75
4.29
4.85
5.39
5.93
6.43
6.94
7.47
8.0
8.53
9.04
9.54
10.06
10.57
11.08
11.61
12.12
12.65
13.15
13.65
14.17
14.67
15.17
15.68
16.2
16.7
17.19
17.69
18.17
18.7
19.17
19.68
20.22
20.72
21.25
21.77
22.3
22.81
23.31
23.81
24.34
24.85
25.36
25.88
26.41
26.92
27.44
27.95
28.48
28.99
29.52
30.04
30.55
31.06
31.58
32.08
32.6
33.11
33.63
34.13
34.65
35.16
35.67
36.18
36.69
37.2
37.72
38.24
38.76
39.26
39.76
40.26
40.78
41.29
41.81
42.32
42.83
43.34
43.85
44.35
44.87
45.38
45.92
46.42
46.93
47.44
47.95
48.44
48.95
49.46
49.95
50.45
50.95
51.45
51.96
52.49
52.98
53.48
54.01
54.51
55.02
55.52
56.02
56.52
57.03
57.53
58.04
58.55
59.06
59.56
60.07
60.58
61.08
61.58
62.1
62.6
63.11
63.61
64.13
64.62
65.14
65.63
66.12
66.61
67.1
67.6
68.12
68.61
69.1
69.59
70.07
70.56
71.02
71.52
72.0
72.47
72.94
73.44
73.96
74.46
74.95
75.45
75.93
76.42
76.9
77.39
77.89
78.38
78.87
79.37
79.86
80.33
80.81
81.29
81.81
82.3
82.79
83.3
83.78
84.26
84.74
85.23
85.73
86.21
86.72
87.23
87.73
88.22
88.7
89.2
89.73
90.2
90.75
91.27
91.78
92.28
92.78
93.28
93.8
94.3
94.82
95.33
95.85
96.35
96.87
97.37
97.89
98.39
98.91
99.41
99.92
100.42
100.93
101.43
101.95
102.45
102.95
103.45
103.96
104.47
104.98
105.47
105.97
106.48
107.0
107.5
108.01
108.52
109.02
109.53
110.04
110.57
111.08
111.59
112.11
112.63
113.12
113.61
114.13
114.64
115.15
115.68
116.19
116.68
117.18
117.68
118.19
118.68
119.18
119.67
120.18
120.69
121.22
121.71
122.22
122.74
123.26
123.76
124.27
124.76
125.27
125.77
126.28
126.78
127.29
127.79
128.3
128.8
129.29
129.79
130.29
130.8
131.31
131.81
132.31
132.81
133.3
133.78
134.31
134.8
135.29
135.77
136.25
136.74
137.23
137.74
138.25
138.74
139.22
139.7
140.2
140.71
141.19
141.67
142.17
142.67
143.18
143.69
144.18
144.67
145.16
145.64
146.13
146.63
147.13
147.63
148.13
148.62
149.11
149.57
150.05
150.54
151.02
151.51
152.01
152.51
152.98
153.44
153.91
154.39
154.89
155.38
155.87
156.34
156.84
157.31
157.81
158.28
158.8
159.28
159.76
160.27
160.76
161.24
161.72
162.2
162.7
163.19
163.67
164.17
164.65
165.13
165.62
166.1
166.59
167.07
167.56
168.04
168.53
168.99
169.47
169.96
170.46
170.94
171.43
171.92
172.4
172.88
173.36
173.85
174.33
174.79
175.28
175.79
176.26
176.74
177.24
177.74
178.24
178.73
179.21
179.68
180.16
180.63
181.11
181.6
182.12
182.6
183.1
183.59
184.06
184.55
185.03
185.54
186.06
186.55
187.03
187.55
188.01
188.47
188.92
189.36
189.81
190.27
190.71
191.13
191.59
192.03
192.47
192.9
193.33
193.79
194.21
194.65
195.11
195.54
195.99
196.43
196.87
197.32
197.78
198.22
198.67
199.14
199.59
200.02
200.46
200.91
201.33
201.75
202.21
202.64
203.09
203.53
203.96
204.4
204.83
205.28
205.73
206.17
206.61
207.03
207.48
207.93
208.36
208.81
209.24
209.68
210.11
210.53
210.96
211.38
211.83
212.27
212.71
213.13
213.57
213.98
214.42
214.84
215.28
215.75
216.23
216.71
217.16
217.65
218.11
218.59
219.04
219.53
219.99
220.49
220.95
221.44
221.98
222.5
223.02
223.52
224.05
224.66
225.22
225.84
226.43
226.99
227.61
228.14
228.71
229.27
229.82
230.33
230.8
231.31
231.84
232.35
232.88
233.4
233.91
234.41
234.95
235.47
235.98
236.51
237.01
237.51
238.02
238.51
238.99
239.48
239.99
240.48
240.97
241.47
241.98
242.47
242.96
243.46
243.97
244.48
244.95
245.46
245.97
246.46
246.94
247.44
247.92
248.4
248.88
249.36
249.82
250.28
250.75
251.22
251.73
252.2
252.68
253.18
253.66
254.14
254.62
255.1
255.61
256.09
256.58
257.07
257.57
258.05
258.55
259.03
259.55
260.04
260.53
261.02
261.52
262.0
262.51
263.0
263.5
263.98
264.45
264.92
265.38
265.88
266.37
266.87
267.35
267.84
268.32
268.82
269.31
269.79
270.29
270.76
271.26
271.75
272.24
272.77
273.25
273.74
274.21
274.71
275.22
275.7
276.18
276.66
277.15
277.63
278.12
278.6
279.11
279.59
280.09
280.58
281.07
281.53
282.03
282.51
283.02
283.5
283.98
284.49
284.98
285.46
285.95
286.43
286.94
287.42
287.92
288.43
288.92
289.41
289.89
290.38
290.89
291.36
291.84
292.31
292.8
293.27
293.76
294.25
294.76
295.25
295.75
296.25
296.74
297.26
297.78
298.34
298.89
299.4
299.95
300.55
301.2
301.82
302.42
303.1
303.72
304.5
305.3
306.19
307.15
308.04
308.97
309.88
310.8
311.69
312.59
313.44
314.38
315.25
316.19
317.05
317.99
318.86
319.77
320.62
321.54
322.44
323.31
324.23
325.12
326.0
326.89
327.76
328.69
329.55
330.47
331.35
332.3
333.17
334.1
334.99
335.91
336.83
337.71
338.62
339.45
340.23
340.93
341.62
342.27
342.93
343.59
344.24
344.93
345.59
346.21
346.87
347.58
348.27
348.96
349.65
350.33
351.0
351.64
352.35
353.0
353.65
354.32
355.04
355.68
356.4
357.06
357.74
358.42
359.07
359.67
360.32
360.94
361.53
362.17
362.77
363.41
364.07
364.69
365.33
366.0
366.66
367.27
367.93
368.58
369.26
369.87
370.54
371.15
371.81
372.3
372.84
373.35
373.84
374.35
374.88
375.36
375.88
376.35
376.88
377.38
377.85
378.35
378.85
379.38
379.87
380.34
380.79
381.27
381.73
382.21
382.68
383.14
383.6
384.07
384.54
385.0
385.47
385.93
386.4
386.86
387.31
387.79
388.25
388.71
389.18
389.63
390.09
390.57
391.03
391.5
391.97
392.41
392.89
393.34
393.8
394.27
394.7
395.17
395.62
396.07
396.52
396.98
397.46
397.92
398.38
398.84
399.29
399.76
400.21
400.67
401.12
401.58
402.03
402.49
402.92
403.38
403.84
404.29
404.74
405.19
405.65
406.1
406.55
407.01
407.45
407.9
408.34
408.81
409.27
409.72
410.18
410.64
411.09
411.57
412.01
412.47
412.96
413.45
413.93
414.41
414.86
415.34
415.8
416.27
416.72
417.19
417.64
418.1
418.57
419.03
419.51
419.97
420.43
420.9
421.35
421.82
422.28
422.75
423.19
423.65
