0.6
1.21
1.8
2.38
2.97
3.56
4.15
4.74
5.33
5.91
6.5
7.09
7.67
8.27
8.85
9.44
10.03
10.64
11.21
11.8
12.38
13.0
13.56
14.15
14.73
15.33
15.91
16.51
17.09
17.68
18.26
18.86
19.44
20.04
20.62
21.21
21.79
22.4
22.97
23.56
24.14
24.75
25.34
25.91
26.5
27.11
27.67
28.27
28.85
29.47
30.03
30.62
31.2
31.78
32.38
32.96
33.56
34.17
34.73
35.33
35.91
36.52
37.09
37.68
38.26
38.86
39.44
40.03
40.62
41.22
41.79
42.38
42.97
43.56
44.15
44.73
45.32
45.89
46.5
47.08
47.67
48.26
48.85
49.44
50.03
50.64
51.2
51.8
52.38
52.96
53.55
54.15
54.73
55.33
55.91
56.5
57.09
57.69
58.26
58.85
59.44
60.04
60.61
61.21
61.79
62.39
62.97
63.56
64.14
64.74
65.32
65.92
66.5
67.1
67.67
68.27
68.85
69.45
70.03
70.62
71.2
71.8
72.39
72.97
73.55
74.14
74.73
75.32
75.91
76.51
77.08
77.68
78.26
78.86
79.44
80.03
80.61
81.23
81.79
82.38
82.97
83.56
84.14
84.73
85.32
85.9
86.5
87.09
87.67
88.28
88.85
89.45
90.02
90.64
91.2
91.79
92.38
92.98
93.55
94.14
94.73
95.34
95.91
96.5
97.08
97.7
98.26
98.87
99.44
100.03
100.61
101.21
101.79
102.39
102.97
103.56
104.14
104.75
105.32
105.91
106.5
107.09
107.67
108.26
108.85
109.44
110.03
110.62
111.2
111.8
112.38
112.98
113.56
114.16
114.73
115.33
115.91
116.51
117.08
117.68
118.26
118.86
119.44
120.03
120.62
121.22
121.8
122.4
122.98
123.58
124.15
124.75
125.33
125.93
126.51
127.1
127.68
128.28
128.86
129.44
129.97
