0.0
0.67
1.28
1.92
2.59
3.2
3.86
4.5
5.14
5.78
6.42
7.06
7.73
8.37
9.0
9.63
10.27
10.92
11.55
12.19
12.79
13.43
14.06
14.7
15.36
15.99
16.65
17.29
17.91
18.56
19.21
19.82
20.47
21.13
21.78
22.39
23.04
23.65
24.31
24.94
25.59
26.23
26.89
27.51
28.15
28.79
29.4
30.02
30.71
31.35
31.96
32.6
33.25
33.9
34.52
35.17
35.82
36.44
37.07
37.71
38.33
38.98
39.62
40.25
40.9
41.54
42.19
42.81
43.44
44.08
44.71
45.36
46.0
46.64
47.29
47.91
48.55
49.19
49.82
50.46
51.1
51.75
52.38
53.03
53.66
54.3
54.93
55.57
56.22
56.87
57.52
58.15
58.77
59.41
60.06
60.69
61.32
61.94
62.59
63.24
63.88
64.5
65.15
65.79
66.43
67.06
67.71
68.34
68.99
69.62
70.26
70.9
71.54
72.18
72.8
73.45
74.09
74.72
75.37
76.0
76.64
77.27
77.91
78.55
79.2
79.83
80.48
81.11
81.74
82.37
83.0
83.64
84.3
84.94
85.59
86.22
86.86
87.49
88.12
88.76
89.39
90.03
90.67
91.31
91.94
92.58
93.21
93.87
94.5
95.14
95.79
96.42
97.07
97.7
98.33
98.97
99.62
100.25
100.89
101.54
102.17
102.81
103.45
104.09
104.72
105.37
106.0
106.64
107.27
107.92
108.56
109.19
109.84
110.47
111.11
111.76
112.38
113.03
113.64
114.29
114.92
115.58
116.21
116.84
117.48
118.11
118.77
119.4
120.04
120.68
121.29
121.95
122.59
123.22
123.87
124.5
125.13
125.79
126.43
127.06
127.69
128.34
128.98
129.63
130.25
130.89
131.52
132.16
132.81
133.45
134.07
134.73
135.36
136.01
136.64
137.28
137.9
138.54
139.19
139.82
140.47
141.11
141.76
142.39
143.02
143.66
144.3
144.93
145.56
146.21
146.84
147.49
148.12
148.77
149.4
150.03
150.67
151.32
151.96
152.59
153.22
153.86
154.49
155.12
155.76
156.42
157.06
157.7
158.33
158.96
159.59
160.24
160.87
161.53
162.16
162.8
163.42
164.08
164.71
165.34
165.98
166.64
167.28
167.91
168.55
169.18
169.82
170.45
171.09
171.74
172.35
172.97
173.68
174.38
175.12
175.81
176.5
177.28
178.01
178.79
179.53
180.26
181.06
181.81
182.58
183.33
184.1
184.84
185.58
186.37
187.19
187.95
188.77
189.52
