0.15
0.62
1.1
1.62
2.12
2.65
3.16
3.65
4.15
4.65
5.15
5.65
6.14
6.65
7.16
7.65
8.16
8.65
9.15
9.64
10.12
10.63
11.14
11.64
12.14
12.63
13.13
13.63
14.12
14.62
15.13
15.61
16.11
16.61
17.12
17.61
18.1
18.61
19.1
19.59
20.09
20.59
21.09
21.58
22.08
22.58
23.08
23.57
24.07
24.57
25.07
25.56
26.05
26.57
27.07
27.56
28.07
28.57
29.06
29.56
30.06
30.56
31.05
31.55
32.05
32.55
33.04
33.54
34.01
34.53
35.03
35.53
36.03
36.53
37.03
37.53
38.02
38.52
39.03
39.52
40.02
40.51
41.01
41.51
42.02
42.51
43.01
43.51
44.01
44.5
45.0
45.5
45.99
46.49
46.99
47.48
47.98
48.48
48.97
49.46
49.95
50.48
50.97
51.48
51.98
52.48
52.97
53.47
53.97
54.47
54.97
55.47
55.97
56.46
56.96
57.45
57.96
58.46
58.96
59.46
59.96
60.45
60.94
61.43
61.93
62.45
62.97
63.44
63.94
64.44
64.92
65.41
65.91
66.42
66.93
67.42
67.91
68.41
68.9
69.4
69.9
70.41
70.91
71.4
71.89
72.4
72.88
73.39
73.88
74.39
74.89
75.38
75.88
76.38
76.88
77.38
77.87
78.38
78.88
79.38
79.88
80.38
80.87
81.36
81.84
82.37
82.87
83.37
83.87
84.36
84.86
85.36
85.86
86.35
86.85
87.35
87.84
88.34
88.83
89.32
89.82
90.33
90.83
91.32
91.82
92.32
92.82
93.32
93.81
94.31
94.81
95.31
95.81
96.31
96.8
97.29
97.78
98.28
98.79
99.29
99.79
100.29
100.78
101.29
101.78
102.28
102.78
103.28
103.78
104.28
104.78
105.28
105.79
106.28
106.78
107.27
107.77
108.27
108.77
109.26
109.75
110.25
110.75
111.24
111.75
112.23
112.72
113.22
113.71
114.24
114.73
115.23
115.73
116.24
116.74
117.23
117.73
118.23
118.72
119.22
119.71
120.21
120.71
121.2
121.71
122.21
122.7
123.2
123.7
124.2
124.7
125.19
125.7
126.21
126.72
127.19
127.7
128.2
128.69
129.19
129.68
130.18
130.68
131.17
131.67
132.17
132.67
133.16
133.66
134.17
134.66
135.15
135.65
136.15
136.64
137.14
137.65
138.16
138.67
139.15
139.65
140.15
140.64
141.14
141.64
142.16
142.63
143.12
143.58
144.07
