0.04
0.56
1.08
1.6
2.1
2.63
3.15
3.67
4.18
4.7
5.23
5.74
6.25
6.78
7.3
7.82
8.33
8.85
9.37
9.88
10.4
10.92
11.44
11.96
12.48
13.0
13.51
14.03
14.55
15.07
15.59
16.11
16.63
17.15
17.68
18.18
18.7
19.22
19.74
20.25
20.77
21.29
21.82
22.33
22.85
23.37
23.88
24.4
24.92
25.44
25.97
26.48
27.0
27.51
28.04
28.55
29.06
29.61
30.14
30.67
31.16
31.68
32.2
32.69
33.23
33.74
34.26
34.78
35.3
35.82
36.34
36.85
37.37
37.89
38.41
38.92
39.45
39.95
40.47
40.99
41.51
42.03
42.56
43.08
43.6
44.11
44.63
45.15
45.66
46.18
46.71
47.22
47.76
48.25
48.78
49.29
49.81
50.33
50.85
51.36
51.88
52.4
52.92
53.44
53.95
54.48
54.99
55.51
56.03
56.55
57.07
57.58
58.1
58.62
59.14
59.66
60.17
60.7
61.21
61.73
62.25
62.77
63.29
63.81
64.32
64.84
65.36
65.88
66.41
66.92
67.43
67.96
68.47
69.0
69.51
70.03
70.55
71.07
71.6
72.1
72.62
73.14
73.67
74.16
74.7
75.22
75.74
76.25
76.77
77.29
77.82
78.32
78.84
79.35
79.82
80.35
80.87
81.38
81.91
82.47
83.0
83.51
84.04
84.55
85.07
85.59
86.11
86.62
87.14
87.66
88.18
88.7
89.22
89.73
90.26
90.77
91.29
91.81
92.33
92.84
93.36
93.88
94.41
94.91
95.43
95.99
96.52
97.04
97.57
98.1
98.6
99.06
99.59
100.1
100.63
101.14
101.66
102.18
102.7
103.21
103.73
104.25
104.77
105.29
105.82
106.32
106.85
107.36
107.88
108.4
108.94
109.44
109.96
110.47
111.0
111.51
112.02
112.51
113.05
113.58
114.13
114.65
115.16
115.65
116.18
116.7
117.22
117.73
118.25
118.78
119.3
119.8
120.33
120.84
121.37
121.88
122.4
122.92
123.45
123.96
124.47
124.99
125.52
126.03
126.55
127.07
127.59
128.1
128.61
129.13
129.64
130.18
130.7
131.19
131.71
132.24
132.76
133.28
133.8
134.32
134.84
135.36
135.88
136.39
136.91
137.43
137.95
138.47
138.98
139.51
140.02
140.54
141.06
141.58
142.1
142.62
143.13
143.65
144.17
144.69
145.21
145.73
146.24
146.76
147.28
147.8
148.32
148.84
149.35
149.85
150.39
150.88
151.36
151.85
152.31
152.81
153.27
