0.63
1.31
2.02
2.71
3.34
4.04
4.68
5.37
6.03
6.71
7.37
8.05
8.69
9.38
10.03
10.7
11.35
12.04
12.69
13.37
14.02
14.72
15.36
16.03
16.69
17.37
18.02
18.7
19.35
20.04
20.69
21.37
22.01
22.7
23.36
24.05
24.68
25.37
26.02
26.7
27.35
28.03
28.68
29.36
30.01
30.72
31.35
32.03
32.68
33.37
34.02
34.71
35.35
36.04
36.68
37.36
38.02
38.7
39.35
40.05
40.68
41.39
42.02
42.7
43.34
44.04
44.69
45.36
46.01
46.71
47.35
48.03
48.68
49.36
50.02
50.7
51.34
52.05
52.68
53.36
54.01
54.69
55.35
56.03
56.67
57.38
58.01
58.69
59.34
60.03
60.68
61.36
62.01
62.71
63.35
64.02
64.67
65.37
66.02
66.71
67.34
68.05
68.68
69.37
70.01
70.7
71.33
72.03
72.67
73.37
74.01
74.69
75.34
76.03
76.68
77.37
78.01
78.7
79.35
80.02
80.67
81.36
82.01
82.69
83.34
84.03
84.68
85.35
86.0
86.69
87.34
88.03
88.67
89.36
90.01
90.69
91.34
92.02
92.67
93.35
94.0
94.71
95.34
96.02
96.67
97.35
98.01
98.68
99.34
100.02
100.68
101.35
102.0
102.69
103.34
104.02
104.67
105.37
106.01
106.68
107.33
108.03
108.67
109.35
110.0
110.68
111.34
112.02
112.67
113.35
114.01
114.68
115.33
116.02
116.67
117.35
118.0
118.68
119.34
120.01
120.66
121.35
122.0
122.68
123.33
124.02
124.67
125.35
126.0
126.7
127.34
128.01
128.66
129.35
130.0
130.69
131.33
132.02
132.67
133.35
134.0
134.68
135.32
136.02
136.66
137.35
138.0
138.68
139.33
140.01
140.67
141.36
141.99
142.68
143.33
144.01
144.66
145.34
146.0
146.68
147.32
148.01
148.66
149.34
149.99
150.67
151.33
152.01
152.66
153.36
154.0
154.67
155.32
156.01
156.66
157.34
157.98
158.66
159.3
159.93
160.53
161.14
161.79
