0.04
0.67
1.31
1.94
2.59
3.23
3.87
4.5
5.14
5.78
6.41
7.03
7.67
8.3
8.94
9.57
10.2
10.82
11.46
12.09
12.72
13.34
13.97
14.59
15.22
15.85
16.48
17.1
17.73
18.34
18.98
19.62
20.23
20.88
21.5
22.13
22.76
23.39
24.02
24.64
25.26
25.89
26.52
27.14
27.78
28.41
29.04
29.66
30.28
30.89
31.53
32.15
32.78
33.36
33.71
34.03
34.34
34.65
34.96
35.28
35.58
35.89
36.21
36.53
36.84
37.15
37.46
37.78
38.08
38.39
38.7
39.02
39.33
39.64
39.96
40.29
40.59
40.9
41.21
41.53
41.84
42.14
42.45
42.77
43.08
43.39
43.7
44.02
44.33
44.65
44.96
45.28
45.58
45.89
46.21
46.52
46.83
47.15
47.46
47.79
48.09
48.41
48.72
49.05
49.35
49.67
49.97
50.29
50.59
50.89
51.19
51.5
51.8
52.1
52.42
52.73
53.03
53.33
53.63
53.91
54.2
54.49
54.79
55.08
55.39
55.69
55.99
56.31
56.64
56.95
57.27
57.58
57.89
58.2
58.51
58.83
59.14
59.45
59.76
60.07
60.39
60.71
61.02
61.34
61.65
61.96
62.28
62.59
62.9
63.21
63.52
63.83
64.13
64.45
64.76
65.06
65.38
65.7
66.01
66.32
66.63
66.94
67.25
67.57
67.88
68.19
68.51
68.83
69.14
69.45
69.76
70.08
70.38
70.69
71.01
71.33
71.64
71.95
72.27
72.58
72.89
73.2
73.51
73.82
74.13
74.44
74.75
75.06
75.36
75.67
75.98
76.3
76.61
76.92
77.23
77.54
77.85
78.18
78.5
78.81
79.12
79.44
79.75
80.07
80.38
80.69
81.0
81.32
81.63
81.94
82.25
82.58
82.89
83.19
83.51
83.82
84.13
84.44
84.74
85.05
85.36
85.67
85.98
86.3
86.6
86.92
87.22
87.54
87.85
88.17
88.48
88.8
89.11
89.42
89.73
90.05
90.36
90.67
90.97
91.3
91.62
91.93
92.25
92.58
92.88
93.19
93.5
93.82
94.13
94.44
94.75
95.06
95.38
95.69
96.0
96.31
96.63
96.94
97.25
97.58
97.88
98.19
98.5
98.82
99.13
99.44
99.75
100.05
100.36
100.67
100.98
101.3
101.6
101.91
102.21
102.51
102.83
103.14
103.44
103.76
104.06
104.37
104.68
104.97
105.27
105.58
105.87
106.18
106.47
106.76
107.04
107.35
107.66
107.97
108.29
108.61
108.92
109.23
109.55
109.86
110.16
110.47
110.78
111.1
111.41
111.71
112.02
112.34
112.64
112.96
113.27
113.59
113.89
114.2
114.51
114.83
115.14
115.45
115.75
116.06
116.36
116.67
116.97
117.28
117.59
117.9
118.21
118.52
118.83
119.14
119.45
119.77
120.07
120.38
120.69
121.0
121.31
121.62
121.93
122.25
122.55
122.87
123.19
123.5
123.82
124.13
124.44
124.75
125.05
125.36
125.67
125.98
126.29
126.6
126.91
127.22
127.53
127.85
128.17
128.49
128.8
129.11
129.43
129.75
130.05
130.36
130.68
130.99
131.3
131.6
131.91
132.23
132.54
132.85
133.16
133.49
133.8
134.11
134.43
134.74
135.05
135.35
135.66
135.97
136.29
136.59
136.9
137.22
137.53
137.83
138.15
138.46
138.77
139.08
139.4
139.72
140.04
140.35
140.66
140.98
141.28
141.59
141.9
142.22
142.53
142.84
143.16
143.49
143.8
144.11
144.42
144.74
145.05
145.36
145.66
145.97
146.28
146.59
146.9
147.21
147.53
147.84
148.15
148.48
148.79
149.09
149.4
149.72
150.03
150.34
150.65
150.97
151.27
151.58
151.89
152.21
152.51
152.83
153.13
153.45
153.75
154.06
154.36
154.67
154.96
155.28
155.59
155.89
156.2
156.51
156.83
157.13
157.45
157.75
158.07
158.35
158.65
158.93
159.23
159.52
159.81
160.1
160.38
160.67
160.97
161.27
161.57
161.86
162.17
162.49
162.79
163.11
163.42
163.73
164.04
164.34
164.65
164.96
165.27
165.59
165.9
166.21
166.53
166.84
167.16
167.47
167.78
168.09
168.39
168.7
169.01
169.32
169.63
169.93
170.24
170.54
170.85
171.16
171.47
171.77
172.08
172.41
172.72
173.04
173.36
173.67
173.99
174.3
174.61
174.91
175.22
175.54
175.85
176.16
176.46
176.77
177.08
177.39
177.7
178.01
178.33
178.64
178.96
179.27
179.58
179.9
180.21
180.52
180.83
181.14
181.46
181.78
182.11
182.41
182.72
183.03
183.35
183.66
183.98
184.3
184.62
184.93
185.24
185.56
185.86
186.16
186.46
186.76
187.08
187.39
187.69
188.01
188.34
188.65
188.96
189.27
189.59
189.89
190.2
190.52
190.83
191.13
191.44
191.76
192.08
192.38
192.69
193.0
193.32
193.63
193.94
194.25
194.56
194.86
195.17
195.47
195.78
196.08
196.39
196.7
197.0
197.32
197.63
197.94
198.27
198.57
198.88
199.2
199.51
199.81
200.12
200.43
200.73
201.02
201.33
201.63
201.94
202.25
202.56
202.87
203.18
203.5
203.81
204.12
204.43
204.74
205.04
205.35
205.65
205.95
206.26
206.55
206.87
207.18
207.47
207.77
208.09
208.39
208.71
209.0
209.31
209.61
209.92
210.23
210.54
210.85
211.15
211.45
211.73
212.02
212.29
212.58
212.89
213.19
213.5
213.81
214.13
214.44
214.75
215.06
215.36
215.67
215.99
216.3
216.61
216.92
217.24
217.55
217.86
218.17
218.48
218.8
219.11
219.42
219.74
220.05
220.36
220.67
220.97
221.27
221.56
221.86
222.16
222.46
222.77
223.08
223.39
223.7
224.02
224.33
224.64
224.95
225.25
225.56
225.87
226.18
226.49
226.8
227.11
227.42
227.73
228.04
228.35
228.67
228.98
229.28
229.59
229.9
230.22
230.52
230.83
231.14
231.44
231.74
232.04
232.35
232.65
232.95
233.25
233.57
233.87
234.18
234.48
234.79
235.09
235.39
235.7
236.02
236.32
236.63
236.94
237.25
