0.03
0.69
1.4
2.09
2.77
3.44
4.13
4.83
5.45
6.09
6.7
7.29
7.93
8.51
9.15
9.76
10.37
10.98
11.61
12.22
12.83
13.46
14.06
14.67
15.26
15.89
16.5
17.1
17.73
18.33
18.94
19.55
20.15
20.76
21.4
22.0
22.6
23.21
23.83
24.44
25.04
25.66
26.29
26.91
27.52
28.15
28.75
29.35
29.97
30.6
31.22
31.83
32.43
33.05
33.66
34.26
34.85
35.47
36.08
36.68
37.29
37.9
38.49
39.11
39.7
40.32
40.93
41.55
42.15
42.77
43.39
43.99
44.58
45.21
45.84
46.44
47.06
47.65
48.28
48.89
49.49
50.1
50.73
51.35
51.94
52.54
53.16
53.75
54.35
54.98
55.6
56.2
56.82
57.43
58.05
58.64
59.25
59.86
60.48
61.08
61.69
62.3
62.91
63.5
64.1
64.72
65.34
65.94
66.54
67.17
67.79
68.37
68.97
69.59
70.22
70.82
71.43
72.05
72.63
73.25
73.86
74.46
75.05
75.66
76.3
76.9
77.51
78.12
78.75
79.33
79.92
80.55
81.18
81.8
82.4
83.01
83.65
84.27
84.89
85.5
86.11
86.71
87.32
87.93
88.56
89.16
89.77
90.38
90.98
91.58
92.17
92.79
93.41
94.01
94.63
95.22
95.84
96.45
97.03
97.64
98.26
98.87
99.47
100.08
100.69
101.29
101.89
102.54
103.16
103.76
104.37
104.98
105.6
106.19
106.79
107.44
108.05
108.64
109.25
109.87
110.48
111.08
111.67
112.3
112.93
113.56
114.16
114.79
115.39
115.98
116.6
117.21
117.84
118.46
119.06
119.69
120.32
120.94
121.52
122.16
122.75
123.36
123.97
124.58
125.2
125.82
126.42
127.03
127.64
128.24
128.85
129.46
130.08
130.69
131.31
131.92
132.52
133.13
133.74
134.34
134.95
135.56
136.16
136.79
137.39
138.01
138.62
139.26
139.87
140.49
141.09
141.71
142.35
142.94
143.55
144.15
144.78
145.37
145.98
146.6
147.2
147.8
148.43
149.02
149.62
150.23
150.83
151.42
152.03
152.67
153.29
153.91
154.51
155.14
155.76
156.36
156.96
157.58
158.2
158.79
159.39
160.01
160.61
161.22
161.84
162.46
163.05
163.65
164.27
164.88
165.49
166.12
166.74
167.38
167.98
168.61
169.23
169.83
170.46
171.07
171.7
172.3
172.9
173.53
174.13
174.73
175.37
175.97
176.56
177.19
177.79
178.39
179.02
179.63
180.26
180.87
181.49
182.11
182.71
183.33
183.93
184.55
185.18
185.79
186.39
187.0
187.59
188.24
188.85
189.47
190.07
190.69
191.3
191.93
192.52
193.15
193.79
194.39
195.02
195.63
196.25
196.84
197.44
198.09
198.71
199.3
199.92
200.52
201.13
201.75
202.36
202.97
203.56
204.17
