0.38
0.85
1.31
1.75
2.23
2.69
3.13
3.59
4.05
4.53
5.01
5.5
5.98
6.48
6.97
7.47
7.97
8.46
8.96
9.46
9.96
10.45
10.95
11.44
11.94
12.43
12.93
13.42
13.92
14.42
14.91
15.41
15.9
16.4
16.89
17.39
17.89
18.38
18.89
19.37
19.87
20.37
20.86
21.36
21.85
22.35
22.85
23.34
23.84
24.33
24.83
25.33
25.82
26.32
26.82
27.31
27.8
28.3
28.8
29.29
29.79
30.29
30.78
31.27
31.77
32.27
32.76
33.26
33.75
34.25
34.75
35.24
35.74
36.23
36.73
37.23
37.72
38.22
38.72
39.21
39.7
40.2
40.7
41.19
41.69
42.18
42.68
43.17
43.67
44.17
44.66
45.16
45.65
46.15
46.65
47.14
47.64
48.13
48.63
49.13
49.62
50.12
50.62
51.11
51.61
52.1
52.6
53.09
53.59
54.08
54.58
55.07
55.57
56.07
56.56
57.06
57.56
58.05
58.55
59.04
59.54
60.03
60.54
61.03
61.52
62.02
62.52
63.01
63.5
64.0
64.5
64.99
65.49
65.98
66.48
66.98
67.47
67.97
68.47
68.96
69.46
69.95
70.45
70.94
71.44
71.93
72.43
72.92
73.42
73.91
74.41
74.9
75.4
75.89
76.4
76.88
77.38
77.88
78.38
78.87
79.36
79.86
80.36
80.85
81.35
81.84
82.34
82.84
83.34
83.83
84.33
84.82
85.32
85.81
86.31
86.8
87.3
87.8
88.29
88.79
89.29
89.78
90.28
90.78
91.27
91.77
92.26
92.76
93.25
93.75
94.24
94.74
95.23
95.73
96.23
96.72
97.22
97.71
98.22
98.71
99.2
99.7
100.2
100.69
101.18
101.68
102.18
102.67
103.17
103.67
104.16
104.66
105.15
105.65
106.15
106.64
107.14
107.63
108.13
108.62
109.12
109.62
110.12
110.61
111.1
111.6
112.09
112.59
113.09
113.58
114.08
114.57
115.07
115.57
116.07
116.56
117.05
117.55
118.05
118.54
119.04
119.53
120.03
120.53
121.03
121.52
122.02
122.51
123.01
123.51
124.0
124.49
124.99
125.49
125.99
126.48
126.98
127.47
127.97
128.46
128.96
129.46
129.95
130.45
130.94
131.44
131.94
132.43
132.93
133.42
133.92
134.41
134.91
135.41
135.9
136.4
136.89
137.36
137.82
138.29
138.79
139.26
139.74
140.21
140.71
141.18
141.65
142.1
142.57
143.04
143.53
143.98
144.47
144.96
145.44
145.92
146.4
146.86
