0.04
0.41
0.8
1.18
1.56
1.94
2.31
2.68
3.06
3.45
3.82
4.2
4.58
4.96
5.34
5.71
6.09
6.48
6.86
7.24
7.63
8.01
8.4
8.78
9.16
9.55
9.93
10.33
10.71
11.1
11.49
11.88
12.28
12.71
13.14
13.55
13.97
14.36
14.76
15.16
15.56
15.97
16.37
16.77
17.16
17.56
17.96
18.35
18.74
19.13
19.53
19.93
20.32
20.71
21.12
21.51
21.92
22.31
22.72
23.11
23.51
23.9
24.29
24.7
25.11
25.54
25.96
26.38
26.8
27.2
27.6
28.03
28.42
28.85
29.25
29.66
30.04
30.43
30.82
31.21
31.61
32.02
32.42
32.81
33.22
33.62
34.02
34.41
34.81
35.2
35.6
35.99
36.38
36.77
37.17
37.57
37.99
38.42
38.84
39.26
39.67
40.07
40.48
40.89
41.28
41.7
42.1
42.5
42.9
43.3
43.7
44.09
44.49
44.89
45.29
45.7
46.09
46.5
46.89
47.29
47.68
48.08
48.5
48.89
49.3
49.69
50.1
50.48
50.91
51.33
51.75
52.17
52.6
53.0
53.42
53.82
54.22
54.63
55.05
55.46
55.87
56.28
56.69
57.11
57.5
57.91
58.35
58.76
59.17
59.59
60.0
60.41
60.81
61.22
61.65
62.07
62.49
62.89
63.3
63.71
64.11
64.53
64.96
65.37
65.8
66.2
66.6
67.01
67.41
67.82
68.22
68.62
69.03
69.42
69.83
70.23
70.64
71.04
71.45
71.84
72.25
72.65
73.06
73.46
73.87
74.26
74.67
75.07
75.49
75.89
76.29
76.69
77.11
77.5
77.91
78.31
78.71
79.11
79.51
79.89
80.27
80.68
81.09
81.48
81.85
82.26
82.65
83.06
83.47
83.87
84.29
84.7
85.1
85.51
85.9
86.29
86.69
87.1
87.53
87.94
88.34
88.74
89.13
89.54
89.94
90.36
90.77
91.19
91.61
92.02
92.41
92.82
93.24
93.66
94.08
94.5
94.9
95.32
95.71
96.11
96.51
96.93
97.35
97.76
98.18
98.59
99.0
99.41
99.83
100.24
100.66
101.08
101.5
101.89
102.28
102.7
103.11
103.51
103.93
104.35
104.76
105.16
105.56
105.98
106.4
106.79
107.19
107.6
108.0
108.39
108.8
109.2
109.6
109.99
110.39
110.8
111.2
111.59
111.99
112.38
112.78
113.17
113.57
113.99
114.39
114.78
115.18
115.58
115.98
116.36
116.75
117.15
117.56
117.96
118.34
118.73
119.13
119.53
119.96
120.35
120.76
121.16
121.55
121.94
122.35
122.74
123.16
123.56
123.99
124.4
124.78
125.16
125.56
125.96
126.39
126.78
127.21
127.6
128.0
128.39
128.8
129.2
129.61
130.01
130.43
130.82
131.22
131.61
132.0
132.4
132.8
133.19
133.59
133.99
134.39
134.78
135.18
135.58
135.97
136.37
136.77
137.18
137.58
137.99
138.4
138.8
139.21
139.61
140.02
140.42
140.8
141.21
141.61
142.01
142.41
142.81
143.21
143.61
144.0
144.4
144.79
145.19
145.59
146.0
146.4
146.78
147.19
147.61
148.01
148.42
148.84
149.26
149.67
150.08
150.48
150.89
151.29
151.71
152.13
152.54
152.95
153.35
153.74
154.14
154.53
154.95
155.38
155.81
156.21
156.63
157.03
157.45
157.87
158.3
158.72
159.14
159.54
159.94
160.35
160.74
161.17
161.6
162.02
162.45
162.86
163.26
163.65
164.07
164.48
164.91
165.31
165.75
166.19
166.62
167.04
167.46
167.88
168.31
168.72
169.15
169.57
169.99
170.38
170.78
171.18
171.58
171.99
172.4
172.8
173.21
173.61
174.02
174.43
174.84
175.25
175.66
176.06
176.47
176.87
177.27
177.67
178.08
178.5
178.9
179.31
179.72
180.12
180.53
180.94
181.34
181.75
182.17
182.57
182.96
183.38
183.78
184.18
184.61
185.02
185.45
185.87
186.29
186.7
187.12
187.54
187.96
188.37
188.79
189.2
189.62
190.04
190.46
190.88
191.3
191.71
192.13
192.54
192.96
193.38
193.8
194.22
194.64
195.06
195.48
195.91
196.32
196.73
197.16
197.62
198.1
198.56
198.97
199.37
199.78
200.18
200.59
201.0
201.42
201.85
202.26
202.7
203.11
203.51
203.93
204.34
204.78
205.22
205.65
206.07
206.48
206.89
207.32
207.73
208.17
208.6
209.02
209.45
209.85
210.26
210.68
211.09
211.52
211.96
212.38
212.8
213.21
213.63
214.04
214.46
214.91
215.34
215.78
216.19
216.59
217.0
217.43
217.84
218.27
218.72
219.14
219.57
219.99
220.39
220.81
221.24
221.64
222.06
222.49
222.94
223.37
223.79
224.21
224.65
225.09
225.52
225.93
