0.03
0.56
1.09
1.62
2.15
2.69
3.22
3.75
4.28
4.81
5.34
5.87
6.4
6.92
7.47
7.99
8.5
9.05
9.58
10.11
10.63
11.17
11.71
12.23
12.76
13.3
13.82
14.36
14.89
15.42
15.95
16.48
17.02
17.55
18.08
18.61
19.14
19.67
20.21
20.73
21.25
21.79
22.34
22.86
23.39
23.92
24.46
24.98
25.49
26.04
26.57
27.11
27.63
28.16
28.7
29.23
29.75
30.29
30.81
31.35
31.88
32.41
32.95
33.48
34.01
34.54
35.07
35.6
36.13
36.66
37.22
37.72
38.24
38.78
39.33
39.85
40.38
40.91
41.45
41.97
42.48
43.03
43.56
44.1
44.62
45.16
45.69
46.22
46.74
47.28
47.8
48.34
48.88
49.4
49.94
50.47
51.0
51.53
52.06
52.59
53.12
53.65
54.21
54.71
55.23
55.77
56.32
56.84
57.38
57.9
58.45
58.96
59.48
60.02
60.55
61.09
61.61
62.15
62.68
63.21
63.74
64.27
64.79
65.33
65.87
66.39
66.93
67.46
67.99
68.52
69.05
69.58
70.11
70.64
71.18
71.7
72.23
72.76
73.28
73.83
74.37
74.89
75.44
75.95
76.47
77.01
77.55
78.08
78.6
79.14
79.67
80.2
80.73
81.26
81.78
82.32
82.86
83.39
83.92
84.45
84.98
85.51
86.05
86.57
87.11
87.63
88.19
88.69
89.22
89.76
90.3
90.82
91.36
91.88
92.43
92.94
93.46
94.01
94.54
95.07
95.59
96.13
96.66
97.19
97.72
98.25
98.77
99.32
99.85
100.38
100.91
101.44
101.97
102.5
103.04
103.56
104.1
104.62
105.17
105.68
106.21
106.75
107.3
107.81
108.35
108.87
109.42
109.93
110.45
111.0
111.52
112.06
112.58
113.12
113.65
114.18
114.71
115.24
115.76
116.31
116.84
117.37
117.9
118.43
118.96
119.49
120.03
120.56
121.09
121.62
122.15
122.67
123.2
123.74
124.29
124.8
125.34
125.86
126.41
126.93
127.44
127.99
128.52
129.05
129.57
130.11
130.65
131.17
131.7
132.23
132.76
133.3
133.83
134.36
134.89
135.42
135.96
136.48
137.01
137.55
138.08
138.61
139.16
139.67
140.19
140.73
141.28
141.79
142.33
142.85
143.4
143.92
144.43
144.98
145.51
146.04
146.56
147.1
147.64
148.16
148.69
149.22
149.74
150.29
150.82
151.35
151.88
152.41
152.95
153.47
154.01
154.54
155.07
155.6
156.15
156.66
157.18
157.72
158.27
158.78
159.32
159.86
160.43
161.01
161.57
162.12
162.67
163.19
