0.0
0.48
0.95
1.43
1.92
2.39
2.86
3.34
3.81
4.28
4.75
5.23
5.7
6.17
6.64
7.12
7.58
8.06
8.53
9.01
9.48
9.95
10.42
10.9
11.37
11.83
12.31
12.79
13.26
13.73
14.2
14.68
15.15
15.62
16.09
16.56
17.04
17.51
17.98
18.45
18.93
19.4
19.87
20.34
20.81
21.29
21.76
22.23
22.71
23.18
23.65
24.12
24.59
25.07
25.54
26.01
26.49
26.96
27.43
27.9
28.37
28.85
29.32
29.79
30.27
30.74
31.21
31.68
32.15
32.63
33.1
33.57
34.04
34.52
34.99
35.46
35.93
36.41
36.88
37.35
37.82
38.3
38.77
39.24
39.71
40.19
40.66
41.13
41.6
42.08
42.55
43.02
43.49
43.97
44.44
44.91
45.38
45.86
46.33
46.8
47.27
47.75
48.22
48.69
49.16
49.64
50.11
50.58
51.05
51.52
52.0
52.47
52.94
53.41
53.89
54.36
54.83
55.3
55.78
56.25
56.72
57.19
57.67
58.14
58.61
59.08
59.56
60.04
60.5
60.97
61.44
61.92
62.39
62.86
63.33
63.81
64.28
64.75
65.22
65.7
66.17
66.64
67.11
67.59
68.06
68.53
69.0
69.48
69.95
70.42
70.89
71.37
71.84
72.31
72.78
73.26
73.73
74.2
74.67
75.15
75.63
76.1
76.57
77.04
77.51
77.98
78.45
78.93
79.4
79.87
80.34
80.82
81.29
81.76
82.23
82.71
83.18
83.65
84.12
84.6
85.07
85.54
86.01
86.49
86.96
87.43
87.9
88.38
88.85
89.32
89.79
90.27
90.74
91.21
91.68
92.16
92.63
93.1
93.57
94.05
94.52
94.99
95.46
95.93
96.41
96.88
97.35
97.82
98.3
98.77
99.24
99.71
100.19
100.66
101.13
101.6
102.08
102.55
103.02
103.49
103.96
104.44
104.91
105.38
105.85
106.33
106.8
107.28
107.75
108.23
108.69
109.17
109.64
110.11
110.58
111.06
111.53
112.0
112.47
112.95
113.42
113.89
114.36
114.84
115.31
115.78
116.25
116.72
117.19
117.67
118.14
118.61
119.08
119.56
120.03
120.5
120.97
121.45
121.92
122.39
122.86
123.34
123.81
124.28
124.76
125.23
125.7
126.17
126.64
127.12
127.59
128.06
128.53
129.01
129.48
129.95
130.43
130.89
131.37
131.84
132.31
132.79
133.26
133.73
134.2
134.67
135.15
135.62
136.09
136.56
137.04
137.51
137.98
138.45
138.93
139.4
139.87
140.34
140.82
141.29
141.76
142.23
142.71
143.18
143.65
144.12
144.6
145.07
145.54
146.01
146.48
146.96
147.43
147.9
148.38
148.85
149.32
149.79
150.27
150.74
151.21
151.68
152.15
152.63
153.1
153.57
154.04
154.52
154.99
155.46
155.93
156.41
156.88
157.35
157.82
158.3
158.77
159.24
159.71
160.19
160.66
161.13
161.6
162.08
162.55
163.03
163.5
163.97
164.44
164.92
165.39
165.86
166.33
166.8
167.28
167.75
168.22
168.69
169.17
169.64
170.11
170.61
171.07
171.57
172.03
172.52
173.01
173.49
