0.05
0.54
1.05
1.54
2.04
2.54
3.04
3.54
4.04
4.54
5.04
5.54
6.05
6.55
7.05
7.55
8.05
8.54
9.05
9.54
10.05
10.54
11.04
11.54
12.04
12.54
13.04
13.54
14.05
14.54
15.05
15.55
16.05
16.54
17.05
17.55
18.05
18.55
19.05
19.55
20.05
20.55
21.05
21.55
22.06
22.57
23.07
23.57
24.05
24.55
25.05
25.55
26.05
26.55
27.05
27.55
28.05
28.55
29.05
29.55
30.05
30.55
31.05
31.55
32.06
32.55
33.05
33.55
34.05
34.55
35.05
35.55
36.05
36.55
37.05
37.55
38.06
38.55
39.07
39.56
40.06
40.55
41.05
41.55
42.06
42.55
43.05
43.55
44.06
44.55
45.06
45.56
46.06
46.56
47.06
47.56
48.07
48.56
49.06
49.56
50.06
50.56
51.06
51.56
52.06
52.56
53.06
53.56
54.07
54.57
55.08
55.57
56.07
56.57
57.07
57.56
58.07
58.56
59.07
59.57
60.07
60.56
61.07
61.57
62.07
62.57
63.07
63.57
64.08
64.57
65.07
65.57
66.07
66.57
67.07
67.57
68.07
68.57
69.07
69.57
70.08
70.59
71.09
71.58
72.08
72.57
73.07
73.57
74.07
74.57
75.07
75.57
76.07
76.57
77.07
77.57
78.08
78.59
79.09
79.57
80.08
80.57
81.07
81.57
82.08
82.57
83.07
83.57
84.08
84.57
85.07
85.58
86.08
86.58
87.08
87.58
88.08
88.58
89.08
89.58
90.08
90.57
91.07
91.58
92.08
92.58
93.08
93.58
94.08
94.58
95.08
95.58
96.09
96.58
97.08
97.58
98.08
98.58
99.08
99.58
100.09
100.58
101.08
101.58
102.09
102.61
103.11
103.59
104.09
104.59
105.09
105.59
106.09
106.59
107.09
107.59
108.09
108.59
109.09
109.59
110.09
110.59
111.09
111.59
112.1
112.59
113.09
113.59
114.1
114.59
115.09
115.59
116.1
116.59
117.09
117.59
118.1
118.61
119.12
119.6
120.09
120.59
121.09
121.59
122.1
122.59
123.1
123.6
124.1
124.59
125.1
125.6
126.1
126.6
127.1
127.6
128.1
128.6
129.1
129.6
130.1
130.6
131.09
131.6
132.1
132.6
133.1
133.6
134.11
134.62
135.12
135.61
136.11
136.65
137.17
137.69
138.17
138.65
139.13
139.61
140.09
