0.57
1.23
1.86
2.47
3.11
3.72
4.32
4.93
5.57
6.18
6.78
7.38
8.02
8.63
9.23
9.84
10.48
11.09
11.69
12.3
12.93
13.54
14.15
14.75
15.39
16.0
16.6
17.21
17.84
18.45
19.06
19.66
20.3
20.91
21.51
22.12
22.75
23.36
23.97
24.58
25.21
25.81
26.42
27.03
27.66
28.27
28.88
29.48
30.11
30.72
31.33
31.94
32.58
33.18
33.79
34.39
35.03
35.64
36.24
36.85
37.49
38.09
38.7
39.3
39.94
40.54
41.15
41.76
42.4
43.0
43.61
44.22
44.85
45.46
46.06
46.67
47.31
47.91
48.52
49.12
49.76
50.37
50.97
51.58
52.22
52.82
53.43
54.04
54.67
55.28
55.88
56.49
57.12
57.74
58.34
58.95
59.58
60.19
60.79
61.4
62.04
62.64
63.25
63.85
64.49
65.1
65.7
66.31
66.95
67.56
68.16
68.77
69.4
70.01
70.62
71.22
71.86
72.47
73.07
73.68
74.31
74.92
75.53
76.13
76.77
77.38
77.98
78.59
79.22
79.83
80.43
81.05
81.68
82.29
82.89
83.5
84.13
84.74
85.35
85.96
86.59
87.19
87.8
88.41
89.04
89.65
90.26
90.87
91.5
92.1
92.71
93.32
93.96
94.56
95.17
95.78
96.41
97.02
97.62
98.23
98.87
99.47
100.08
100.69
101.32
101.93
102.53
103.14
103.78
104.38
104.99
105.6
106.23
106.83
107.45
108.05
108.69
109.29
109.9
110.51
111.14
111.75
112.35
112.96
113.6
114.2
114.81
115.42
116.05
116.66
117.27
117.87
118.51
119.12
119.72
120.33
120.96
121.57
122.18
122.78
123.42
124.03
124.63
125.24
125.87
126.48
127.09
127.69
128.33
128.94
129.54
130.15
130.78
131.39
132.0
132.6
133.24
133.85
134.45
135.06
135.7
136.3
136.91
137.51
138.15
138.76
139.36
139.97
140.61
141.21
141.82
142.42
143.06
143.67
144.28
144.88
145.51
146.12
146.73
147.34
147.97
148.58
149.18
149.79
150.42
151.03
151.64
152.24
152.88
153.48
154.09
154.7
155.33
155.94
156.55
157.16
157.79
158.39
159.0
159.61
160.24
160.85
161.46
162.07
162.7
163.3
163.92
164.52
165.15
165.76
166.37
166.98
167.61
168.22
168.83
169.43
170.05
170.65
171.23
171.82
