0.52
1.08
1.63
2.18
2.71
3.26
3.79
4.32
4.86
5.4
5.94
6.45
7.0
7.56
8.09
8.6
9.14
9.67
10.21
10.74
11.28
11.82
12.36
12.89
13.43
13.96
14.5
15.04
15.58
16.11
16.65
17.18
17.72
18.26
18.79
19.33
19.87
20.4
20.94
21.47
22.01
22.55
23.09
23.62
24.16
24.7
25.23
25.77
26.3
26.84
27.38
27.91
28.45
28.99
29.53
30.06
30.6
31.14
31.67
32.2
32.74
33.28
33.82
34.35
34.89
35.43
35.96
36.5
37.03
37.57
38.11
38.64
39.18
39.72
40.25
40.79
41.33
41.86
42.4
42.94
43.48
44.01
44.55
45.08
45.62
46.16
46.7
47.23
47.77
48.31
48.84
49.37
49.91
50.45
50.99
51.53
52.06
52.6
53.13
53.66
54.21
54.74
55.28
55.81
56.35
56.89
57.43
57.96
58.52
59.06
59.6
60.11
60.64
61.18
61.72
62.25
62.79
63.32
63.86
64.39
64.93
65.47
66.01
66.54
67.08
67.61
68.15
68.69
69.22
69.76
70.3
70.83
71.37
71.91
72.44
72.98
73.53
74.07
74.6
75.13
75.67
76.21
76.75
77.26
77.81
78.35
78.88
79.39
79.95
80.49
81.03
81.56
82.1
82.64
83.17
83.7
84.25
84.78
85.32
85.84
86.39
86.94
87.46
88.0
88.54
89.09
89.61
90.14
90.68
91.22
91.76
92.29
92.82
93.37
93.88
94.44
94.98
95.51
96.05
96.58
97.12
97.65
98.2
98.73
99.27
99.81
100.34
100.87
101.41
101.95
102.48
103.02
103.56
104.1
104.63
105.16
105.71
106.24
106.78
107.31
107.85
108.39
108.92
109.45
110.02
110.56
111.1
111.6
112.14
112.67
113.21
113.75
114.29
114.82
115.36
115.89
116.43
116.97
117.51
118.04
118.58
119.11
119.65
120.19
120.72
121.26
121.8
122.33
122.87
123.41
123.94
124.47
125.01
125.55
126.09
126.62
127.16
127.7
128.24
128.77
129.31
129.85
130.38
130.91
131.46
131.99
132.53
133.06
133.6
134.14
134.68
135.2
135.75
136.28
136.82
137.35
137.9
138.44
138.97
139.5
140.04
140.58
141.12
141.66
142.25
142.82
143.39
143.97
144.52
145.13
145.68
146.28
146.87
147.44
148.01
148.63
149.28
149.91
150.55
151.22
151.83
152.5
153.11
153.78
154.42
155.03
155.7
156.34
