0.63
1.27
1.91
2.52
3.15
3.79
4.44
5.05
5.68
6.32
6.95
7.57
8.21
8.84
9.48
10.1
10.73
11.37
12.0
12.62
13.26
13.89
14.53
15.15
15.78
16.42
17.05
17.67
18.31
18.94
19.58
20.2
20.83
21.47
22.1
22.73
23.36
23.99
24.64
25.25
25.89
26.52
27.16
27.78
28.42
29.04
29.69
30.31
30.94
31.57
32.21
32.83
33.47
34.1
34.74
35.36
35.99
36.62
37.26
37.89
38.52
39.15
39.79
40.41
41.04
41.67
42.31
42.94
43.57
44.2
44.84
45.46
46.09
46.73
47.36
47.99
48.62
49.25
49.89
50.51
51.14
51.78
52.41
53.04
53.67
54.3
54.94
55.56
56.19
56.83
57.47
58.09
58.72
59.35
59.99
60.61
61.25
61.88
62.52
63.15
63.78
64.4
65.05
65.67
66.3
66.93
67.57
68.19
68.83
69.45
70.1
70.72
71.35
71.98
72.62
73.25
73.88
74.51
75.15
75.77
76.4
77.03
77.67
78.29
78.93
79.56
80.2
80.82
81.45
82.08
82.72
83.35
83.99
84.61
85.25
85.87
86.5
87.14
87.77
88.4
89.03
89.66
90.3
90.93
91.56
92.19
92.82
93.45
94.08
94.71
95.36
95.98
96.61
97.24
97.88
98.5
99.14
99.76
100.41
101.03
101.66
102.29
102.93
103.55
104.2
104.82
105.46
106.09
106.73
107.36
107.99
108.62
109.25
109.88
110.51
111.14
111.78
112.41
113.03
113.67
114.31
114.94
115.56
116.2
116.84
117.46
118.1
118.72
119.36
119.99
120.62
121.25
121.88
122.51
123.14
123.76
124.39
125.02
125.67
126.29
126.92
127.56
128.19
128.81
129.45
130.08
130.72
131.34
131.97
132.6
133.24
133.86
134.5
135.13
135.77
136.39
137.02
137.66
138.29
138.91
139.55
140.18
140.82
141.44
142.07
142.7
143.34
143.97
144.6
145.23
145.87
146.49
147.12
147.76
148.39
149.02
149.65
150.28
150.92
151.55
152.18
152.81
153.45
154.07
154.7
155.33
155.98
156.6
157.23
157.86
158.5
159.12
159.76
160.38
161.03
161.65
162.28
162.91
163.55
164.2
164.82
165.46
166.12
166.76
167.41
168.02
168.69
169.3
169.97
170.58
171.24
171.86
172.5
173.17
173.78
174.45
175.07
