0.03
0.39
0.72
1.07
1.41
1.75
2.1
2.44
2.79
3.14
3.48
3.83
4.17
4.51
4.86
5.2
5.55
5.9
6.24
6.59
6.93
7.27
7.62
7.96
8.31
8.65
9.0
9.35
9.69
10.03
10.38
10.73
11.07
11.41
11.76
12.1
12.46
12.79
13.14
13.48
13.81
14.16
14.51
14.86
15.21
15.55
15.91
16.24
16.59
16.93
17.27
17.62
17.97
18.31
18.66
19.0
19.32
19.68
20.03
20.38
20.73
21.07
21.42
21.76
22.1
22.44
22.79
23.13
23.48
23.82
24.17
24.52
24.86
25.2
25.55
25.89
26.24
26.58
26.93
27.28
27.62
27.97
28.31
28.65
29.0
29.34
29.69
30.03
30.38
30.72
31.07
31.42
31.76
32.1
32.45
32.8
33.14
33.48
33.82
34.17
34.52
34.86
35.2
35.55
35.89
36.24
36.58
36.93
37.27
37.62
37.96
38.31
38.65
39.01
39.34
39.69
40.03
40.38
40.72
41.07
41.41
41.76
42.1
42.45
42.79
43.13
43.48
43.83
44.17
44.52
44.86
45.2
45.55
45.89
46.24
46.58
46.93
47.27
47.62
47.96
48.31
48.65
49.0
49.34
49.69
50.03
50.38
50.72
51.07
51.41
51.76
52.1
52.45
52.8
53.13
53.48
53.83
54.17
54.52
54.86
55.21
55.55
55.89
56.24
56.58
56.93
57.27
57.62
57.96
58.32
58.65
59.0
59.34
59.68
60.03
60.38
60.72
61.07
61.41
61.76
62.1
62.44
62.79
63.14
63.48
63.82
64.16
64.52
64.86
65.21
65.56
65.9
66.24
66.58
66.93
67.27
67.62
67.96
68.31
68.65
69.0
69.34
69.69
70.03
70.38
70.72
71.07
71.41
71.76
72.1
72.45
72.79
73.14
73.48
73.83
74.17
74.51
74.86
75.21
75.55
75.9
76.24
76.58
76.93
77.27
77.62
77.96
78.31
78.65
78.99
79.34
79.69
80.03
80.37
80.72
81.06
81.41
81.75
82.1
82.45
82.79
83.14
83.48
83.82
84.17
84.51
84.86
85.2
85.55
85.89
86.24
86.59
86.93
87.27
87.63
87.97
88.31
88.65
89.0
89.34
89.69
90.03
90.38
90.72
91.07
91.41
91.76
92.1
92.45
92.79
93.14
93.48
93.83
94.17
94.52
94.86
95.21
95.55
95.89
96.24
96.58
96.93
97.27
97.62
97.96
98.31
98.66
99.0
99.34
99.69
100.03
100.38
100.72
101.07
101.41
101.76
102.1
102.47
102.8
103.14
103.49
103.83
104.17
104.52
104.86
105.2
105.55
105.89
106.24
106.59
106.93
107.27
107.62
107.97
108.31
108.65
109.0
109.34
109.69
110.04
110.38
110.72
111.07
111.41
111.76
112.1
112.45
112.79
113.13
113.48
113.83
114.17
114.52
114.86
115.21
115.55
115.9
116.24
116.59
116.93
117.28
117.62
117.96
118.31
118.65
119.0
119.35
119.69
120.03
120.37
120.72
121.07
121.42
121.76
122.1
122.44
122.79
123.13
123.48
123.82
124.17
124.52
124.86
125.21
125.55
125.89
126.24
126.58
126.93
127.28
127.62
127.96
128.31
128.65
129.0
129.34
129.69
130.03
130.38
130.73
131.07
131.41
131.77
132.11
132.46
132.78
133.12
133.46
133.79
134.11
134.43
134.74
135.06
135.39
135.7
136.03
136.35
136.67
136.98
137.31
137.63
137.94
138.27
138.59
138.91
139.22
139.55
139.87
140.18
140.5
140.83
141.14
141.46
141.79
142.11
142.42
142.74
143.07
143.38
143.7
144.03
144.34
144.67
144.98
145.31
145.62
145.95
