0.4
0.89
1.37
1.85
2.32
2.82
3.29
3.75
4.21
4.67
5.13
5.59
6.05
6.51
6.97
7.44
7.88
8.36
8.82
9.28
9.73
10.21
10.67
11.12
11.58
12.05
12.5
12.98
13.42
13.9
14.34
14.82
15.27
15.75
16.19
16.67
17.12
17.59
18.04
18.51
18.96
19.44
19.89
20.36
20.81
21.28
21.73
22.21
22.65
23.13
23.58
24.05
24.53
24.98
25.44
25.91
26.36
26.83
27.28
27.76
28.21
28.68
29.13
29.6
30.05
30.53
30.98
31.45
31.9
32.37
32.82
33.29
33.74
34.22
34.66
35.14
35.59
36.06
36.51
36.99
37.43
37.91
38.36
38.83
39.28
39.76
40.21
40.68
41.14
41.6
42.06
42.52
42.99
43.45
43.91
44.37
44.83
45.3
45.76
46.23
46.69
47.14
47.6
48.06
48.51
48.99
49.44
49.91
50.36
50.83
51.28
51.76
52.21
52.68
53.13
53.6
54.05
54.52
54.97
55.45
55.9
56.37
56.82
57.29
57.74
58.21
58.67
59.14
59.59
60.06
60.51
60.99
61.44
61.91
62.36
62.83
63.28
63.76
64.2
64.68
65.13
65.6
66.05
66.53
66.97
67.45
67.9
68.37
68.84
69.3
69.76
70.19
70.65
71.11
71.58
72.04
72.5
72.96
73.42
73.88
74.35
74.81
75.27
75.73
76.19
76.66
77.12
77.58
78.04
78.5
78.96
79.42
79.88
80.35
80.81
81.27
81.73
82.19
82.65
83.11
83.58
84.04
84.5
84.97
85.43
85.89
86.35
86.81
87.27
87.73
88.2
88.66
89.12
89.58
90.03
90.5
90.97
91.43
91.89
92.35
92.81
93.28
93.74
94.2
94.65
95.12
95.58
96.05
96.5
96.97
97.43
97.89
98.34
98.82
99.27
99.74
100.19
100.66
101.12
101.59
102.04
102.51
102.96
103.43
103.88
104.36
104.81
105.28
105.73
106.2
106.65
107.12
107.57
108.05
108.51
108.97
109.42
109.89
110.34
110.82
111.28
111.74
112.2
112.66
113.11
113.59
114.03
114.51
114.96
115.43
115.88
116.35
116.81
117.28
117.73
118.2
118.66
119.12
119.57
120.05
120.5
120.97
121.42
121.89
122.34
122.82
123.26
123.74
124.19
124.66
125.11
125.59
126.03
126.51
126.96
127.43
127.88
128.35
128.8
129.28
129.73
130.2
130.65
131.12
131.57
132.05
132.5
132.97
133.42
133.89
134.34
134.82
135.26
135.69
136.09
136.56
137.01
137.44
137.92
138.39
138.87
139.35
139.85
140.33
140.79
141.29
141.77
142.23
