0.03
0.48
0.95
1.41
1.87
2.33
2.8
3.25
3.72
4.18
4.64
5.1
5.57
6.01
6.49
6.94
7.41
7.87
8.33
8.79
9.27
9.73
10.19
10.63
11.1
11.56
12.02
12.48
12.95
13.41
13.87
14.34
14.8
15.28
15.72
16.2
16.66
17.11
17.56
18.04
18.49
18.95
19.4
19.87
20.32
20.8
21.25
21.72
22.18
22.64
23.11
23.57
24.03
24.49
24.95
25.41
25.87
26.34
26.8
27.26
27.72
28.18
28.64
29.1
29.57
30.03
30.49
30.95
31.41
31.88
32.34
32.8
33.26
33.72
34.18
34.64
35.1
35.57
36.03
36.49
36.95
37.41
37.88
38.34
38.8
39.26
39.72
40.18
40.64
41.11
41.57
42.03
42.49
42.95
43.42
43.88
44.34
44.8
45.26
45.72
46.19
46.65
47.11
47.57
48.03
48.49
48.95
49.41
49.87
50.33
50.8
51.27
51.72
52.18
52.64
53.1
53.56
54.03
54.49
54.95
55.41
55.87
56.33
56.8
57.26
57.72
58.19
58.64
59.1
59.56
60.03
60.49
60.95
61.41
61.87
62.33
62.8
63.26
63.72
64.18
64.64
65.1
65.54
66.02
66.49
66.95
67.41
67.88
68.34
68.8
69.26
69.72
70.18
70.64
71.11
71.57
72.05
72.51
72.95
73.43
73.87
74.33
74.8
75.26
75.72
76.18
76.64
77.11
77.57
78.03
78.49
78.96
79.45
79.92
80.37
80.81
81.26
81.72
82.18
82.64
83.11
83.57
84.03
84.49
84.95
85.41
85.87
86.34
86.8
87.26
87.72
88.18
88.64
89.1
89.57
90.03
90.49
90.95
91.41
91.87
92.34
92.79
93.26
93.72
94.19
94.64
95.11
95.56
96.03
96.49
96.95
97.41
97.87
98.34
98.8
99.26
99.72
100.18
100.65
101.11
101.57
102.03
102.49
102.95
103.41
103.88
104.34
104.8
105.26
105.72
106.19
106.64
107.11
107.56
108.03
108.49
108.94
109.4
109.88
110.35
110.8
111.26
111.72
112.18
112.64
113.1
113.57
114.03
114.49
114.95
115.41
115.87
116.33
116.8
117.27
117.72
118.19
118.64
119.1
119.57
120.03
120.49
120.95
121.41
121.87
122.33
122.79
123.26
123.71
124.18
124.63
125.09
125.56
126.03
126.49
126.95
127.41
127.88
128.34
128.8
129.26
129.72
130.18
130.65
131.1
131.57
132.03
132.49
132.95
133.41
133.87
134.34
134.8
135.26
135.72
136.18
136.64
137.1
137.57
138.03
138.49
138.95
139.42
139.88
140.33
140.8
141.26
141.72
142.18
142.64
143.11
143.57
144.03
144.49
144.95
145.41
145.87
146.33
146.8
147.26
147.72
148.18
148.64
149.1
149.56
150.03
150.49
150.95
151.41
151.87
152.33
152.79
153.25
153.72
154.18
154.64
155.12
155.59
156.06
156.54
157.0
157.47
157.94
158.41
158.88
159.35
159.82
160.29
160.76
161.22
161.69
162.16
