0.04
0.89
1.75
2.62
3.46
4.32
5.18
6.04
6.9
7.67
8.46
9.19
10.0
10.77
11.54
12.29
13.04
13.83
14.58
15.37
16.14
16.91
17.51
18.13
18.77
19.39
20.02
20.59
21.19
21.79
22.42
23.01
23.59
24.2
24.81
25.41
25.99
26.49
26.97
27.45
27.92
28.39
28.87
29.37
29.85
30.32
30.81
31.28
31.73
32.22
32.65
33.04
33.45
33.88
34.27
34.7
35.11
35.52
35.94
36.37
36.78
37.19
37.61
38.01
38.41
38.85
39.29
39.71
40.1
40.53
40.94
41.32
41.74
42.13
42.53
42.94
43.36
43.77
44.19
44.6
45.01
45.42
45.83
46.23
46.65
47.06
47.47
47.88
48.29
48.7
49.11
49.51
49.92
50.33
50.73
51.15
51.55
51.96
52.36
52.76
53.16
53.57
53.98
54.39
54.8
55.21
55.62
56.03
56.44
56.83
57.2
57.58
57.95
58.32
58.68
59.05
59.45
59.86
60.27
60.67
61.05
61.45
61.82
62.2
62.56
62.92
63.29
63.69
64.1
64.5
64.89
65.26
65.64
66.0
66.38
66.75
67.1
67.47
67.87
68.28
68.68
69.07
69.44
69.83
70.21
70.58
70.95
71.33
71.71
72.12
72.53
72.95
73.35
73.77
74.17
74.58
75.0
75.39
75.8
76.22
76.63
77.03
77.42
77.82
78.22
78.62
79.04
79.45
79.86
80.26
80.66
81.06
81.47
81.89
82.31
82.71
83.11
83.51
83.91
84.31
84.7
85.1
85.51
85.92
86.32
86.72
87.12
87.52
87.93
88.34
88.76
89.16
89.57
89.98
90.38
90.79
91.2
91.6
92.01
92.42
92.83
93.24
93.65
94.06
94.46
94.88
95.3
95.71
96.11
96.49
96.9
97.27
97.66
98.03
98.42
98.81
99.24
99.64
100.05
100.46
100.87
101.28
101.68
102.09
102.49
102.9
103.3
103.7
104.12
104.53
104.93
105.32
105.73
106.09
106.48
106.86
107.26
107.64
108.02
108.4
108.8
109.18
109.57
109.96
110.36
110.75
111.15
111.54
111.95
112.34
112.74
113.12
113.52
113.92
114.32
114.73
115.13
115.51
115.93
116.35
116.77
117.19
117.6
118.01
118.42
118.84
119.24
119.64
120.05
120.47
120.88
121.3
121.71
122.12
122.54
122.94
123.33
123.72
124.1
124.47
124.84
125.22
125.59
125.99
126.42
126.84
127.24
127.63
128.02
128.4
128.78
129.14
129.49
129.86
130.26
130.68
131.08
131.48
131.85
132.25
132.62
132.99
133.37
133.73
134.11
134.52
134.95
135.36
135.75
136.13
136.54
136.92
137.29
137.67
138.02
138.39
138.81
139.22
139.63
140.04
140.45
140.86
141.27
141.68
142.08
142.49
142.9
143.31
143.71
144.11
144.49
144.88
145.28
145.7
146.1
146.51
146.92
147.31
147.7
148.11
148.52
148.94
149.34
149.75
150.15
150.55
150.95
151.34
151.73
152.14
152.55
152.95
153.34
153.73
154.11
154.53
154.93
155.34
155.75
156.15
156.56
156.97
157.38
157.78
158.17
158.58
158.99
159.4
159.8
160.21
160.62
161.02
161.43
161.85
162.26
162.67
163.05
163.46
163.83
164.21
164.57
164.95
165.33
165.74
166.16
166.57
166.98
167.38
167.8
168.2
168.61
169.01
169.42
169.82
170.23
170.64
171.05
171.45
171.86
172.24
172.65
173.04
173.47
173.87
174.27
174.67
175.05
175.44
175.84
176.23
176.63
177.02
177.41
177.8
178.17
178.57
178.98
179.41
179.82
180.22
180.64
181.04
181.44
181.82
182.22
182.64
183.02
183.43
183.84
184.25
184.65
185.04
185.43
185.83
186.22
186.62
187.02
187.41
187.8
188.2
188.61
189.0
189.39
189.8
190.2
190.6
191.0
191.4
191.81
192.2
192.6
193.0
193.4
193.8
194.2
194.61
195.01
195.4
195.8
196.2
196.6
197.0
197.4
197.8
198.19
198.59
198.99
199.39
199.8
200.19
200.59
200.99
201.39
201.79
202.18
202.59
202.98
203.38
203.79
204.19
204.59
204.99
205.4
205.8
206.21
206.59
207.0
207.39
207.8
208.19
208.61
209.04
209.47
209.92
210.35
210.77
211.21
211.67
212.1
212.52
212.95
213.35
213.77
214.21
214.63
215.03
215.45
215.85
216.25
216.64
217.02
217.42
217.81
218.18
218.57
218.98
219.39
219.78
220.18
220.58
220.96
221.35
221.74
222.15
222.55
222.94
223.35
223.74
224.15
224.55
224.96
225.39
225.79
226.18
226.58
226.93
227.31
227.67
228.02
228.37
228.77
229.18
229.59
229.99
230.35
230.71
231.09
231.47
231.84
232.2
232.58
232.97
233.39
233.79
234.19
234.62
235.0
235.39
235.76
236.13
236.49
236.86
237.27
237.68
238.07
238.47
238.84
239.23
239.61
239.99
240.36
240.73
241.1
241.52
241.93
242.33
242.73
243.14
243.55
243.95
244.35
244.75
245.16
245.57
245.98
246.39
246.79
247.17
247.56
247.96
248.37
248.78
249.19
249.61
250.02
250.42
250.84
251.25
251.66
252.03
252.44
252.8
253.16
253.54
253.97
254.38
254.78
255.19
255.6
256.0
256.41
256.81
257.22
257.63
258.05
258.45
258.85
259.23
259.62
260.0
260.36
260.74
261.17
261.57
261.98
262.38
262.79
263.19
263.59
263.98
264.39
264.8
265.21
265.61
266.01
266.39
266.78
267.15
267.5
267.88
268.29
268.71
269.12
269.53
269.94
270.34
270.75
271.16
271.56
271.97
272.38
272.78
273.19
273.62
274.03
274.43
274.82
275.18
275.54
275.92
276.32
276.7
277.08
277.45
277.82
278.22
278.58
278.96
279.35
279.75
280.17
280.55
