0.03
0.52
0.98
1.47
1.95
2.44
2.9
3.4
3.87
4.36
4.83
5.32
5.79
6.27
6.75
7.24
7.72
8.22
8.7
9.15
9.63
10.12
10.58
11.07
11.54
12.04
12.51
13.0
13.47
13.96
14.44
14.91
15.39
15.87
16.35
16.82
17.31
17.79
18.27
18.75
19.23
19.71
20.19
20.66
21.15
21.62
22.11
22.6
23.07
23.55
24.03
24.51
24.99
25.47
25.95
26.43
26.91
27.39
27.87
28.35
28.83
29.31
29.79
30.27
30.75
31.23
31.71
32.19
32.67
33.15
33.63
34.11
34.59
35.07
35.55
36.03
36.51
36.99
37.47
37.95
38.43
38.91
39.38
39.87
40.35
40.83
41.32
41.79
42.27
42.75
43.22
43.71
44.18
44.68
45.15
45.63
46.11
46.59
47.07
47.55
48.03
48.51
48.98
49.47
49.95
50.43
50.91
51.38
51.87
52.35
52.82
53.31
53.79
54.27
54.75
55.23
55.71
56.19
56.67
57.15
57.63
58.11
58.59
59.07
59.55
60.03
60.51
60.99
61.47
61.95
62.43
62.91
63.39
63.87
64.35
64.83
65.31
65.79
66.27
66.75
67.22
67.7
68.18
68.67
69.14
69.62
70.1
70.58
71.06
71.54
72.02
72.5
72.98
73.46
73.94
74.42
74.91
75.38
75.86
76.34
76.82
77.3
77.78
78.26
78.74
79.22
79.7
80.18
80.66
81.14
81.62
82.1
82.59
83.06
83.54
84.01
84.51
84.99
85.47
85.95
86.43
86.91
87.39
87.87
88.35
88.83
89.31
89.79
90.27
90.75
91.23
91.71
92.19
92.67
93.15
93.63
94.11
94.59
95.07
95.55
96.03
96.51
96.99
97.47
97.97
98.44
98.91
99.39
99.87
100.35
100.83
101.31
101.79
102.27
102.75
103.23
103.71
104.19
104.67
105.15
105.62
106.1
106.59
107.07
107.55
108.03
108.51
108.99
109.47
109.95
110.43
110.91
111.39
111.87
112.35
112.83
113.31
113.79
114.27
114.75
115.23
115.7
116.18
116.67
117.15
117.63
118.12
118.59
119.07
119.55
120.02
120.5
120.98
121.48
121.95
122.43
122.91
123.38
123.87
124.35
124.82
125.31
125.78
126.27
126.75
127.23
127.71
128.18
128.67
129.15
129.62
130.11
130.59
131.07
131.55
132.03
132.51
132.99
133.47
133.95
134.43
134.91
135.39
135.87
136.35
136.83
137.31
137.79
138.27
138.75
139.23
139.71
140.19
140.67
141.15
141.63
142.11
142.59
143.07
143.55
144.01
144.5
144.98
145.47
145.94
146.42
146.9
147.38
147.86
148.34
148.83
149.3
149.79
150.26
150.74
151.22
151.71
152.18
152.66
153.14
153.63
154.1
154.58
155.06
155.55
156.02
156.51
156.98
157.47
157.94
158.42
158.9
159.39
159.86
160.34
160.81
161.29
161.74
162.19
162.63
163.07
