0.03
0.76
1.45
2.15
2.86
3.56
4.27
4.97
5.69
6.41
7.11
7.78
8.5
9.17
9.88
10.57
11.26
11.96
12.67
13.38
14.07
14.74
15.43
16.13
16.79
17.52
18.23
18.94
19.65
20.31
20.99
21.67
22.34
23.06
23.8
24.51
25.18
25.86
26.56
27.25
27.93
28.62
29.36
30.05
30.71
31.41
32.11
32.8
33.49
34.21
34.89
35.62
36.31
37.05
37.53
38.01
38.45
38.92
39.38
39.85
40.31
40.76
41.21
41.66
42.11
42.57
43.03
43.49
43.93
44.39
44.85
45.3
45.76
46.21
46.67
47.12
47.57
48.02
48.48
48.93
49.39
49.84
50.29
50.72
51.17
51.62
52.07
52.5
52.96
53.41
53.86
54.31
54.76
55.21
55.67
56.12
56.57
57.03
57.46
57.91
58.36
58.81
59.26
59.72
60.17
60.61
61.05
61.5
61.95
62.41
62.87
63.31
63.76
64.19
64.65
65.1
65.55
66.01
66.46
66.91
67.36
67.79
68.25
68.69
69.15
69.6
70.05
70.49
70.94
71.4
71.85
72.31
72.75
73.2
73.65
74.11
74.54
74.99
75.44
75.9
76.35
76.8
77.24
77.69
78.13
78.57
79.01
79.46
79.92
80.37
80.81
81.27
81.73
82.19
82.63
83.08
83.53
83.97
84.42
84.86
85.31
85.76
86.21
86.66
87.12
87.58
88.02
88.47
88.92
89.36
89.82
90.25
90.7
91.14
91.58
92.05
92.48
92.91
93.37
93.83
94.28
94.72
95.17
95.61
96.06
96.52
96.98
97.42
97.87
98.32
98.75
99.21
99.65
100.09
100.57
101.02
101.46
101.91
102.36
102.82
103.27
103.73
104.19
104.62
105.08
105.55
105.99
106.44
106.9
107.35
107.81
108.26
108.71
109.17
109.63
110.08
110.55
111.0
111.45
111.91
112.35
112.79
113.24
113.69
114.16
114.61
115.06
115.52
115.97
116.41
116.87
117.32
117.77
118.23
118.69
119.14
119.59
120.04
120.49
120.96
121.42
121.87
122.32
122.77
123.22
123.66
124.11
124.55
125.0
125.46
125.9
126.35
126.79
127.26
127.71
128.17
128.62
129.07
129.52
129.96
130.41
130.87
131.31
131.76
132.21
132.67
133.11
133.56
134.01
134.47
134.92
135.37
135.82
136.27
136.72
137.17
137.62
138.07
138.52
138.97
139.42
139.86
140.32
140.77
141.23
141.69
142.14
142.59
143.04
143.5
143.94
144.4
144.84
145.29
145.73
146.19
146.64
147.09
147.54
147.99
148.45
148.9
149.33
149.78
150.22
150.67
151.12
151.56
152.01
152.46
152.91
153.36
153.81
154.25
154.7
155.15
155.61
156.06
156.49
156.93
157.36
157.81
158.26
158.71
159.18
159.62
160.07
160.52
160.98
161.42
161.88
162.32
162.76
163.21
163.65
164.1
164.54
165.0
165.44
165.91
166.35
166.79
167.24
167.68
168.13
168.59
169.03
169.47
169.93
170.37
170.82
171.27
171.72
172.19
172.64
173.1
173.54
174.0
174.44
174.91
175.36
175.8
176.26
176.72
177.16
177.61
178.05
178.51
178.95
179.43
179.87
180.33
180.78
181.23
181.69
182.13
182.59
183.04
183.48
183.93
184.38
184.82
185.27
185.72
186.18
186.64
187.08
187.54
187.98
188.43
188.88
189.31
189.77
190.22
190.68
191.13
191.57
192.01
192.47
192.92
193.36
193.82
194.28
194.71
195.16
195.62
196.06
196.51
196.95
197.41
197.85
198.29
198.72
199.17
199.63
200.07
200.52
200.97
201.42
201.86
202.32
202.77
203.22
203.67
204.13
204.58
205.04
205.49
205.94
206.39
206.85
207.3
207.75
208.2
208.65
209.1
209.55
210.01
210.46
210.92
211.36
211.81
212.27
212.72
213.16
213.61
214.06
214.51
214.95
215.41
215.85
216.3
216.75
217.21
217.65
218.1
218.55
219.01
219.46
219.9
220.35
220.79
221.25
221.7
222.15
222.59
223.03
223.48
223.92
224.36
224.8
225.25
225.7
226.14
226.58
227.02
227.48
227.92
228.38
228.82
229.26
229.71
230.15
230.59
231.03
231.48
231.93
232.38
232.83
233.26
233.7
234.15
234.59
235.05
235.48
235.91
236.36
236.8
237.26
237.7
238.15
238.6
239.05
239.48
239.93
240.38
240.83
241.27
241.73
242.17
242.62
243.06
243.5
243.94
244.38
244.82
245.26
245.71
246.17
246.6
247.04
247.49
247.92
248.37
248.8
249.23
249.67
250.11
250.53
250.97
251.41
251.86
252.29
252.74
253.17
253.62
254.05
254.49
254.94
255.38
255.82
256.27
256.72
257.16
257.6
258.03
258.47
258.93
259.37
259.82
260.26
260.71
261.15
261.6
262.05
262.5
262.95
263.38
263.83
264.28
264.73
265.17
265.61
266.06
266.52
266.97
267.43
267.88
268.34
268.79
269.24
269.68
270.13
270.57
271.01
271.46
271.9
272.36
272.8
273.25
273.7
274.15
274.58
275.04
275.49
275.94
276.38
276.84
277.28
277.72
278.17
278.62
279.06
279.52
279.95
280.4
280.85
281.29
281.73
282.18
282.62
283.06
283.51
283.97
284.41
284.85
285.31
285.76
286.21
286.65
287.09
287.54
288.0
288.43
288.87
289.32
289.77
290.22
290.68
291.11
291.57
292.03
292.47
292.93
293.39
293.84
294.27
294.72
295.17
295.63
296.06
296.51
296.97
297.42
297.86
298.31
298.76
299.21
299.66
300.12
300.57
301.02
301.46
301.91
302.37
302.81
303.27
303.72
304.18
304.62
305.07
305.52
305.96
306.41
306.87
307.33
307.77
308.21
308.65
309.11
309.54
309.99
310.44
310.9
311.34
311.79
312.24
312.69
313.14
313.59
314.04
314.48
314.93
315.38
315.84
316.28
316.73
317.2
317.68
318.15
318.63
319.1
319.54
319.98
320.43
320.89
321.33
321.77
322.19
322.63
323.07
