0.0
0.61
1.22
1.78
2.36
2.94
3.52
4.1
4.68
5.25
5.83
6.42
7.0
7.57
8.16
8.74
9.32
9.89
10.48
11.06
11.63
12.2
12.8
13.38
13.95
14.53
15.11
15.7
16.28
16.85
17.43
18.01
18.6
19.17
19.75
20.33
20.91
21.47
22.07
22.65
23.23
23.79
24.39
24.96
25.54
26.11
26.7
27.28
27.87
28.45
29.04
29.63
30.19
30.75
31.34
31.92
32.5
33.07
33.66
34.23
34.81
35.38
35.97
36.55
37.13
37.7
38.29
38.87
39.45
40.02
40.61
41.19
41.77
42.34
42.93
43.51
44.09
44.66
45.25
45.82
46.41
46.97
47.56
48.14
48.72
49.3
49.88
50.46
51.04
51.61
52.2
52.77
53.36
53.93
54.52
55.1
55.68
56.25
56.84
57.41
57.99
58.56
59.15
59.73
60.31
60.88
61.47
62.04
62.63
63.2
63.79
64.36
64.95
65.51
66.11
66.68
67.26
67.84
68.43
69.0
69.58
70.15
70.74
71.32
71.9
72.47
73.06
73.64
74.22
74.79
75.38
75.96
76.55
77.12
77.7
78.28
78.86
79.43
80.02
80.6
81.19
81.75
82.34
82.91
83.49
84.07
84.65
85.23
85.81
86.38
86.97
87.55
88.13
88.71
89.29
89.87
90.44
91.02
91.61
92.18
92.77
93.34
93.93
94.5
95.07
95.66
96.24
96.82
97.4
97.98
98.56
99.13
99.72
100.29
100.88
101.45
102.04
102.61
103.2
103.77
104.36
104.92
105.51
106.09
106.67
107.24
107.83
108.41
108.99
109.56
110.15
110.73
111.31
111.87
112.45
113.04
113.63
114.2
114.78
115.36
115.95
116.5
117.1
117.66
118.22
118.82
119.42
120.0
120.58
121.15
121.74
122.32
122.9
123.46
124.06
124.64
125.2
125.79
126.37
126.96
127.53
128.1
128.69
129.27
129.85
130.42
131.01
131.59
132.17
132.74
133.33
133.9
134.49
135.05
135.63
136.23
136.81
137.38
137.97
138.55
139.13
139.7
140.29
140.86
141.43
142.01
142.61
143.18
143.77
144.33
144.92
145.5
146.09
146.66
147.24
147.82
148.4
148.98
149.56
150.14
150.72
151.28
151.87
152.45
153.03
153.6
154.19
154.76
155.35
155.91
156.5
157.08
157.66
158.23
158.82
159.4
159.97
160.56
161.13
161.73
162.36
162.96
