0.37
1.02
1.65
2.31
3.01
3.65
4.35
5.02
5.68
6.37
7.04
7.72
8.4
9.04
9.71
10.38
11.07
11.74
12.47
13.15
13.82
14.48
15.15
15.82
16.48
17.15
17.81
18.48
19.15
19.81
20.48
21.15
21.81
22.48
23.14
23.81
24.48
25.16
25.82
26.48
27.15
27.81
28.48
29.15
29.81
30.48
31.15
31.81
32.48
33.12
33.81
34.48
35.15
35.82
36.48
37.15
37.82
38.49
39.15
39.81
40.48
41.15
41.81
42.48
43.15
43.82
44.48
45.15
45.82
46.48
47.15
47.81
48.48
49.15
49.81
50.48
51.15
51.81
52.48
53.15
53.81
54.48
55.15
55.81
56.5
57.14
57.8
58.47
59.14
59.81
60.47
61.14
61.8
62.48
63.14
63.81
64.47
65.14
65.81
66.47
67.15
67.82
68.47
69.13
69.81
70.46
71.14
71.8
72.47
73.14
73.81
74.47
75.14
75.81
76.47
77.12
77.79
78.49
79.14
79.81
80.47
81.13
81.79
82.46
83.13
83.81
84.47
85.14
85.81
86.5
87.16
87.8
88.47
89.14
89.79
90.47
91.14
91.81
92.47
93.13
93.8
94.47
95.14
95.8
96.47
97.14
97.8
98.46
99.13
99.8
100.45
101.13
101.8
102.46
103.14
103.81
104.46
105.14
105.81
106.47
107.14
107.79
108.46
109.14
109.8
110.47
111.14
111.8
112.46
113.13
113.8
114.47
115.13
115.8
116.47
117.13
117.8
118.46
119.13
119.8
120.45
121.12
121.8
122.46
123.13
123.8
124.47
125.12
125.81
126.48
127.14
127.79
128.47
129.14
129.79
130.47
131.14
131.81
132.47
133.13
133.81
134.48
135.14
135.79
136.47
137.14
137.79
138.46
139.13
139.81
140.45
141.13
141.8
142.46
143.12
143.8
144.47
145.14
145.81
146.47
147.13
147.79
148.47
149.14
149.81
150.48
151.14
151.81
152.48
153.13
153.8
154.47
155.14
155.81
156.45
157.11
157.8
158.47
159.16
159.82
160.49
161.16
161.81
162.48
163.16
163.82
164.47
165.16
165.82
166.49
167.14
167.83
168.49
169.16
169.81
170.49
171.16
171.82
172.47
173.13
173.82
174.49
175.14
175.82
176.49
177.16
177.81
178.49
179.15
179.78
180.45
181.12
181.79
182.45
183.12
183.79
184.45
185.12
185.79
186.46
187.12
187.79
188.45
189.12
189.79
190.45
191.12
191.79
192.45
193.12
193.79
194.46
195.12
195.79
196.45
197.13
197.79
198.45
199.12
199.79
200.45
201.12
201.79
202.46
203.12
203.79
204.45
205.12
205.79
206.47
207.12
207.8
208.46
209.13
209.79
210.46
211.12
211.79
212.45
213.12
213.79
214.46
215.12
215.74
216.13
216.46
216.79
217.12
217.46
217.78
218.12
218.45
218.79
219.12
219.46
219.81
220.13
220.45
220.79
221.13
221.46
221.79
222.13
222.46
222.79
223.12
223.46
223.79
224.13
224.45
224.8
225.14
225.47
225.79
226.13
226.46
226.79
227.12
227.46
227.8
228.13
228.46
228.8
229.13
229.46
229.79
230.13
230.47
230.79
231.12
231.47
231.8
232.13
232.46
232.79
233.12
233.46
233.79
234.12
234.45
234.79
235.12
235.46
235.8
236.12
236.45
236.79
237.13
237.46
237.79
238.13
238.45
238.79
239.1
239.44
239.79
240.13
240.45
240.79
241.13
241.46
241.79
242.13
242.46
242.8
243.12
243.46
243.8
244.13
244.45
244.79
245.13
245.46
245.79
246.13
246.45
246.79
247.12
247.46
247.8
248.13
248.46
248.8
249.13
249.46
249.79
250.13
250.47
250.79
251.13
251.47
251.79
252.12
252.45
252.79
253.13
253.46
253.79
254.12
254.47
254.79
255.12
255.45
255.79
256.13
256.46
256.8
257.13
257.46
257.79
258.14
258.46
258.8
259.12
259.46
259.78
260.13
260.45
260.79
261.13
261.46
261.78
262.1
262.43
262.79
263.12
263.45
263.79
264.13
264.46
264.81
265.12
265.47
265.79
266.12
266.46
266.8
267.12
267.46
267.79
268.12
268.46
268.8
269.13
269.46
269.79
270.13
270.47
270.8
271.12
271.45
271.79
272.13
272.46
272.8
273.13
273.46
273.79
274.13
274.46
274.79
275.12
275.46
275.79
276.12
276.45
276.78
277.13
277.46
277.79
278.13
278.47
278.79
279.12
279.46
279.8
280.13
280.45
280.79
281.13
281.46
281.79
282.13
282.46
282.8
283.12
283.46
283.79
284.13
284.45
284.79
285.12
285.46
285.78
286.12
286.46
286.8
287.12
287.45
287.79
288.12
288.45
288.8
289.13
289.46
289.79
290.13
290.46
290.8
291.12
291.45
291.79
292.12
292.45
292.79
293.12
293.45
293.78
294.1
294.45
294.79
295.12
295.46
295.78
296.12
296.45
296.79
297.12
297.45
297.79
298.12
298.46
298.79
299.12
299.46
299.78
300.12
300.46
300.79
301.13
301.46
301.79
302.12
302.45
302.79
303.12
303.46
303.79
304.13
304.46
304.8
305.12
305.46
305.79
306.12
306.45
306.79
307.12
307.46
307.79
308.12
308.45
308.78
309.13
309.46
309.79
310.12
310.46
310.79
311.12
311.46
311.79
312.12
312.45
312.8
313.12
313.46
313.79
314.14
314.48
314.79
315.12
315.47
315.79
316.12
316.45
316.79
317.12
317.45
317.79
318.13
318.46
318.79
319.12
319.45
319.79
320.12
320.45
320.8
321.12
321.46
321.79
322.13
322.46
322.79
323.12
323.47
323.8
324.13
324.45
324.78
325.13
325.46
325.79
326.14
326.46
326.79
327.12
327.45
327.79
328.12
328.45
328.79
329.12
329.46
329.78
330.12
330.46
330.79
331.12
331.46
331.79
332.12
332.45
332.8
333.13
333.46
333.79
334.13
334.46
334.79
335.12
335.45
335.79
336.13
336.45
336.79
337.13
337.46
337.79
338.13
338.46
338.79
339.12
339.46
339.79
340.12
340.45
340.79
341.12
341.46
341.79
342.13
342.46
342.8
343.12
343.47
343.79
344.13
344.45
344.79
345.12
345.46
345.79
346.12
346.46
346.78
347.12
347.43
347.77
348.13
348.45
348.78
349.12
349.46
349.79
350.14
350.46
350.79
351.13
351.45
351.79
352.12
352.46
352.8
353.14
353.46
353.79
354.13
354.46
354.79
355.12
355.46
355.79
356.13
356.46
356.79
357.13
357.48
357.79
358.14
358.47
358.79
359.12
359.46
359.79
360.13
360.46
360.79
361.13
361.46
361.79
362.12
362.46
362.79
363.12
363.47
363.79
364.13
364.45
364.79
365.11
365.46
365.8
366.13
366.46
366.79
367.12
367.45
367.79
368.13
368.46
368.8
369.12
369.46
369.79
370.13
370.46
370.79
371.12
371.46
371.8
372.13
372.45
372.79
373.13
373.47
373.81
374.13
374.47
374.81
375.14
375.47
375.81
376.14
376.48
376.81
377.14
377.47
377.79
378.14
378.48
378.81
379.15
379.47
379.81
380.14
380.48
380.81
381.13
381.47
381.79
382.13
382.45
382.79
383.12
383.45
383.79
384.14
384.48
384.8
385.13
385.47
385.81
386.14
386.47
386.81
387.14
387.47
387.81
388.14
388.48
388.8
389.14
389.48
389.81
390.13
390.48
390.81
391.14
391.47
391.81
392.14
392.48
392.8
393.14
393.45
393.78
394.12
394.45
394.78
395.1
395.44
395.79
396.11
396.46
396.8
397.15
397.47
397.79
398.12
398.44
398.75
399.07
399.4
399.72
400.04
400.35
400.67
401.0
401.31
401.64
