0.02
0.5
0.97
1.45
1.94
2.42
2.91
3.39
3.86
4.34
4.8
5.27
5.76
6.24
6.71
7.19
7.67
8.14
8.62
9.1
9.58
10.05
10.53
11.01
11.49
11.96
12.44
12.92
13.4
13.87
14.35
14.83
15.31
15.78
16.26
16.74
17.22
17.7
18.17
18.65
19.13
19.6
20.08
20.56
21.04
21.52
21.99
22.47
22.95
23.42
23.9
24.38
24.86
25.33
25.81
26.29
26.76
27.25
27.72
28.2
28.68
29.16
29.63
30.11
30.59
31.06
31.54
32.02
32.5
32.98
33.45
33.93
34.41
34.89
35.36
35.84
36.32
36.8
37.27
37.75
38.23
38.71
39.18
39.66
40.14
40.62
41.09
41.57
42.05
42.53
43.0
43.48
43.96
44.44
44.91
45.39
45.87
46.35
46.82
47.3
47.78
48.26
48.73
49.21
49.69
50.17
50.64
51.12
51.6
52.08
52.56
53.04
53.51
53.99
54.47
54.94
55.42
55.9
56.38
56.85
57.33
57.81
58.29
58.76
59.24
59.72
60.2
60.67
61.15
61.63
62.11
62.59
63.06
63.54
64.02
64.5
64.97
65.45
65.93
66.41
66.88
67.36
67.84
68.32
68.79
69.27
69.75
70.23
70.7
71.18
71.66
72.14
72.61
73.09
73.57
74.05
74.52
75.0
75.48
75.96
76.43
76.91
77.39
77.87
78.34
78.82
79.3
79.78
80.25
80.73
81.21
81.69
82.17
82.64
83.12
83.6
84.08
84.55
85.03
85.51
85.99
86.46
86.94
87.42
87.9
88.37
88.85
89.33
89.81
90.29
90.76
91.24
91.72
92.2
92.68
93.15
93.63
94.11
94.58
95.06
95.54
96.02
96.49
96.97
97.45
97.93
98.4
98.88
99.36
99.84
100.31
100.79
101.27
101.75
102.23
102.7
103.18
103.66
104.13
104.61
105.09
105.56
106.04
106.52
107.0
107.48
107.95
108.43
108.91
109.39
109.87
110.34
110.82
111.3
111.78
112.25
112.73
113.21
113.69
114.16
114.64
115.12
115.59
116.07
116.55
117.03
117.51
117.98
118.46
118.94
119.42
119.89
120.37
120.85
121.33
121.81
122.28
122.76
123.24
123.72
124.19
124.67
125.15
125.63
126.1
126.58
127.06
127.54
128.01
128.49
128.97
129.45
129.92
130.4
130.88
131.36
131.83
132.31
132.79
133.27
133.74
134.22
134.7
135.18
135.65
136.13
136.61
137.09
137.56
138.04
138.52
139.0
139.47
139.95
140.43
140.91
141.38
141.86
142.34
142.82
143.29
143.77
144.25
144.73
145.2
145.68
146.16
146.64
147.12
147.59
148.07
148.55
149.03
149.5
149.98
150.46
150.94
151.41
151.89
152.37
152.85
153.32
153.8
154.28
154.76
155.22
155.7
156.14
156.6
157.05
157.51
157.96
158.41
158.87
159.33
159.79
160.26
160.7
161.16
161.62
162.09
