0.03
0.55
1.07
1.58
2.1
2.61
3.13
3.66
4.17
4.69
5.2
5.72
6.24
6.76
7.27
7.79
8.31
8.83
9.33
9.86
10.38
10.9
11.41
11.93
12.45
12.96
13.48
14.0
14.52
15.03
15.55
16.07
16.59
17.1
17.62
18.14
18.66
19.17
19.69
20.21
20.72
21.24
21.76
22.28
22.79
23.31
23.83
24.34
24.86
25.38
25.89
26.41
26.93
27.45
27.96
28.48
29.0
29.51
30.03
30.55
31.07
31.58
32.1
32.62
33.14
33.65
34.17
34.69
35.2
35.72
36.24
36.76
37.27
37.79
38.31
38.83
39.34
39.86
40.38
40.89
41.41
41.95
42.45
42.96
43.48
44.0
44.51
45.03
45.55
46.07
46.58
47.1
47.62
48.14
48.65
49.17
49.69
50.2
50.72
51.24
51.76
52.28
52.79
53.31
53.83
54.35
54.86
55.38
55.9
56.41
56.93
57.45
57.97
58.48
59.0
59.52
60.04
60.55
61.07
61.59
62.1
62.62
63.14
63.66
64.17
64.69
65.21
65.72
66.24
66.76
67.27
67.8
68.31
68.83
69.34
69.86
70.38
70.9
71.41
71.93
72.45
72.97
73.48
74.0
74.52
75.04
75.55
76.07
76.59
77.1
77.62
78.13
78.65
79.17
79.69
80.21
80.72
81.24
81.76
82.27
82.79
83.31
83.83
84.34
84.86
85.38
85.89
86.41
86.93
87.45
87.96
88.48
89.0
89.52
90.03
90.55
91.07
91.58
92.1
92.62
93.14
93.66
94.17
94.69
95.21
95.72
96.24
96.76
97.27
97.79
98.31
98.83
99.35
99.83
100.38
100.88
101.41
101.93
102.45
102.97
103.49
104.0
104.52
105.03
105.55
106.07
106.58
107.1
107.62
108.14
108.65
109.17
109.69
110.21
110.72
111.24
111.76
112.28
112.79
113.31
113.83
114.34
114.86
115.38
115.9
116.41
116.93
117.45
117.97
118.48
119.0
119.52
120.03
120.55
121.07
121.59
122.11
122.62
123.14
123.66
124.17
124.69
125.21
125.73
126.24
126.76
127.27
127.79
128.31
128.83
129.34
129.86
130.38
130.9
131.42
131.93
132.45
132.97
133.48
134.0
134.52
135.03
135.55
136.07
136.58
137.1
137.62
138.14
138.65
139.17
139.69
140.21
140.72
141.24
141.76
142.28
142.79
143.31
143.83
144.34
144.86
145.38
145.9
146.41
146.93
147.45
147.97
148.48
149.0
149.52
150.03
150.55
151.06
151.59
152.11
152.63
153.15
153.66
154.18
154.69
155.21
155.73
156.26
156.76
157.28
157.77
158.31
158.83
159.34
159.86
160.38
160.9
161.42
161.93
162.45
162.97
163.49
164.0
164.52
165.04
165.55
166.07
166.59
167.1
167.63
168.14
168.66
169.17
169.69
170.21
170.73
171.25
171.76
172.28
172.79
173.31
173.83
174.34
174.86
175.38
175.9
176.41
176.93
177.45
177.97
178.48
179.0
179.52
180.04
180.56
181.07
181.59
182.11
182.62
183.14
183.66
184.15
184.67
185.19
185.71
186.22
186.75
187.27
187.79
188.31
188.82
189.34
189.86
190.37
190.89
191.41
191.92
192.43
192.93
193.41
193.88
194.35
194.83
195.31
195.79
196.29
196.77
197.25
197.73
198.19
