0.03
0.54
1.03
1.53
2.03
2.53
3.03
3.53
4.05
4.58
5.06
5.58
6.1
6.62
7.11
7.64
8.13
8.62
9.12
9.64
10.14
10.68
11.17
11.72
12.21
12.72
13.22
13.74
14.22
14.74
15.25
15.76
16.27
16.79
17.3
17.78
18.29
18.77
19.28
19.8
20.28
20.78
21.29
21.79
22.3
22.81
23.31
23.82
24.35
24.85
25.35
25.87
26.39
26.91
27.39
27.89
28.39
28.92
29.42
29.94
30.46
30.97
31.47
31.98
32.49
33.0
33.5
34.01
34.51
35.05
35.56
36.06
36.55
37.07
37.57
38.09
38.58
39.09
39.6
40.09
40.6
41.12
41.63
42.14
42.65
43.18
43.69
44.2
44.7
45.24
45.75
46.24
46.74
47.25
47.75
48.26
48.76
49.27
49.78
50.3
50.81
51.31
51.81
52.33
52.83
53.34
53.85
54.37
54.87
55.39
55.87
56.37
56.89
57.41
57.91
58.43
58.93
59.42
59.95
60.46
60.96
61.49
61.99
62.51
63.01
63.52
64.02
64.53
65.04
65.54
66.05
66.59
67.1
67.61
68.11
68.61
69.12
69.65
70.14
70.66
71.15
71.67
72.16
72.66
73.19
73.7
74.19
74.73
75.22
75.73
76.22
76.75
77.25
77.77
78.25
78.76
79.28
79.79
80.3
80.83
81.33
81.86
82.35
82.87
83.37
83.9
84.38
84.9
85.41
85.92
86.43
86.94
87.42
87.93
88.42
88.94
89.45
89.97
90.47
90.97
91.5
92.01
92.52
93.0
93.52
94.03
94.56
95.05
95.55
96.09
96.59
97.1
97.59
98.12
98.61
99.15
99.65
100.16
100.67
101.17
101.69
102.19
102.69
103.21
103.7
104.23
104.73
105.25
105.75
106.27
106.78
107.28
107.77
108.29
108.79
109.29
109.78
110.29
110.8
111.31
111.82
112.33
112.85
113.36
113.87
114.38
114.88
115.4
115.89
116.42
116.92
117.43
117.93
118.43
118.95
119.48
119.99
120.5
121.0
121.49
122.0
122.5
123.01
123.51
124.02
124.53
125.05
125.55
126.08
126.58
127.1
127.62
128.12
128.63
129.13
129.62
130.14
130.66
131.16
131.67
132.16
132.7
133.2
133.69
134.19
134.72
135.22
135.73
136.24
136.74
137.26
137.77
138.26
138.78
139.3
139.81
140.33
140.86
141.36
141.84
142.35
142.87
143.37
143.89
144.39
144.9
145.41
145.91
146.42
146.94
147.43
147.95
148.46
148.96
149.46
149.98
150.48
150.97
151.51
151.99
152.52
153.04
153.54
154.05
154.57
155.07
155.58
156.09
156.6
157.1
157.62
158.15
158.65
159.14
159.66
160.15
160.67
161.19
161.67
162.19
162.7
163.23
163.73
164.22
164.76
165.26
165.76
166.27
166.76
167.28
167.78
168.26
168.76
169.27
169.77
170.28
170.8
171.31
171.83
172.33
172.85
173.35
173.86
174.37
174.88
175.38
175.88
176.39
176.89
177.41
177.91
178.44
178.95
179.45
179.97
180.45
180.98
181.48
181.99
182.5
183.01
183.52
184.03
184.53
185.04
185.55
186.08
186.59
187.12
187.62
188.11
188.61
189.12
189.64
190.13
190.64
191.16
191.67
192.17
192.68
193.19
193.71
194.22
194.74
195.24
195.75
196.25
196.76
197.27
197.79
198.3
198.82
199.32
199.83
200.32
200.83
201.33
201.85
202.37
202.87
203.38
203.9
204.41
204.91
205.43
205.94
206.44
206.96
207.45
207.96
208.47
208.99
209.5
210.01
210.51
211.01
211.52
212.04
212.55
213.07
213.56
214.08
214.59
215.1
215.59
216.1
216.61
217.12
217.63
218.14
218.65
219.17
219.67
220.18
220.68
221.21
221.7
222.22
222.73
223.24
223.73
224.24
224.75
225.27
225.79
226.28
226.79
227.3
227.8
228.31
228.83
229.35
229.84
230.35
230.86
231.37
231.92
232.43
232.91
233.42
233.92
234.42
234.92
235.42
235.94
236.45
236.96
237.46
237.96
238.48
238.98
239.5
240.0
240.51
241.03
241.53
242.04
242.55
243.05
243.57
244.08
244.59
245.09
245.59
246.12
246.61
247.11
247.64
248.13
248.65
249.16
249.68
250.19
250.68
251.2
251.72
252.24
252.72
253.24
253.75
254.23
254.75
255.26
255.78
256.27
256.79
257.3
257.82
258.34
258.86
259.37
259.86
260.37
260.86
261.39
261.86
262.37
262.86
263.34
263.83
264.3
264.8
265.27
265.76
266.24
266.71
267.2
267.66
268.16
268.64
269.1
269.6
270.06
270.55
271.02
271.5
272.0
272.46
272.94
273.44
273.9
274.4
