0.1
0.75
1.37
2.01
2.64
3.3
3.92
4.57
5.19
5.85
6.48
7.13
7.76
8.4
9.04
9.68
10.3
10.96
11.58
12.22
12.85
13.5
14.14
14.77
15.4
16.06
16.69
17.34
17.97
18.61
19.24
19.88
20.49
21.14
21.79
22.42
23.07
23.71
24.35
24.98
25.62
26.26
26.9
27.54
28.17
28.82
29.45
30.09
30.71
31.37
32.0
32.65
33.28
33.93
34.56
35.22
35.84
36.49
37.12
37.75
38.38
39.04
39.66
40.32
40.95
41.59
42.2
42.87
43.5
44.14
44.77
45.4
46.03
46.68
47.31
47.96
48.61
49.25
49.88
50.53
51.16
51.81
52.43
53.08
53.71
54.35
54.99
55.63
56.27
56.91
57.52
58.17
58.81
59.46
60.09
60.73
61.37
62.02
62.64
63.29
63.93
64.58
65.19
65.84
66.47
67.13
67.75
68.39
69.03
69.68
70.3
70.93
71.57
72.22
72.86
73.51
74.14
74.78
75.41
76.05
76.69
77.33
77.96
78.61
79.24
79.89
80.51
81.16
81.8
82.44
83.08
83.71
84.34
84.98
85.61
86.25
86.9
87.53
88.16
88.81
89.43
90.08
90.72
91.36
91.99
92.64
93.27
93.91
94.55
95.19
95.83
96.48
97.11
97.75
98.39
99.04
99.66
100.3
100.94
101.58
102.22
102.86
103.49
104.12
104.76
105.41
106.05
106.67
107.32
107.97
108.6
109.25
109.88
110.52
111.15
111.8
112.42
113.07
113.7
114.34
114.98
115.62
116.26
116.9
117.53
118.17
118.81
119.47
120.09
120.74
121.37
122.03
122.65
123.28
123.9
124.55
125.19
125.84
126.48
127.11
127.73
128.38
129.01
129.65
130.29
130.93
131.57
132.22
132.85
133.49
134.13
134.78
135.39
136.03
136.67
137.32
137.95
138.59
139.23
139.88
140.49
141.14
141.78
142.43
143.06
143.7
144.33
144.98
145.61
146.27
146.92
147.54
148.17
148.81
149.45
150.08
150.72
151.37
152.0
152.66
153.28
153.91
154.54
155.2
155.84
156.45
157.11
157.75
158.37
159.02
159.65
160.31
160.94
161.59
162.22
162.87
163.49
164.14
164.77
165.41
166.03
166.68
167.31
167.97
168.6
169.24
169.87
170.51
171.14
171.78
172.42
173.06
173.69
174.33
174.98
175.61
176.25
176.88
177.53
178.19
178.82
179.45
180.08
180.73
181.37
182.01
182.63
183.29
183.92
184.56
185.19
185.84
186.46
187.1
187.73
188.38
189.02
189.66
190.29
190.93
191.57
192.21
192.84
193.48
194.11
194.74
195.39
196.07
196.73
197.41
198.08
198.72
199.42
200.06
200.68
201.31
