0.11
0.58
1.06
1.53
2.0
2.47
2.95
3.42
3.89
4.36
4.84
5.31
5.78
6.25
6.73
7.2
7.67
8.14
8.61
9.09
9.56
10.03
10.5
10.98
11.45
11.92
12.4
12.87
13.34
13.81
14.29
14.76
15.24
15.71
16.18
16.65
17.12
17.6
18.06
18.54
19.02
19.49
19.96
20.43
20.9
21.38
21.85
22.32
22.79
23.26
23.73
24.21
24.69
25.17
25.62
26.09
26.57
27.04
27.51
27.98
28.46
28.92
29.4
29.87
30.35
30.82
31.29
31.76
32.24
32.7
33.18
33.65
34.13
34.59
35.07
35.54
36.02
36.48
36.96
37.43
37.91
38.38
38.85
39.32
39.8
40.27
40.75
41.22
41.68
42.16
42.63
43.1
43.58
44.05
44.52
45.0
45.45
45.93
46.41
46.87
47.35
47.82
48.3
48.78
49.23
49.7
50.19
50.65
51.13
51.6
52.08
52.55
53.02
53.49
53.97
54.44
54.91
55.37
55.86
56.32
56.8
57.27
57.75
58.22
58.69
59.16
59.64
60.11
60.58
61.05
61.53
62.0
62.47
62.94
63.42
63.88
64.36
64.83
65.31
65.78
66.24
66.72
67.2
67.68
68.14
68.61
69.09
69.56
70.03
70.49
70.97
71.44
71.92
72.38
72.87
73.34
73.8
74.27
74.73
75.22
75.7
76.17
76.64
77.12
77.6
78.06
78.54
79.0
79.48
79.95
80.42
80.89
81.37
81.83
82.31
82.78
83.26
83.72
84.2
84.67
85.15
85.61
86.09
86.56
87.04
87.51
87.98
88.45
88.93
89.39
89.87
90.34
90.82
91.29
91.76
92.23
92.71
93.18
93.66
94.13
94.6
95.07
95.55
96.02
96.5
96.96
97.44
97.91
98.37
98.84
99.32
99.79
100.27
100.74
101.21
101.68
102.16
102.62
103.1
103.57
104.05
104.52
104.99
105.46
105.94
106.41
106.88
107.34
107.81
108.28
108.77
109.24
109.72
110.18
110.66
111.12
111.58
112.05
112.54
113.0
113.5
113.97
114.44
114.91
115.38
115.86
116.33
116.8
117.28
117.75
118.22
118.69
119.17
119.64
120.11
120.6
121.05
121.53
122.0
122.47
122.95
123.41
123.89
124.36
124.83
125.3
125.78
126.25
126.72
127.19
127.65
128.13
128.62
129.09
129.56
130.03
130.51
130.98
131.45
131.92
132.39
132.86
133.34
133.81
134.28
134.74
135.23
135.69
136.17
136.64
137.12
137.59
138.06
138.52
139.01
139.47
139.95
140.42
140.9
141.37
141.84
142.31
142.79
143.26
143.73
144.2
144.68
145.14
145.62
146.09
146.57
147.04
147.51
147.99
148.46
148.93
149.41
149.88
150.35
150.82
151.29
151.76
152.23
152.71
153.18
153.65
154.13
154.6
155.07
155.54
156.02
156.49
156.96
157.43
157.9
158.38
158.85
159.33
159.8
160.27
160.74
161.21
161.69
162.16
162.63
163.1
163.58
164.05
164.52
164.99
165.47
165.94
166.42
166.88
167.35
167.82
168.3
168.75
169.24
169.71
170.19
170.67
171.13
171.61
172.08
172.55
173.02
173.5
173.97
174.44
174.91
175.39
175.86
176.33
176.8
177.28
177.75
178.22
178.69
179.16
179.63
180.11
180.58
181.05
181.53
182.0
182.47
182.95
183.42
183.89
184.36
184.84
185.31
185.78
186.25
186.72
187.2
187.66
188.14
188.61
189.08
189.56
190.03
190.5
190.97
191.44
191.92
192.39
192.86
193.33
193.81
194.28
194.75
195.22
195.7
196.17
196.64
197.12
197.59
198.06
198.53
199.0
199.48
199.95
200.43
200.89
201.36
201.83
202.31
202.78
203.25
203.72
204.19
204.65
