0.13
0.59
1.07
1.51
1.99
2.45
2.89
3.37
3.83
4.3
4.77
5.24
5.7
6.17
6.64
7.11
7.58
8.05
8.52
8.99
9.45
9.92
10.39
10.86
11.33
11.8
12.27
12.73
13.2
13.67
14.14
14.61
15.08
15.55
16.01
16.48
16.95
17.41
17.89
18.36
18.83
19.3
19.77
20.23
20.7
21.17
21.64
22.11
22.58
23.05
23.51
23.98
24.45
24.92
25.39
25.86
26.33
26.79
27.26
27.73
28.2
28.67
29.14
29.61
30.08
30.55
31.01
31.48
31.95
32.42
32.89
33.36
33.83
34.3
34.77
35.24
35.7
36.17
36.64
37.11
37.58
38.05
38.52
38.99
39.45
39.92
40.39
40.86
41.33
41.8
42.27
42.73
43.2
43.67
44.14
44.61
45.08
45.55
46.02
46.49
46.95
47.42
47.89
48.36
48.83
49.3
49.77
50.23
50.7
51.17
51.64
52.11
52.58
53.05
53.52
53.98
54.45
54.92
55.39
55.86
56.33
56.8
57.27
57.74
58.2
58.67
59.14
59.61
60.08
60.55
61.02
61.48
61.95
62.42
62.89
63.36
63.83
64.3
64.77
65.24
65.7
66.17
66.64
67.11
67.58
68.05
68.52
68.98
69.45
69.92
70.39
70.86
71.33
71.8
72.27
72.74
73.2
73.67
74.14
74.61
75.08
75.55
76.01
76.48
76.95
77.42
77.89
78.36
78.83
79.3
79.77
80.24
80.7
81.17
81.64
82.11
82.58
83.05
83.52
83.99
84.45
84.92
85.39
85.86
86.33
86.8
87.27
87.74
88.2
88.67
89.14
89.61
90.08
90.55
91.02
91.49
91.95
92.43
92.89
93.36
93.83
94.3
94.77
95.23
95.7
96.17
96.64
97.11
97.58
98.05
98.52
98.98
99.45
99.92
100.39
100.86
101.33
101.8
102.27
102.74
103.2
103.67
104.14
104.61
105.08
105.55
106.02
106.48
106.95
107.42
107.89
108.36
108.83
109.3
109.77
110.23
110.7
111.17
111.64
112.11
112.58
113.05
113.52
113.98
114.45
114.92
115.39
115.86
116.33
116.8
117.27
117.74
118.2
118.67
119.14
119.61
120.08
120.55
121.02
121.48
121.95
122.42
122.89
123.36
123.83
124.3
124.77
125.23
125.7
126.17
126.64
127.11
127.58
128.05
128.52
128.99
129.46
129.92
130.39
130.86
131.33
131.8
132.26
132.73
133.2
133.67
134.14
134.61
135.08
135.55
136.01
136.48
136.95
137.42
137.89
138.36
138.83
139.3
139.77
140.23
140.7
141.17
141.64
142.11
142.58
143.05
143.51
143.98
144.45
144.92
145.39
145.86
146.33
146.8
147.26
147.74
148.2
148.67
149.14
149.61
150.08
150.55
151.01
151.48
151.95
152.42
152.89
153.36
153.83
154.3
154.77
155.24
155.7
156.17
156.64
157.11
157.58
158.05
158.51
158.98
159.45
159.92
160.39
160.86
161.33
161.8
162.27
162.74
163.2
163.67
164.14
164.61
165.08
165.55
166.01
166.49
166.95
167.42
167.89
168.36
168.83
169.3
169.77
170.24
170.7
171.17
171.64
172.11
172.58
173.05
173.51
173.99
174.45
174.92
175.39
175.86
176.33
176.8
177.27
177.73
178.2
178.67
179.14
179.61
180.08
180.55
181.01
181.49
181.95
182.42
182.89
183.36
183.84
184.33
184.79
185.28
185.75
186.24
