0.13
0.54
0.95
1.36
1.76
2.17
2.58
2.98
3.37
3.77
4.17
4.59
5.0
5.41
5.8
6.23
6.63
7.04
7.42
7.85
8.26
8.65
9.04
9.47
9.87
10.28
10.66
11.09
11.49
11.89
12.28
12.7
13.09
13.5
13.9
14.31
14.72
15.12
15.55
15.95
16.34
16.76
17.15
17.55
17.97
18.36
18.77
19.18
19.58
19.99
20.39
20.79
21.21
21.6
22.01
22.42
22.82
23.24
23.63
24.03
24.45
24.85
25.26
25.66
26.06
26.47
26.88
27.28
27.68
28.09
28.5
28.9
29.31
29.72
30.12
30.52
30.93
31.33
31.74
32.15
32.55
32.96
33.36
33.76
34.18
34.58
34.99
35.39
35.79
36.21
36.61
37.01
37.42
37.82
38.23
38.63
39.04
39.45
39.85
40.25
40.66
41.07
41.48
41.89
42.29
42.71
43.09
43.51
43.93
44.31
44.72
45.11
45.53
45.95
46.34
46.75
47.17
47.56
47.96
48.37
48.77
49.19
49.58
49.98
50.4
50.8
51.2
51.62
52.01
52.43
52.82
53.23
53.65
54.07
54.47
54.86
55.25
55.66
56.07
56.47
56.87
57.28
57.69
58.09
58.49
58.9
59.31
59.71
60.12
60.52
60.93
61.34
61.73
62.15
62.55
62.96
63.37
63.77
64.18
64.59
64.98
65.38
65.79
66.2
66.61
67.01
67.44
67.84
68.23
68.65
69.04
69.44
69.86
70.25
70.66
71.07
71.47
71.88
72.28
72.68
73.1
73.5
73.91
74.31
74.71
75.13
75.53
75.93
76.34
76.74
77.15
77.55
77.95
78.36
78.77
79.17
79.57
79.98
80.39
80.8
81.2
81.61
82.01
82.41
82.83
83.23
83.64
84.04
84.44
84.85
85.25
85.65
86.07
86.47
86.88
87.28
87.67
88.1
88.5
88.89
89.31
89.71
90.12
90.52
90.93
91.34
91.75
92.15
92.54
92.96
93.37
93.79
94.18
94.61
94.99
95.4
95.81
96.21
96.61
97.02
97.42
97.84
98.23
98.64
99.05
99.45
99.85
100.26
100.66
101.08
101.47
101.88
102.3
102.69
103.09
103.51
103.9
104.33
104.72
105.13
105.56
105.96
106.36
106.75
107.14
107.55
107.96
108.36
108.77
109.17
109.58
109.98
110.39
110.8
111.2
111.6
112.01
112.41
112.83
113.23
113.63
114.04
114.44
114.85
115.26
115.66
116.07
116.47
116.87
117.28
117.68
118.09
118.5
118.9
119.33
119.73
120.12
120.54
120.93
121.33
121.75
122.14
122.55
122.96
123.36
123.77
124.17
124.58
124.99
125.39
125.8
126.2
126.6
127.02
127.42
127.82
128.23
128.63
129.04
129.45
129.85
130.26
130.66
131.06
131.47
131.87
132.28
132.69
133.09
133.5
133.9
134.3
134.72
135.12
135.53
135.93
136.33
136.75
137.15
137.55
137.97
138.36
138.77
139.18
139.57
139.99
140.39
140.78
141.2
141.6
142.01
142.41
142.82
143.23
143.64
144.04
144.44
144.85
145.25
145.66
146.08
146.48
146.88
147.29
147.68
148.11
148.5
148.93
149.31
149.73
150.12
150.54
150.94
151.35
151.74
152.16
152.54
152.97
153.36
153.79
154.18
154.6
155.0
155.43
155.83
156.21
156.61
157.04
157.43
157.85
158.24
158.66
159.04
159.45
159.85
160.25
160.66
161.06
161.47
161.88
162.28
162.69
163.09
163.49
163.91
164.31
164.71
165.11
165.52
165.94
166.34
166.74
167.15
167.55
167.96
168.36
168.76
169.17
169.58
169.98
170.39
170.8
171.2
171.6
172.0
172.42
172.82
173.22
173.63
174.03
174.45
174.85
175.25
175.66
176.06
176.47
176.88
177.28
177.69
178.09
178.49
178.91
179.31
179.71
180.12
180.52
180.93
181.34
181.74
182.15
182.55
182.95
183.36
183.77
184.18
184.58
184.98
185.42
185.82
186.26
186.68
187.06
187.47
187.86
188.28
188.66
189.08
189.47
189.86
190.26
190.66
191.08
191.47
191.87
192.28
192.68
193.1
193.5
193.91
194.31
194.71
195.12
195.53
195.92
196.34
196.74
197.16
197.56
197.95
198.37
198.77
199.17
199.59
199.98
200.39
200.8
201.2
201.61
202.01
202.41
202.83
203.23
203.63
204.04
204.44
204.85
205.25
205.66
206.07
206.47
206.88
207.28
207.68
208.09
208.5
208.9
209.3
209.71
210.12
210.53
210.93
211.33
211.74
212.14
212.56
212.95
213.36
213.77
214.17
214.58
214.98
215.38
215.8
216.2
216.61
217.01
217.41
217.82
218.23
218.62
219.04
219.44
219.85
220.25
220.67
221.07
221.48
221.88
222.27
222.7
223.1
223.51
223.9
224.32
224.72
225.12
225.53
225.93
226.34
226.75
227.15
227.55
227.96
228.36
228.77
229.17
229.58
229.99
230.39
230.8
231.2
231.61
232.01
232.41
232.82
233.23
233.63
234.04
234.44
234.84
235.25
235.66
236.06
236.47
236.88
237.31
237.72
238.11
238.53
238.93
239.35
