0.17
0.7
1.22
1.74
2.25
2.77
3.28
3.79
4.29
4.81
5.33
5.83
6.35
6.87
7.39
7.89
8.4
8.91
9.43
9.94
10.45
10.97
11.49
11.99
12.5
13.01
13.53
14.04
14.55
15.07
15.58
16.09
16.6
17.11
17.63
18.14
18.66
19.17
19.68
20.2
20.71
21.22
21.74
22.24
22.76
23.27
23.79
24.29
24.8
25.32
25.83
26.34
26.86
27.38
27.9
28.4
28.92
29.42
29.94
30.45
30.96
31.47
31.99
32.5
33.01
33.53
34.04
34.54
35.06
35.57
36.09
36.61
37.12
37.63
38.15
38.65
39.18
39.69
40.2
40.7
41.21
41.73
42.25
42.76
43.27
43.79
44.3
44.81
45.33
45.84
46.36
46.87
47.38
47.89
48.4
48.91
49.42
49.93
50.44
50.96
51.48
52.0
52.5
53.01
53.53
54.04
54.56
55.08
55.59
56.1
56.61
57.12
57.64
58.15
58.66
59.17
59.68
60.2
60.7
61.22
61.74
62.25
62.76
63.27
63.78
64.3
64.81
65.32
65.83
66.34
66.86
67.37
67.89
68.39
68.91
69.42
69.93
70.44
70.96
71.47
71.99
72.5
73.02
73.53
74.04
74.55
75.06
75.58
76.1
76.61
77.13
77.63
78.15
78.65
79.17
79.68
80.19
80.71
81.22
81.72
82.23
82.75
83.27
83.78
84.3
84.81
85.33
85.84
86.35
86.86
87.37
87.88
88.4
88.92
89.42
89.94
90.44
90.96
91.48
91.98
92.5
93.01
93.53
94.04
94.55
95.06
95.58
96.08
96.6
97.12
97.64
98.14
98.66
99.17
99.69
100.2
100.71
101.23
101.74
102.24
102.76
103.27
103.79
104.3
104.82
105.33
105.83
106.35
106.85
107.37
107.89
108.4
108.91
109.43
109.94
110.45
110.96
111.48
111.99
112.5
113.01
113.53
114.04
114.55
115.07
115.58
116.1
116.61
117.12
117.63
118.14
118.66
119.17
119.68
120.2
120.71
121.23
121.74
122.25
122.76
123.27
123.78
124.29
124.81
125.32
125.83
126.35
126.87
127.37
127.88
128.4
128.92
129.43
129.94
130.46
130.96
131.48
131.99
132.51
133.02
133.53
134.04
134.55
135.07
135.58
136.09
136.61
137.12
137.63
138.14
138.66
139.17
139.71
140.23
140.74
141.27
141.77
142.28
142.79
143.3
143.81
144.32
144.83
145.34
145.85
146.36
146.87
147.38
147.91
148.41
148.92
149.42
149.93
150.44
150.95
151.45
151.97
152.47
152.98
153.49
153.98
154.5
155.02
155.53
156.05
156.59
157.09
157.58
158.08
158.59
159.11
159.62
160.13
160.64
161.15
161.67
162.19
162.69
163.21
163.72
164.24
164.73
165.25
165.76
166.28
166.8
167.31
167.82
168.33
168.85
169.37
169.88
170.4
170.93
171.45
171.99
172.51
173.01
173.52
174.02
174.54
175.06
175.58
176.09
176.6
177.11
177.63
178.15
178.66
179.17
179.69
180.19
180.71
181.22
181.74
182.24
182.76
183.27
183.78
184.28
184.8
185.32
185.84
186.35
186.87
187.38
187.89
188.39
188.9
189.42
189.94
190.45
190.97
191.48
191.99
192.51
193.03
193.53
194.05
194.56
195.07
195.58
196.09
196.61
197.12
197.63
198.16
198.67
199.18
199.68
200.2
200.71
201.22
201.74
202.26
202.77
203.28
203.8
204.28
204.82
205.3
205.82
206.36
206.87
207.38
207.88
208.35
208.84
209.32
209.8
