0.1
1.06
1.97
2.94
3.83
4.81
5.71
6.7
7.59
8.55
9.43
10.25
11.05
11.84
12.58
13.38
14.13
14.67
15.16
15.71
16.21
16.75
17.24
17.76
18.28
18.82
19.29
19.76
20.22
20.7
21.15
21.63
22.09
22.56
23.04
23.51
23.98
24.46
24.92
25.39
25.85
26.33
26.79
27.28
27.74
28.2
28.67
29.13
29.6
30.07
30.54
31.02
31.48
31.94
32.41
32.9
33.35
33.83
34.29
34.77
35.23
35.71
36.17
36.63
37.1
37.57
38.04
38.52
38.98
39.45
39.92
40.39
40.85
41.32
41.79
42.27
42.74
43.2
43.67
44.14
44.6
45.07
45.54
46.02
46.48
46.95
47.41
47.88
48.35
48.82
49.29
49.78
50.22
50.69
51.16
51.63
52.1
52.57
53.05
53.51
53.99
54.45
54.92
55.39
55.86
56.33
56.8
57.26
57.73
58.2
58.67
59.13
59.61
60.07
60.54
61.01
61.48
61.95
62.42
62.88
63.35
63.83
64.29
64.76
65.23
65.7
66.17
66.63
67.1
67.57
68.03
68.5
68.97
69.44
69.91
70.38
70.85
71.32
71.78
72.25
72.72
73.19
73.66
74.13
74.6
75.07
75.53
76.0
76.47
76.94
77.41
77.88
78.35
78.82
79.28
79.75
80.22
80.69
81.16
81.63
82.1
82.56
83.03
83.5
83.97
84.44
84.91
85.38
85.85
86.32
86.78
87.25
87.72
88.2
88.66
89.13
89.6
90.08
90.55
91.0
91.49
91.98
92.44
92.91
93.38
93.85
94.33
94.77
95.24
95.72
96.18
96.66
97.1
97.57
98.03
98.5
98.97
99.44
99.91
100.38
100.85
101.32
101.78
102.25
102.72
103.19
103.66
104.13
104.6
105.06
105.53
106.0
106.47
106.94
107.41
107.88
108.35
108.81
109.28
109.75
110.22
110.69
111.16
111.63
112.1
112.57
113.03
113.5
113.97
114.44
114.91
115.38
115.85
116.32
116.78
117.25
117.72
118.19
118.66
119.13
119.6
120.07
120.53
121.0
121.47
121.94
122.41
122.88
123.35
123.82
124.28
124.75
125.22
125.69
126.16
126.63
127.1
127.57
128.04
128.5
128.98
129.45
129.92
130.38
130.86
131.32
131.79
132.26
132.73
133.19
133.67
134.13
134.6
135.07
135.54
136.01
136.48
136.95
137.41
137.88
138.36
138.82
139.29
139.76
140.23
140.7
141.16
141.63
142.1
142.56
143.03
143.5
143.97
144.44
144.91
145.38
145.85
146.32
146.78
147.25
147.72
148.19
148.66
149.13
149.6
150.07
150.53
151.0
151.47
151.94
152.41
152.88
153.35
153.82
154.28
154.75
155.22
155.7
156.16
156.63
157.1
157.57
158.03
158.5
158.97
159.44
159.91
160.38
160.85
161.31
161.78
162.25
162.72
163.19
163.66
164.13
164.6
165.06
165.53
166.0
166.47
166.94
167.41
167.88
168.35
168.82
169.28
169.75
170.22
170.69
171.15
171.64
172.09
172.56
173.04
173.51
173.98
174.45
174.92
175.38
175.85
176.32
176.79
177.26
177.73
178.19
178.66
179.13
179.6
180.07
180.54
181.01
181.48
181.95
182.42
182.88
183.35
183.82
184.29
184.76
185.23
185.7
186.17
186.63
187.08
187.55
188.03
188.5
188.97
189.44
189.91
190.38
190.85
191.32
191.78
192.25
192.72
193.19
193.66
194.13
194.6
195.07
195.53
196.0
196.47
196.94
197.41
197.88
198.35
198.82
199.28
199.75
200.22
200.69
201.16
201.63
202.1
202.57
203.03
203.5
203.97
204.44
204.91
205.38
205.85
206.32
206.79
207.25
207.72
208.19
208.66
209.13
209.6
210.06
210.55
211.0
211.49
211.94
212.41
212.9
213.37
213.82
214.31
214.78
215.23
215.69
216.14
216.62
217.1
217.56
218.02
218.51
218.98
219.44
219.9
