0.4
0.99
1.57
2.14
2.7
3.29
3.87
4.44
5.03
5.6
6.18
6.75
7.32
7.87
8.46
9.03
9.62
10.2
10.78
11.34
11.89
12.48
13.05
13.62
14.2
14.77
15.34
15.92
16.5
17.06
17.64
18.2
18.78
19.34
19.92
20.49
21.07
21.62
22.19
22.76
23.34
23.89
24.46
25.02
25.59
26.14
26.71
27.27
27.83
28.4
28.93
29.48
30.02
30.6
31.17
31.73
32.3
32.86
33.42
33.99
34.56
35.11
35.69
36.25
36.82
37.37
37.94
38.51
39.08
39.63
40.2
40.76
41.33
41.89
42.45
43.02
43.57
44.14
44.7
45.26
45.83
46.38
46.95
47.52
48.08
48.65
49.22
49.77
50.34
50.9
51.46
52.02
52.58
53.13
53.7
54.26
54.83
55.38
55.95
56.51
57.06
57.66
58.21
58.79
59.34
59.9
60.46
61.02
61.6
62.15
62.71
63.27
63.83
64.4
64.96
65.51
66.07
66.62
67.17
67.73
68.31
68.85
69.41
69.96
70.53
71.08
71.64
72.22
72.78
73.33
73.86
74.41
74.95
75.52
76.08
76.64
77.21
77.76
78.32
78.89
79.45
80.0
80.56
81.12
81.68
82.24
82.8
83.36
83.92
84.48
85.04
85.6
86.16
86.71
87.28
87.84
88.4
88.96
89.53
90.08
90.65
91.21
91.78
92.34
92.9
93.46
94.03
94.59
95.15
95.68
96.24
96.76
97.29
97.82
98.38
98.94
99.5
100.04
100.59
101.12
101.69
102.26
102.82
103.36
103.91
104.46
104.98
105.53
106.06
106.63
107.18
107.74
108.29
108.83
109.39
109.93
110.48
111.05
111.62
112.18
112.74
113.3
113.85
114.42
114.99
115.54
116.1
116.65
117.2
117.76
118.33
118.89
119.44
120.04
120.61
121.17
121.74
122.29
122.86
123.43
123.99
124.55
125.13
125.69
126.26
126.81
127.38
127.94
128.5
129.06
129.62
130.18
130.75
131.31
131.86
132.42
132.99
133.54
134.1
134.67
135.23
135.78
136.32
136.88
137.43
138.02
138.59
139.15
139.71
140.27
140.83
141.39
141.96
142.52
143.1
143.67
144.23
144.79
145.36
145.91
146.48
147.03
147.6
148.16
148.73
149.28
149.85
150.4
150.96
151.51
152.07
152.64
153.2
153.76
154.32
154.87
155.42
156.0
156.57
157.12
157.68
158.23
158.79
159.35
159.92
160.48
161.06
161.6
162.17
162.72
163.28
163.84
164.4
164.97
165.54
166.09
166.64
167.2
167.76
168.31
168.88
169.43
169.99
170.56
171.12
171.67
172.21
172.76
173.3
173.87
174.44
175.0
175.57
176.12
176.69
177.24
177.8
178.38
178.94
179.5
180.06
180.61
181.18
181.73
182.29
182.86
183.42
183.98
184.55
185.11
185.66
186.23
186.78
187.35
187.91
188.47
189.03
189.59
190.11
190.65
191.19
191.77
192.33
192.88
193.45
194.0
194.56
195.11
195.68
196.26
196.81
197.36
197.92
198.48
199.04
199.59
200.15
200.72
201.28
201.82
202.38
202.93
203.49
204.05
204.61
205.17
205.74
206.29
206.83
207.38
207.92
208.45
209.0
209.58
210.13
210.69
211.25
211.81
212.38
212.94
213.5
214.08
214.63
215.19
215.75
216.31
216.86
217.45
217.98
