0.37
0.87
1.36
1.85
2.35
2.83
3.33
3.81
4.3
4.79
5.28
5.77
6.26
6.75
7.25
7.74
8.23
8.72
9.21
9.7
10.2
10.69
11.18
11.67
12.16
12.66
13.15
13.64
14.13
14.62
15.11
15.61
16.1
16.59
17.08
17.57
18.07
18.56
19.05
19.54
20.03
20.53
21.02
21.51
22.0
22.49
22.99
23.48
23.97
24.46
24.95
25.44
25.94
26.43
26.92
27.41
27.9
28.4
28.89
29.38
29.87
30.36
30.85
31.35
31.84
32.33
32.82
33.31
33.81
34.3
34.79
35.28
35.77
36.27
36.76
37.25
37.74
38.23
38.72
39.22
39.71
40.2
40.69
41.18
41.68
42.16
42.66
43.15
43.64
44.14
44.63
45.12
45.61
46.1
46.59
47.09
47.58
48.07
48.56
49.05
49.55
50.04
50.53
51.02
51.51
52.01
52.5
52.99
53.48
53.97
54.46
54.96
55.45
55.94
56.43
56.92
57.42
57.91
58.4
58.89
59.38
59.87
60.37
60.86
61.35
61.84
62.33
62.82
63.32
63.81
64.3
64.79
65.28
65.77
66.27
66.76
67.25
67.74
68.23
68.72
69.22
69.71
70.2
70.69
71.19
71.68
72.17
72.66
73.15
73.64
74.14
74.63
75.12
75.61
76.1
76.59
77.09
77.58
78.07
78.56
79.05
79.55
80.04
80.53
81.02
81.51
82.0
82.5
82.99
83.48
83.97
84.46
84.96
85.45
85.94
86.43
86.92
87.42
87.91
88.4
88.89
89.38
89.87
90.37
90.86
91.35
91.84
92.33
92.83
93.32
93.81
94.3
94.79
95.28
95.78
96.27
96.76
97.25
97.74
98.23
98.73
99.22
99.71
100.2
100.69
101.19
101.68
102.17
102.66
103.16
103.65
104.14
104.63
105.12
105.61
106.11
106.6
107.09
107.58
108.07
108.57
109.06
109.55
110.04
110.53
111.02
111.51
112.01
112.5
112.99
113.48
113.97
114.47
114.96
115.45
115.94
116.43
116.93
117.42
117.91
118.4
118.89
119.38
119.88
120.37
120.86
121.35
121.84
122.34
122.83
123.32
123.81
124.3
124.8
125.29
125.78
126.27
126.76
127.25
127.75
128.24
128.73
129.22
129.71
130.2
130.7
131.19
131.69
132.18
132.68
133.15
133.65
134.15
134.64
135.15
135.63
136.12
136.61
137.1
137.59
138.06
138.55
139.07
139.54
140.04
140.55
141.04
141.52
142.0
142.52
142.99
143.49
143.99
144.47
144.96
145.45
145.94
146.43
146.93
147.43
147.92
148.42
148.9
149.4
149.88
150.38
150.87
151.36
151.85
152.36
152.83
153.34
153.83
154.32
154.78
155.28
155.78
156.27
156.76
157.26
157.75
158.24
158.73
159.22
159.71
160.21
160.7
161.19
161.68
162.17
162.67
163.16
163.65
164.14
164.63
165.12
165.62
166.11
166.6
167.09
167.59
168.08
168.57
169.06
169.55
170.04
170.54
171.03
171.52
172.01
172.5
172.99
173.49
173.98
174.47
174.96
175.45
175.95
176.44
176.93
177.42
177.91
178.4
178.89
179.39
179.88
180.37
180.86
181.35
181.85
182.34
182.83
183.32
183.81
184.31
184.8
185.29
185.78
186.27
186.76
187.26
187.75
188.24
188.72
189.2
189.67
190.14
190.62
