0.55
1.48
2.42
3.36
4.3
5.24
6.17
7.11
8.05
8.99
9.92
10.86
11.8
12.73
13.67
14.61
15.55
16.49
17.42
18.36
19.3
20.24
21.17
22.11
23.05
23.99
24.92
25.86
26.8
27.74
28.68
29.54
30.07
30.56
31.03
31.49
31.96
32.43
32.9
33.37
33.84
34.31
34.77
35.24
35.71
36.18
36.65
37.12
37.6
38.07
38.53
39.0
39.47
39.94
40.41
40.88
41.35
41.82
42.28
42.76
43.23
43.7
44.16
44.63
45.1
45.56
46.04
46.5
46.97
47.43
47.91
48.37
48.85
49.31
49.79
50.25
50.72
51.18
51.66
52.12
52.6
53.06
53.54
54.0
54.47
54.94
55.41
55.87
56.35
56.81
57.29
57.75
58.22
58.68
59.16
59.63
60.1
60.57
61.04
61.5
61.98
62.44
62.91
63.37
63.85
64.31
64.79
65.25
65.73
66.19
66.66
67.12
67.6
68.06
68.54
69.0
69.48
69.94
70.41
70.87
71.35
71.81
72.29
72.75
73.23
73.69
74.16
74.63
75.1
75.57
76.04
76.51
76.98
77.44
77.91
78.37
78.85
79.31
79.79
80.26
80.73
81.18
81.66
82.12
82.6
83.06
83.54
84.0
84.48
84.94
85.42
85.87
86.35
86.81
87.29
87.75
88.23
88.69
89.17
89.62
90.1
90.56
91.04
91.5
91.98
92.44
92.92
93.38
93.85
94.31
94.79
95.26
95.73
96.19
96.67
97.13
97.6
98.06
98.55
99.0
99.49
99.94
100.41
100.87
101.36
101.81
102.3
102.76
103.23
103.7
104.17
104.64
105.11
105.57
106.05
106.51
106.98
107.44
107.92
108.38
108.86
109.32
109.79
110.25
110.73
111.19
111.67
112.13
112.61
113.07
113.55
114.01
114.48
114.94
115.42
115.88
116.36
116.82
117.3
117.76
118.23
118.69
119.17
119.63
120.11
120.57
121.05
121.51
121.98
122.45
122.92
123.38
123.86
124.32
124.8
125.26
125.73
126.19
126.67
127.14
127.61
128.07
128.55
129.01
129.49
129.95
130.42
130.88
131.36
131.82
132.3
132.76
133.24
133.69
134.17
134.64
135.11
135.57
136.05
136.51
136.98
137.44
137.92
138.38
138.86
139.32
139.8
140.26
140.74
141.19
141.67
142.13
142.62
143.07
143.54
144.01
144.48
144.94
145.42
145.88
146.36
146.82
147.3
147.76
148.24
148.69
149.17
149.63
150.12
150.57
151.05
151.51
152.0
152.44
152.92
153.38
153.86
154.32
154.8
155.26
155.74
156.2
156.68
157.13
157.62
158.08
158.55
159.02
159.49
159.96
160.43
160.9
161.37
161.84
162.31
162.78
163.25
163.71
164.19
164.65
165.12
165.58
166.05
166.52
166.99
167.45
167.93
168.39
168.87
169.33
169.8
170.26
170.74
171.2
171.68
172.14
172.62
173.08
173.55
174.01
174.49
174.95
175.43
175.89
176.37
176.83
177.3
177.77
178.24
178.7
179.18
179.65
180.12
180.58
181.06
181.52
181.99
182.45
182.93
183.39
183.87
184.33
184.81
185.26
185.74
186.2
186.68
187.14
187.62
188.08
188.56
189.02
189.49
189.95
190.43
190.89
191.37
191.83
192.31
192.77
193.24
193.7
194.18
194.64
195.11
195.58
196.05
196.52
197.0
197.46
197.93
198.41
198.89
199.34
199.83
200.28
200.75
201.22
201.69
