0.1
0.58
1.07
1.52
1.96
2.41
2.85
3.31
3.77
4.24
4.68
5.15
5.62
6.06
6.54
7.0
7.48
7.96
8.42
8.88
9.33
9.79
10.25
10.71
11.17
11.63
12.1
12.56
13.02
13.48
13.94
14.4
14.86
15.33
15.79
16.25
16.71
17.17
17.63
18.1
18.56
19.02
19.48
19.94
20.4
20.86
21.33
21.79
22.25
22.71
23.17
23.63
24.09
24.56
25.02
25.48
25.94
26.4
26.87
27.33
27.79
28.25
28.71
29.17
29.63
30.1
30.56
31.02
31.48
31.94
32.4
32.87
33.33
33.79
34.25
34.71
35.17
35.64
36.1
36.56
37.02
37.49
37.94
38.42
38.86
39.33
39.79
40.26
40.71
41.17
41.63
42.08
42.55
43.03
43.48
43.95
44.4
44.87
45.33
45.79
46.25
46.72
47.17
47.63
48.09
48.57
49.02
49.47
49.94
50.4
50.87
51.34
51.78
52.25
52.71
53.17
53.62
54.09
54.55
55.02
55.48
55.93
56.4
56.86
57.32
57.78
58.25
58.72
59.17
59.63
60.09
60.56
61.01
61.48
61.94
62.41
62.86
63.33
63.79
64.24
64.7
65.18
65.63
66.1
66.55
67.02
67.48
67.95
68.4
68.86
69.32
69.79
70.25
70.71
71.17
71.63
72.09
72.55
73.02
73.48
73.94
74.4
74.86
75.32
75.79
76.25
76.71
77.17
77.63
78.09
78.56
79.02
79.48
79.94
80.4
80.86
81.32
81.79
82.25
82.71
83.17
83.63
84.09
84.56
85.02
85.48
85.94
86.4
86.86
87.32
87.79
88.25
88.71
89.17
89.63
90.09
90.55
91.02
91.48
91.94
92.4
92.86
93.32
93.79
94.25
94.71
95.17
95.63
96.09
96.57
97.02
97.49
97.94
98.41
98.86
99.33
99.79
100.25
100.71
101.17
101.63
102.09
102.56
103.02
103.48
103.94
104.4
104.87
105.33
105.8
106.25
106.72
107.17
107.63
108.09
108.55
109.02
109.48
109.94
110.4
110.86
111.32
111.79
112.25
112.71
113.16
113.63
114.08
114.55
115.02
115.48
115.94
116.4
116.86
117.33
117.79
118.24
118.71
119.17
119.63
120.09
120.56
121.02
121.48
121.94
122.4
122.86
123.32
123.79
124.25
124.71
125.17
125.63
126.11
126.56
127.02
127.48
127.94
128.4
128.86
129.33
129.79
130.25
130.71
131.17
131.63
132.09
132.55
133.02
133.48
133.94
134.4
134.86
135.33
135.79
136.25
136.71
137.17
137.63
138.09
138.56
139.02
139.48
139.94
140.4
140.86
141.33
141.79
142.25
142.71
143.17
143.63
144.09
144.55
145.02
145.48
145.94
146.4
146.86
147.32
147.79
148.25
148.71
149.17
149.63
150.09
150.56
151.02
151.48
151.94
152.4
152.86
153.32
153.79
154.25
154.71
155.17
155.64
156.09
156.57
157.05
157.51
157.97
158.43
158.9
159.36
159.81
160.27
160.74
161.2
161.66
162.12
162.59
163.05
163.5
163.97
164.43
164.89
165.35
165.82
166.28
166.74
167.2
167.66
168.12
168.59
169.05
169.51
169.97
170.44
170.89
171.35
171.82
172.26
172.73
173.19
173.66
174.11
174.57
175.03
175.49
175.94
176.41
176.86
177.33
177.8
178.26
178.72
179.18
179.63
180.1
180.56
181.02
181.48
181.95
182.41
182.87
183.33
183.79
184.26
184.71
185.17
185.64
186.1
186.56
187.02
187.48
187.94
188.4
188.86
189.33
189.79
190.25
190.71
191.17
191.63
192.09
192.56
193.02
193.48
193.94
194.4
194.86
195.33
195.79
196.25
196.71
197.17
197.63
198.09
198.56
199.02
199.48
199.94
200.4
200.86
201.32
201.79
202.25
202.71
203.17
203.63
204.09
204.56
205.02
205.48
205.94
206.4
206.86
207.32
207.79
208.25
208.71
209.17
209.63
210.1
210.56
211.02
211.48
211.94
212.4
212.86
213.32
213.79
214.25
214.71
215.17
215.63
216.08
216.56
217.02
217.47
217.94
218.4
218.86
219.29
219.76
220.2
