0.08
0.74
1.42
2.08
2.75
3.41
4.08
4.75
5.42
6.08
6.75
7.42
8.08
8.75
9.42
10.09
10.77
11.44
12.1
12.76
13.46
14.12
14.77
15.45
16.11
16.79
17.45
18.12
18.76
19.42
20.09
20.78
21.43
22.1
22.77
23.46
24.1
24.77
25.42
26.1
26.77
27.39
28.1
28.75
29.42
30.08
30.75
31.43
32.14
32.8
33.5
34.13
34.76
35.43
36.13
36.78
37.45
38.09
38.78
39.44
40.11
40.8
41.44
42.13
42.77
43.45
44.13
44.78
45.44
46.13
46.78
47.45
48.11
48.81
49.45
50.13
50.77
51.47
52.13
52.8
53.44
54.15
54.8
55.49
56.13
56.81
57.47
58.11
58.77
59.45
60.1
60.79
61.44
62.12
62.79
63.44
64.11
64.77
65.43
66.1
66.77
67.43
68.1
68.76
69.44
70.12
70.76
71.46
72.12
72.76
73.42
74.08
74.75
75.42
76.08
76.75
77.42
78.08
78.75
79.42
80.08
80.75
81.42
82.08
82.75
83.42
84.08
84.75
85.42
86.08
86.75
87.42
88.08
88.75
89.42
90.08
90.75
91.42
92.08
92.75
93.41
94.08
94.75
95.42
96.09
96.75
97.42
98.09
98.75
99.42
100.09
100.75
101.42
102.09
102.75
103.42
104.08
104.75
105.42
106.09
106.75
107.42
108.08
108.75
109.42
110.08
110.76
111.42
112.09
112.75
113.42
114.08
114.75
115.42
116.07
116.75
117.42
118.08
118.75
119.42
120.09
120.75
121.42
122.09
122.75
123.42
124.09
124.75
125.42
126.08
126.75
127.42
128.09
128.75
129.42
130.09
130.75
131.42
132.09
132.75
133.42
134.08
134.75
135.42
136.08
136.75
137.42
138.09
138.76
139.42
140.08
140.75
141.42
142.08
142.75
143.42
144.09
144.75
145.42
146.08
146.75
147.42
148.09
148.75
149.42
150.08
150.75
151.42
152.08
152.75
153.42
154.08
154.75
155.42
156.08
156.75
157.42
158.08
158.75
159.42
160.09
160.78
161.43
162.09
162.79
163.45
164.11
164.75
165.43
166.12
166.79
167.46
168.09
168.76
169.43
170.1
170.75
171.42
172.09
172.75
173.42
174.09
174.76
175.42
176.09
176.75
177.42
178.08
178.75
179.42
180.07
180.75
181.42
182.08
182.76
183.42
184.09
184.75
185.42
186.09
186.75
187.42
188.09
188.75
189.42
190.09
190.76
191.42
192.09
192.75
193.42
194.09
194.75
195.42
196.09
196.75
197.42
198.09
198.75
199.42
200.08
200.75
201.42
202.09
202.75
203.42
204.08
204.75
205.42
206.09
206.75
207.42
208.08
208.75
209.42
210.08
210.75
211.42
212.09
212.75
213.41
214.11
214.76
215.43
216.12
216.78
217.45
218.09
218.77
219.46
220.12
220.79
221.42
222.14
222.8
223.48
