0.15
0.64
1.17
1.63
2.15
2.63
3.11
3.59
4.11
4.59
5.06
5.56
6.03
6.52
7.01
7.5
8.0
8.49
8.98
9.47
9.96
10.45
10.95
11.44
11.93
12.42
12.91
13.4
13.89
14.39
14.88
15.37
15.86
16.35
16.85
17.33
17.82
18.32
18.81
19.3
19.79
20.28
20.78
21.27
21.76
22.25
22.74
23.24
23.72
24.22
24.7
25.2
25.69
26.18
26.67
27.16
27.65
28.15
28.64
29.13
29.62
30.11
30.6
31.1
31.59
32.08
32.57
33.06
33.55
34.04
34.54
35.03
35.52
36.01
36.5
36.99
37.48
37.98
38.47
38.96
39.45
39.94
40.43
40.92
41.41
41.91
42.4
42.89
43.38
43.87
44.36
44.86
45.35
45.84
46.33
46.82
47.31
47.81
48.3
48.79
49.28
49.77
50.26
50.75
51.24
51.74
52.23
52.72
53.21
53.7
54.19
54.68
55.18
55.67
56.17
56.65
57.15
57.63
58.13
58.62
59.11
59.6
60.1
60.58
61.08
61.57
62.06
62.55
63.05
63.53
64.02
64.52
65.01
65.5
65.99
66.48
66.97
67.47
67.96
68.45
68.94
69.43
69.92
70.41
70.91
71.4
71.89
72.38
72.87
73.36
73.85
74.35
74.84
75.33
75.82
76.31
76.8
77.29
77.79
78.28
78.77
79.26
79.75
80.24
80.73
81.22
81.72
82.21
82.7
83.19
83.68
84.18
84.66
85.16
85.65
86.14
86.63
87.12
87.61
88.1
88.59
89.09
89.57
90.07
90.56
91.05
91.55
92.03
92.52
93.02
93.51
94.0
94.49
94.98
95.48
95.97
96.46
96.95
97.44
97.93
98.42
98.92
99.41
99.9
100.39
100.88
101.38
101.87
102.36
102.85
103.35
103.83
104.32
104.81
105.31
105.8
106.29
106.78
107.27
107.76
108.25
108.74
109.24
109.73
110.22
110.71
111.21
111.69
112.19
112.68
113.17
113.66
114.15
114.64
115.13
115.63
116.12
116.61
117.1
117.59
118.09
118.58
119.07
119.56
120.05
120.54
121.03
121.53
122.02
122.51
123.0
123.49
123.98
124.47
124.97
125.46
125.95
126.44
126.93
127.42
127.91
128.4
128.89
129.38
129.88
130.37
130.86
131.35
131.84
132.34
132.83
133.3
133.81
134.3
134.8
135.28
135.78
136.27
136.76
137.25
137.74
138.23
138.72
139.22
139.71
140.2
140.69
141.18
141.68
142.17
142.66
143.15
143.64
144.13
144.62
145.11
145.61
146.1
146.59
147.08
147.57
148.06
148.55
149.04
149.53
150.03
150.52
151.01
151.51
152.0
152.5
152.98
153.47
153.96
154.45
154.94
155.44
155.93
156.43
156.91
157.4
157.89
158.39
158.88
159.36
159.86
160.35
160.84
161.33
161.82
162.31
162.81
163.3
163.79
164.28
164.77
165.26
165.76
166.25
166.74
167.24
167.72
168.21
168.7
169.21
169.69
