0.07
0.48
0.89
1.3
1.71
2.12
2.53
2.94
3.32
3.72
4.13
4.54
4.92
5.32
5.75
6.15
6.57
7.01
7.41
7.83
8.25
8.69
9.11
9.53
9.93
10.36
10.76
11.16
11.57
12.0
12.39
12.81
13.22
13.63
14.04
14.47
14.86
15.28
15.69
16.1
16.51
16.91
17.33
17.75
18.15
18.57
18.98
19.38
19.8
20.21
20.62
21.03
21.44
21.86
22.26
22.67
23.09
23.5
23.91
24.32
24.73
25.14
25.55
25.96
26.37
26.79
27.19
27.61
28.01
28.43
28.83
29.25
29.66
30.07
30.48
30.91
31.3
31.72
32.12
32.54
32.95
33.36
33.77
34.18
34.59
35.01
35.42
35.83
36.23
36.65
37.06
37.47
37.87
38.3
38.7
39.11
39.51
39.94
40.34
40.75
41.16
41.59
41.99
42.4
42.82
43.23
43.63
44.03
44.45
44.85
45.27
45.69
46.09
46.51
46.92
47.33
47.74
48.16
48.56
48.97
49.39
49.8
50.21
50.61
51.03
51.45
51.85
52.26
52.67
53.08
53.49
53.9
54.31
54.73
55.14
55.54
55.96
56.37
56.78
57.19
57.6
58.02
58.43
58.84
59.25
59.66
60.07
60.48
60.89
61.3
61.71
62.12
62.54
62.95
63.36
63.77
64.18
64.59
65.0
65.39
65.81
66.21
66.62
67.05
67.45
67.87
68.28
68.69
69.08
69.51
69.9
70.33
70.74
71.17
71.57
71.99
72.4
72.82
73.22
73.64
74.04
74.45
74.87
75.28
75.69
76.11
76.51
76.93
77.33
77.74
78.15
78.57
78.97
79.37
79.8
80.21
80.62
81.04
81.45
81.86
82.26
82.69
83.1
83.5
83.91
84.32
84.74
85.15
85.55
85.97
86.37
86.79
87.19
87.61
88.04
88.45
88.87
89.27
89.68
90.11
90.52
90.92
91.34
91.74
92.15
92.57
92.97
93.39
93.79
94.18
94.59
95.01
95.42
95.84
96.24
96.65
97.06
97.47
97.88
98.29
98.7
99.11
99.52
99.93
100.34
100.76
101.16
101.58
101.99
102.4
102.81
103.23
103.64
104.05
104.45
104.87
105.29
105.71
106.12
106.56
106.96
107.34
107.77
108.16
108.57
109.0
109.39
109.81
110.21
110.62
111.05
111.45
111.85
112.28
112.67
113.09
113.49
113.9
114.32
114.73
115.14
115.55
115.96
116.37
116.78
117.19
117.6
118.02
118.43
118.84
119.25
119.66
120.07
120.48
120.89
121.3
121.71
122.12
122.53
122.95
123.36
123.77
124.18
124.59
125.0
125.41
125.82
126.25
126.66
127.06
127.46
127.89
128.29
128.7
129.11
129.53
129.93
130.34
130.77
131.17
131.58
131.98
132.4
132.8
133.22
133.63
134.03
134.46
134.86
135.27
135.69
136.11
136.51
136.92
137.34
137.75
138.15
138.55
138.97
139.39
139.8
140.2
140.62
141.03
141.44
141.86
142.25
142.67
143.09
143.51
143.91
144.32
144.73
145.14
145.55
145.96
146.37
146.8
147.19
147.6
148.02
148.44
148.84
149.25
149.66
150.07
150.49
150.89
151.31
151.73
152.12
152.55
152.95
153.36
153.77
154.19
154.59
155.02
155.41
155.83
156.24
156.65
157.06
157.47
157.88
158.3
158.7
159.12
159.52
159.93
160.35
160.76
161.17
161.57
161.99
162.41
162.81
163.22
163.64
164.05
164.46
164.87
165.27
165.69
166.1
166.51
166.92
167.34
167.74
168.14
168.56
168.98
169.39
169.8
170.21
170.63
171.03
171.44
171.85
172.27
172.67
173.08
173.5
173.92
174.32
174.75
175.14
175.56
175.97
176.37
176.8
177.2
177.61
178.02
178.43
178.85
179.25
179.66
180.07
180.48
180.89
181.3
181.71
182.13
182.54
182.95
183.36
183.77
184.18
184.59
185.0
185.42
185.82
186.23
186.65
187.06
187.47
187.88
188.29
188.7
189.11
189.52
189.93
190.34
190.75
191.17
191.58
191.99
192.4
192.81
193.21
193.64
194.04
194.45
194.86
195.29
195.69
196.1
196.52
196.93
197.33
197.73
198.15
198.55
198.97
199.38
199.79
200.22
200.62
201.03
201.44
201.86
202.26
202.67
203.09
203.5
203.9
204.31
204.72
205.15
205.55
205.96
206.37
206.78
207.19
207.6
208.01
208.43
208.84
209.25
209.66
210.07
210.48
210.89
211.3
211.72
212.12
212.53
212.94
213.36
213.77
214.18
214.59
215.01
215.41
215.82
216.23
216.65
217.05
217.47
217.88
218.29
218.7
219.11
219.53
219.92
220.34
220.74
221.15
221.56
221.97
222.38
