0.08
0.56
1.04
1.51
1.99
2.48
2.95
3.44
3.92
4.4
4.87
5.36
5.84
6.32
6.8
7.28
7.76
8.24
8.71
9.2
9.68
10.16
10.65
11.13
11.6
12.08
12.56
13.04
13.51
13.99
14.47
14.96
15.43
15.91
16.39
16.87
17.35
17.83
18.31
18.79
19.27
19.75
20.23
20.71
21.19
21.67
22.15
22.63
23.11
23.59
24.07
24.55
25.03
25.51
25.99
26.47
26.95
27.43
27.91
28.39
28.87
29.35
29.83
30.31
30.79
31.27
31.76
32.23
32.72
33.19
33.68
34.15
34.64
35.11
35.59
36.07
36.56
37.03
37.52
37.99
38.48
38.95
39.42
39.91
40.4
40.87
41.37
41.83
42.33
42.8
43.28
43.76
44.24
44.71
45.19
45.66
46.14
46.63
47.11
47.59
48.07
48.55
49.03
49.51
49.99
50.47
50.95
51.43
51.91
52.39
52.87
53.35
53.83
54.31
54.79
55.27
55.75
56.23
56.71
57.19
57.67
58.15
58.63
59.11
59.59
60.07
60.55
61.03
61.51
61.99
62.47
62.95
63.43
63.91
64.39
64.87
65.35
65.83
66.31
66.79
67.27
67.75
68.23
68.71
69.19
69.67
70.15
70.63
71.11
71.59
72.07
72.55
73.03
73.51
73.99
74.47
74.95
75.43
75.91
76.39
76.87
77.35
77.83
78.31
78.79
79.27
79.75
80.23
80.71
81.19
81.67
82.15
82.63
83.11
83.59
84.07
84.55
85.03
85.51
85.99
86.47
86.95
87.43
87.91
88.39
88.87
89.35
89.83
90.31
90.79
91.27
91.75
92.23
92.71
93.19
93.67
94.15
94.63
95.11
95.59
96.07
96.55
97.03
97.51
97.99
98.47
98.95
99.43
99.91
100.39
100.87
101.35
101.83
102.31
102.79
103.27
103.75
104.24
104.72
105.2
105.68
106.15
106.63
107.1
107.59
108.07
108.55
109.03
109.51
109.99
110.47
110.95
111.43
111.91
112.39
112.87
113.35
113.83
114.31
114.79
115.27
115.75
116.23
116.71
117.19
117.67
118.15
118.63
119.11
119.59
120.07
120.55
121.03
121.51
121.99
122.47
122.95
123.43
123.91
124.39
124.87
125.35
125.83
126.31
126.79
127.27
127.75
128.23
128.71
129.19
129.67
130.15
130.63
131.11
131.59
132.07
132.55
133.03
133.51
133.99
134.47
134.95
135.43
135.91
136.39
136.87
137.35
137.83
138.31
138.79
139.27
139.75
140.23
140.71
141.19
141.67
142.15
142.63
143.11
143.59
144.07
144.55
145.03
145.51
145.99
146.47
146.95
147.43
147.91
148.39
148.87
149.35
149.83
150.31
150.79
151.27
151.75
152.23
152.71
153.19
153.67
154.16
154.64
155.13
155.61
156.11
156.57
157.03
157.52
157.99
158.48
158.96
159.44
159.93
160.4
160.87
161.36
161.83
162.32
162.79
163.27
163.76
164.24
164.71
165.2
165.67
166.15
166.63
167.12
167.59
168.06
168.55
169.04
169.51
169.99
170.47
170.95
171.43
171.91
172.39
172.86
173.34
173.83
174.3
174.78
175.27
175.75
176.23
176.71
177.19
177.67
178.15
178.63
179.11
179.59
180.07
180.55
181.03
181.51
181.99
182.47
182.95
183.43
183.91
184.39
184.87
185.35
185.83
186.31
186.79
187.27
187.75
188.23
188.71
189.19
189.67
190.15
190.63
191.11
191.59
192.07
192.55
193.03
193.51
193.99
194.47
194.95
195.43
195.91
196.39
196.87
197.35
197.83
198.31
198.79
199.27
199.75
200.23
200.71
201.19
201.67
202.15
202.63
203.11
203.59
204.07
204.55
205.03
205.51
205.99
206.47
206.95
207.43
207.91
208.39
208.87
209.35
209.83
210.31
210.79
211.27
211.75
212.23
212.71
213.19
213.67
214.15
214.63
215.11
215.59
216.07
216.55
217.03
217.51
217.99
218.47
218.95
219.43
219.91
220.39
220.87
221.35
221.83
222.31
222.79
223.27
223.75
224.2
224.67
225.15
225.66
226.15
226.63
227.15
227.67
