0.1
0.48
0.89
1.26
1.65
2.02
2.4
2.77
3.15
3.55
3.93
4.31
4.71
5.09
5.47
5.84
6.21
6.61
6.99
7.36
7.75
8.14
8.52
8.91
9.29
9.66
10.04
10.41
10.8
11.18
11.56
11.93
12.32
12.71
13.1
13.5
13.89
14.27
14.64
15.01
15.39
15.78
16.16
16.54
16.94
17.32
17.69
18.07
18.46
18.84
19.22
19.61
19.98
20.36
20.75
21.12
21.5
21.87
22.26
22.65
23.05
23.42
23.81
24.2
24.57
24.94
25.32
25.71
26.1
26.48
26.86
27.24
27.62
28.02
28.4
28.79
29.17
29.55
29.92
30.31
30.68
31.06
31.44
31.82
32.21
32.59
32.97
33.35
33.71
34.1
34.48
34.87
35.26
35.64
36.02
36.41
36.79
37.17
37.55
37.94
38.32
38.7
39.08
39.47
39.85
40.23
40.61
40.99
41.38
41.76
42.14
42.52
42.9
43.29
43.67
44.05
44.44
44.82
45.2
45.58
45.96
46.35
46.72
47.11
47.49
47.87
48.25
48.64
49.02
49.4
49.78
50.17
50.55
50.93
51.31
51.7
52.07
52.45
52.84
53.22
53.61
53.99
54.37
54.75
55.13
55.52
55.9
56.28
56.67
57.04
57.43
57.81
58.19
58.58
58.96
59.34
59.72
60.1
60.48
60.85
61.25
61.64
62.01
62.4
62.78
63.16
63.54
63.92
64.31
64.69
65.07
65.45
65.84
66.22
66.6
66.98
67.36
67.74
68.13
68.51
68.9
69.27
69.66
70.04
70.42
70.81
71.19
71.57
71.96
72.33
72.71
73.09
73.48
73.86
74.24
74.62
75.02
75.39
75.77
76.16
76.54
76.93
77.3
77.68
78.07
78.45
78.83
79.21
79.59
79.96
80.36
80.74
81.13
81.51
81.89
82.27
82.65
83.03
83.41
83.8
84.19
84.56
84.94
85.32
85.71
86.09
86.47
86.85
87.24
87.62
88.0
88.39
88.77
89.15
89.53
89.91
90.3
90.67
91.06
91.42
91.82
92.2
92.59
92.97
93.36
93.73
94.11
94.5
94.88
95.27
95.64
96.03
96.41
96.79
97.17
97.55
97.94
98.32
98.7
99.08
99.46
99.84
100.23
100.61
100.99
101.38
101.76
102.14
102.52
102.91
103.29
103.67
104.05
104.43
104.81
105.2
105.58
105.96
106.34
106.73
107.11
107.49
107.87
108.25
108.64
109.02
109.4
109.78
110.17
110.55
110.93
111.31
111.7
112.08
112.46
112.85
113.22
113.61
113.99
114.37
114.76
115.14
115.52
115.89
116.28
116.67
117.05
117.43
117.81
118.19
118.57
118.96
119.34
119.72
120.1
120.49
120.87
121.25
121.63
122.01
122.4
122.78
123.16
123.54
123.92
124.31
124.69
125.08
125.45
125.83
126.22
126.6
126.99
127.36
127.74
128.13
128.51
128.9
129.27
129.65
130.05
130.42
130.8
131.19
131.57
131.96
132.33
132.72
133.11
133.48
133.86
134.24
134.63
135.0
135.39
135.77
136.16
136.54
136.92
137.3
137.68
138.07
138.45
138.83
139.21
139.59
139.97
140.36
140.74
141.13
141.51
141.89
142.28
142.66
143.04
143.42
143.81
144.19
144.56
144.95
145.34
145.71
146.09
146.47
146.86
147.24
147.62
148.01
148.4
148.77
149.15
149.54
149.92
150.3
150.68
151.06
151.45
151.82
152.21
152.59
152.97
153.35
153.73
154.12
154.5
154.88
155.26
155.65
156.03
156.42
156.79
157.18
157.56
157.94
158.32
158.7
159.09
159.47
159.85
160.24
160.62
161.0
161.38
161.77
162.14
162.53
162.9
163.29
163.67
164.06
164.43
164.82
165.2
165.58
165.96
166.34
166.73
167.11
167.49
167.87
168.26
168.64
169.02
169.4
169.79
170.17
170.55
170.93
171.31
171.7
172.08
172.46
172.84
173.22
173.6
173.99
174.37
174.75
175.13
175.52
175.9
176.28
176.66
177.05
177.43
177.81
178.19
178.57
178.96
179.34
179.72
180.1
180.49
180.87
181.25
181.64
182.01
182.4
182.78
183.16
183.54
183.93
184.31
184.69
185.07
185.45
185.83
186.22
186.61
186.99
187.39
187.77
188.15
188.53
188.89
189.27
189.66
190.03
190.43
190.81
191.18
191.55
191.93
192.32
192.69
193.09
193.48
193.87
194.24
194.61
195.01
195.39
195.77
196.14
196.53
196.9
197.28
197.67
198.06
198.44
198.83
199.21
199.6
199.96
200.34
200.74
201.12
201.5
201.88
202.24
202.62
203.01
203.41
203.8
204.18
204.56
204.94
205.33
205.71
206.09
206.48
206.86
207.24
207.62
208.0
208.38
208.76
209.15
209.53
209.91
210.29
210.68
211.06
211.44
211.82
212.21
212.58
212.97
213.35
213.73
214.12
214.5
214.88
215.26
215.64
216.03
216.41
216.79
217.18
217.56
217.94
218.32
218.7
219.09
219.47
219.85
220.23
220.62
221.0
221.38
221.76
222.13
222.52
222.9
223.29
223.67
224.05
224.44
224.82
225.2
225.58
225.97
226.35
226.73
227.11
227.49
227.87
228.26
228.64
229.02
229.41
229.79
230.17
230.55
230.94
231.32
231.7
232.08
232.47
232.84
233.22
233.6
233.99
234.37
234.75
235.14
235.52
235.9
236.28
236.67
237.05
237.44
237.81
238.19
238.58
238.96
239.34
239.72
240.1
240.49
240.87
241.25
241.63
242.02
242.4
242.78
243.16
243.55
243.93
244.31
244.69
245.07
245.45
245.84
246.22
246.61
246.98
247.37
247.75
248.13
248.51
248.9
249.28
249.66
250.04
250.42
250.81
251.19
251.57
251.95
252.32
252.72
253.1
253.48
253.85
254.23
254.62
254.99
255.39
255.76
256.17
256.55
256.93
257.32
257.7
258.09
258.48
258.84
259.24
259.62
259.98
260.36
260.74
261.14
261.5
261.9
262.27
262.66
263.04
263.52
263.98
264.44
264.88
265.37
265.82
266.3
266.78
267.25
267.7
268.19
268.65
