0.32
0.7
1.07
1.44
1.82
2.19
2.56
2.94
3.32
3.69
4.07
4.44
4.83
5.2
5.58
5.95
6.32
6.69
7.07
7.44
7.82
8.2
8.58
8.95
9.32
9.7
10.08
10.45
10.84
11.21
11.58
11.94
12.31
12.7
13.07
13.44
13.81
14.18
14.56
14.94
15.31
15.7
16.07
16.45
16.83
17.21
17.57
17.95
18.33
18.69
19.09
19.46
19.85
20.21
20.59
20.96
21.35
21.72
22.07
22.45
22.83
23.2
23.59
23.96
24.34
24.71
25.08
25.46
25.83
26.21
26.58
26.96
27.34
27.71
28.1
28.47
28.84
29.2
29.56
29.94
30.31
30.69
31.07
31.45
31.84
32.2
32.59
32.97
33.35
33.7
34.07
34.44
34.82
35.2
35.58
35.96
36.34
36.71
37.1
37.47
37.84
38.23
38.6
38.97
39.34
39.72
40.1
40.47
40.86
41.22
41.6
41.96
42.34
42.71
43.09
43.47
43.84
44.22
44.61
44.97
45.34
45.71
46.09
46.47
46.84
47.22
47.6
47.96
48.34
48.72
49.1
49.47
49.84
50.22
50.6
50.97
51.33
51.72
52.11
52.47
52.84
53.22
53.59
53.97
54.34
54.72
55.09
55.47
55.84
56.21
56.6
56.97
57.35
57.74
58.12
58.49
58.85
59.22
59.59
59.96
60.34
60.72
61.1
61.47
61.84
62.22
62.6
62.97
63.34
63.72
64.1
64.47
64.84
65.22
65.6
65.97
66.35
66.72
67.1
67.47
67.84
68.22
68.6
68.97
69.34
69.72
70.1
70.47
70.84
71.22
71.59
71.97
72.34
72.72
73.1
73.47
73.85
74.22
74.6
74.97
75.35
75.72
76.1
76.47
76.84
77.2
77.6
77.98
78.34
78.72
79.1
79.47
79.85
80.22
80.6
80.97
81.35
81.72
82.1
82.47
82.85
83.22
83.6
83.97
84.35
84.72
85.1
85.48
85.85
86.22
86.6
86.98
87.35
87.72
88.11
88.47
88.86
89.23
89.6
89.97
90.35
90.73
91.12
91.48
91.84
92.23
92.6
92.98
93.36
93.74
94.11
94.49
94.86
95.23
95.6
95.98
96.36
96.73
97.11
97.48
97.86
98.23
98.6
98.98
99.36
99.74
100.13
100.48
100.86
101.23
101.6
101.97
102.34
102.72
103.1
103.48
103.86
104.23
104.62
104.98
105.36
105.73
106.12
106.49
106.87
107.23
107.59
107.98
108.36
108.73
109.12
109.49
109.86
110.24
110.61
110.99
111.36
111.74
112.11
112.47
112.85
113.23
113.6
113.97
114.35
114.73
115.1
115.49
115.86
116.23
116.62
116.99
117.36
117.74
118.11
118.49
118.86
119.24
119.61
119.99
120.36
120.74
121.13
121.49
121.86
122.24
122.61
122.99
123.36
123.74
124.12
124.49
124.87
125.24
125.62
125.99
126.37
126.74
127.13
127.49
127.87
128.24
128.62
128.99
129.37
129.74
130.12
130.49
130.87
131.24
131.62
131.98
132.36
132.74
133.12
133.49
133.87
134.24
134.62
134.99
135.37
135.74
136.12
136.49
136.87
137.24
137.62
137.99
138.37
138.74
139.12
139.5
139.87
140.24
140.62
140.99
141.37
141.74
142.13
142.49
142.87
143.24
143.62
143.99
144.47
145.12
145.86
146.64
147.37
148.12
148.87
149.62
150.37
151.12
151.87
152.63
153.37
154.12
154.88
155.63
156.38
157.13
157.88
158.63
159.38
160.12
160.87
161.63
162.39
163.13
163.89
164.64
165.38
166.13
166.88
167.62
168.38
169.13
169.89
170.64
171.39
172.14
172.89
173.63
174.4
175.14
175.91
176.65
177.4
178.12
178.9
179.62
180.39
181.14
181.89
182.65
183.39
184.16
184.89
185.64
186.39
187.14
187.89
188.64
189.39
190.14
190.89
191.63
192.37
193.15
193.89
194.64
195.38
196.14
196.88
197.64
198.39
199.15
199.89
200.64
201.39
202.14
202.89
203.64
204.38
205.14
205.89
206.64
207.39
208.15
208.89
209.64
210.39
211.15
211.9
212.65
213.39
214.14
214.9
215.65
216.39
217.15
217.9
218.65
219.4
220.16
220.91
221.67
222.4
223.15
223.92
224.64
225.4
226.14
226.9
227.68
228.43
229.18
229.96
230.68
231.44
232.2
232.97
233.72
234.48
235.3
236.07
236.88
237.7
238.47
239.27
240.11
240.91
241.67
242.47
243.27
244.11
244.91
245.68
246.48
247.31
