0.08
0.91
1.79
2.66
3.53
4.36
5.23
6.1
6.95
7.78
8.64
9.52
10.39
11.22
12.09
12.97
13.8
14.64
15.52
16.38
17.23
18.07
18.95
19.84
20.69
21.5
22.18
22.81
23.24
23.67
24.11
24.52
24.97
25.39
25.82
26.26
26.68
27.12
27.55
27.96
28.41
28.84
29.26
29.68
30.12
30.56
30.99
31.4
31.84
32.27
32.69
33.12
33.55
33.98
34.42
34.86
35.28
35.71
36.14
36.57
36.99
37.42
37.85
38.28
38.71
39.14
39.57
39.99
40.42
40.84
41.28
41.71
42.13
42.56
43.0
43.42
43.85
44.28
44.7
45.14
45.56
45.99
46.42
46.85
47.28
47.71
48.14
48.57
48.99
49.42
49.86
50.28
50.71
51.13
51.56
52.0
52.42
52.85
53.28
53.71
54.13
54.56
54.99
55.42
55.85
56.28
56.71
57.13
57.56
57.99
58.42
58.85
59.28
59.71
60.14
60.56
60.99
61.42
61.85
62.28
62.71
63.14
63.57
64.0
64.43
64.86
65.29
65.72
66.15
66.58
67.01
67.44
67.87
68.3
68.73
69.16
69.59
70.02
70.45
70.88
71.31
71.74
72.17
72.6
73.03
73.46
73.89
74.32
74.75
75.19
75.62
76.04
76.47
76.9
77.33
77.76
78.19
78.62
79.05
79.48
79.91
80.34
80.77
81.21
81.63
82.07
82.49
82.92
83.35
83.78
84.21
84.63
85.06
85.5
85.92
86.35
86.78
87.21
87.64
88.06
88.49
88.92
89.34
89.77
90.21
90.64
91.07
91.49
91.92
92.35
92.78
93.22
93.65
94.08
94.51
94.94
95.37
95.8
96.23
96.65
97.09
97.51
97.94
98.36
98.79
99.23
99.65
100.1
100.54
100.97
101.4
101.82
102.25
102.68
103.11
103.55
103.97
104.4
104.84
105.26
105.7
106.13
106.55
106.99
107.42
107.84
108.28
108.71
109.14
109.57
109.99
110.43
110.86
111.28
111.72
112.14
112.58
113.01
113.44
113.87
114.3
114.72
115.16
115.58
116.02
116.45
116.88
117.31
117.74
118.17
118.6
119.03
119.46
119.89
120.32
120.75
121.18
121.61
122.04
122.47
122.9
123.33
123.76
124.19
124.62
125.05
125.48
125.9
126.34
126.77
127.2
127.63
128.06
128.49
128.92
129.35
129.78
130.22
130.64
131.07
131.5
131.93
132.36
132.79
133.22
133.65
134.08
134.51
134.94
135.37
135.8
136.23
136.66
137.09
137.51
137.94
138.38
138.81
139.23
139.66
140.09
140.52
140.96
141.4
141.82
142.26
142.69
143.11
143.53
143.96
144.39
144.82
145.25
145.68
146.11
146.54
146.96
147.38
147.82
148.26
148.68
149.11
149.54
149.96
150.39
150.82
151.25
151.68
152.11
152.54
152.97
153.4
153.82
154.25
154.68
155.11
155.54
155.97
156.4
156.82
157.25
157.68
158.1
158.54
158.97
159.39
159.82
160.25
160.68
161.1
161.52
161.97
162.39
162.82
163.26
163.67
164.11
164.53
164.97
165.4
165.82
166.25
166.68
167.11
167.54
167.97
168.39
168.82
169.25
169.68
170.11
170.54
170.97
171.4
171.83
172.25
172.68
173.11
173.54
173.97
174.4
174.83
175.26
175.68
176.11
176.54
176.97
177.39
177.83
178.26
178.69
179.11
179.54
179.97
180.4
180.82
181.25
181.68
182.11
182.53
182.96
183.39
183.82
184.26
184.68
185.11
185.54
185.97
186.4
186.83
187.25
187.68
188.12
188.53
188.97
189.39
189.83
190.26
190.68
191.12
191.53
191.96
192.41
192.82
193.26
193.69
194.13
194.56
194.97
195.42
195.83
196.24
196.68
197.11
197.55
197.97
198.4
198.84
199.27
199.7
200.14
200.58
201.02
201.45
201.86
202.29
202.72
203.16
203.59
204.02
204.45
204.87
205.3
205.73
206.16
206.59
207.02
207.45
207.88
208.3
208.73
209.15
209.59
210.02
210.44
210.87
211.3
211.73
212.15
212.58
213.02
213.45
213.87
214.31
214.74
215.16
215.59
216.01
216.45
216.88
217.3
217.73
218.16
218.59
219.01
219.44
219.87
220.31
220.73
221.16
221.59
222.02
222.44
222.87
223.3
223.73
224.16
224.59
225.02
225.44
225.87
226.3
226.73
227.16
227.59
228.02
228.45
228.87
229.3
229.73
230.16
230.59
231.01
231.44
231.87
232.3
232.73
233.16
233.59
234.01
234.44
234.87
235.3
235.73
236.16
236.58
237.02
237.45
237.87
238.3
238.73
239.16
239.59
240.01
240.44
240.87
241.3
241.73
242.16
242.59
243.02
243.44
243.87
244.3
244.73
245.17
245.6
246.02
246.44
246.87
247.3
247.73
248.16
248.59
249.02
249.44
249.87
250.3
250.73
251.16
251.59
252.02
252.45
252.88
253.3
253.72
254.16
254.59
255.02
255.45
255.87
256.31
256.73
257.16
257.58
258.02
258.46
258.9
259.35
259.8
260.24
260.68
261.11
261.57
262.02
262.46
262.89
263.34
263.78
264.22
264.64
265.09
265.51
265.96
266.39
266.85
267.27
267.74
268.23
268.68
269.15
269.64
270.11
270.58
271.05
271.5
271.99
272.45
272.93
273.4
273.85
274.32
274.8
275.26
275.75
276.2
276.67
