0.08
0.65
1.23
1.76
2.35
2.91
3.45
4.0
4.59
5.1
5.61
6.13
6.61
7.08
7.58
8.14
8.67
9.21
9.78
10.37
10.89
11.41
11.9
12.43
12.91
13.4
13.93
14.41
14.97
15.51
16.02
16.57
17.14
17.7
18.25
18.77
19.34
19.88
20.39
20.93
21.46
21.96
22.4
22.87
23.33
23.8
24.26
24.7
25.17
25.65
26.11
26.6
27.07
27.54
27.99
28.48
28.93
29.37
29.79
30.19
30.63
31.04
31.45
31.87
32.29
32.71
33.15
33.57
33.98
34.41
34.82
35.23
35.65
36.08
36.5
36.92
37.35
37.74
38.15
38.56
38.98
39.42
39.84
40.26
40.68
41.1
41.51
41.95
42.38
42.81
43.22
43.66
44.08
44.51
44.94
45.39
45.81
46.24
46.66
47.09
47.52
47.94
48.37
48.8
49.24
49.66
50.09
50.52
50.95
51.38
51.8
52.23
52.65
53.09
53.51
53.94
54.38
54.79
55.23
55.66
56.09
56.53
56.95
57.38
57.8
58.23
58.65
59.09
59.51
59.95
60.38
60.81
61.24
61.67
62.09
62.53
62.95
63.37
63.8
64.24
64.67
65.09
65.52
65.96
66.38
66.82
67.23
67.66
68.1
68.52
68.94
69.37
69.8
70.24
70.66
71.08
71.49
71.92
72.35
72.79
73.23
73.66
74.08
74.52
74.94
75.36
75.78
76.22
76.64
77.07
77.51
77.94
78.38
78.81
79.24
79.67
80.09
80.53
80.94
81.38
81.81
82.25
82.66
83.1
83.52
83.95
84.37
84.81
85.25
85.68
86.09
86.54
86.96
87.39
87.8
88.23
88.66
89.08
89.5
89.94
90.38
90.8
91.23
91.66
92.09
92.53
92.94
93.39
93.81
94.25
94.67
95.1
95.53
95.95
96.38
96.82
97.24
97.67
98.1
98.52
98.95
99.38
99.82
100.24
100.67
101.1
101.52
101.96
102.4
102.83
103.24
103.67
104.08
104.51
104.94
105.39
105.82
106.25
106.67
107.09
107.52
107.94
108.36
108.81
109.23
109.66
110.09
110.52
110.94
111.36
111.78
112.24
112.68
113.1
113.53
113.94
114.38
114.79
115.22
115.66
116.1
116.52
116.94
117.38
117.8
118.23
118.64
119.08
119.5
119.93
120.36
120.8
121.22
121.65
122.08
122.52
122.95
123.38
123.79
124.23
124.65
125.08
125.52
125.96
126.38
126.81
127.23
127.65
128.07
128.52
128.94
129.37
129.81
130.22
130.64
131.05
131.5
131.93
132.35
132.77
133.21
133.64
134.09
134.53
134.96
135.38
135.8
136.21
136.65
137.09
137.52
137.98
138.39
138.81
139.24
139.67
140.09
140.51
140.95
141.38
141.8
142.21
142.66
143.07
143.5
143.95
144.38
144.81
145.23
145.67
146.09
146.52
146.96
147.37
147.8
148.23
148.65
149.1
149.52
149.95
150.38
150.8
151.23
151.66
152.09
152.52
152.94
153.38
153.81
154.24
154.66
155.09
155.52
155.95
156.37
156.79
157.23
157.65
158.09
158.53
158.94
159.38
159.8
160.22
160.65
161.07
161.49
161.93
162.36
162.8
163.21
163.65
164.09
164.52
164.94
165.37
165.78
166.22
166.63
167.08
167.5
167.93
168.35
168.8
169.23
169.64
170.07
170.48
170.92
171.38
171.81
172.25
172.67
173.08
173.51
173.95
174.37
174.81
175.25
175.7
176.16
176.64
177.11
177.6
178.07
178.57
179.03
179.5
179.97
180.46
180.91
181.38
181.87
182.32
182.81
183.28
183.73
184.2
184.67
185.14
185.63
