0.1
0.8
1.49
2.18
2.84
3.54
4.23
4.92
5.58
6.29
6.97
7.66
8.33
9.03
9.72
10.41
11.07
11.77
12.46
13.15
13.81
14.52
15.2
15.89
16.55
17.26
17.94
18.63
19.3
20.0
20.69
21.38
22.04
22.75
23.43
24.12
24.78
25.49
26.18
26.86
27.53
28.23
28.92
29.61
30.27
30.97
31.66
32.35
33.01
33.72
34.41
35.09
35.75
36.46
37.14
37.84
38.5
39.2
39.89
40.58
41.24
41.94
42.63
43.32
43.98
44.69
45.36
46.06
46.72
47.43
48.11
48.81
49.47
50.17
50.84
51.54
52.21
52.91
53.59
54.29
54.95
55.66
56.33
57.03
57.7
58.4
59.08
59.78
60.44
61.14
61.82
62.52
63.18
63.88
64.56
65.26
65.93
66.63
67.32
68.01
68.67
69.37
70.05
70.75
71.41
72.12
72.8
73.49
74.15
74.86
75.55
76.24
76.9
77.6
78.29
78.98
79.64
80.35
81.03
81.72
82.38
83.09
83.77
84.46
85.13
85.83
86.51
87.21
87.87
88.57
89.27
89.95
90.61
91.32
92.0
92.69
93.35
94.06
94.75
95.43
96.1
96.8
97.49
98.19
98.84
99.54
100.22
100.92
101.58
102.28
102.96
103.66
104.33
105.03
105.7
106.4
107.07
107.77
108.45
109.15
109.81
110.51
111.18
111.89
112.55
113.26
113.93
114.63
115.3
116.0
116.67
117.38
118.04
118.74
119.42
120.12
120.79
121.49
122.18
122.86
123.53
124.23
124.92
125.6
126.27
126.97
127.66
128.35
129.01
129.72
130.4
131.09
131.75
132.46
133.14
133.84
134.5
135.2
135.89
136.58
137.24
137.94
138.63
139.32
139.98
140.68
141.4
142.06
142.73
143.42
144.12
144.82
145.47
146.17
146.85
147.55
148.21
148.91
149.6
150.29
150.95
151.65
152.33
153.04
153.7
154.4
155.08
155.77
156.44
157.14
157.82
158.52
159.18
159.88
160.56
161.25
161.92
162.63
163.3
164.0
164.67
165.37
166.04
166.74
167.41
168.11
168.79
169.49
170.15
170.85
171.53
172.23
172.9
173.6
174.27
174.98
175.68
176.34
177.04
177.73
178.4
179.09
179.78
180.47
181.15
181.82
182.53
183.23
183.9
184.58
185.25
185.97
186.64
187.34
188.01
188.72
189.38
190.05
190.73
191.44
192.12
192.8
193.58
194.32
195.07
195.79
196.58
197.33
