0.25
0.61
0.99
1.36
1.74
2.11
2.48
2.84
3.21
3.58
3.95
4.31
4.67
5.04
5.41
5.78
6.14
6.51
6.87
7.24
7.6
7.96
8.32
8.69
9.04
9.41
9.77
10.13
10.48
10.84
11.2
11.58
11.93
12.31
12.66
13.03
13.39
13.75
14.11
14.47
14.84
15.19
15.55
15.92
16.28
16.64
16.98
17.35
17.69
18.04
18.4
18.76
19.13
19.5
19.86
20.23
20.59
20.96
21.33
21.7
22.06
22.42
22.78
23.13
23.49
23.84
24.21
24.58
24.93
25.3
25.65
26.02
26.38
26.74
27.1
27.45
27.82
28.19
28.54
28.9
29.26
29.62
29.98
30.35
30.71
31.08
31.48
31.85
32.22
32.56
32.92
33.29
33.64
34.02
34.37
34.74
35.09
35.45
35.82
36.19
36.55
36.92
37.28
37.65
38.01
38.37
38.73
39.09
39.46
39.82
40.17
40.53
40.9
41.26
41.62
41.97
42.34
42.7
43.06
43.43
43.79
44.16
44.52
44.88
45.24
45.59
45.96
46.34
46.7
47.06
47.43
47.81
48.17
48.55
48.9
49.28
49.63
50.0
50.36
50.73
51.08
51.45
51.8
52.16
52.53
52.91
53.26
53.63
53.99
54.36
54.73
55.08
55.43
55.8
56.16
56.52
56.86
57.22
57.6
57.97
58.34
58.71
59.07
59.44
59.8
60.16
60.53
60.91
61.27
61.62
61.97
62.34
62.69
63.06
63.42
63.79
64.14
64.51
64.87
65.23
65.59
65.95
66.32
66.71
67.07
67.45
67.81
68.17
68.53
68.9
69.25
69.61
69.98
70.36
70.71
71.07
71.44
71.8
72.17
72.53
72.89
73.26
73.61
73.99
74.36
74.72
75.09
75.48
75.83
76.2
76.58
76.95
77.3
77.67
78.03
78.4
78.76
79.12
79.5
79.86
80.23
80.61
80.99
81.36
81.73
82.09
82.45
82.83
83.2
83.55
83.92
84.29
84.65
85.03
85.4
85.77
86.13
86.49
86.85
87.23
87.59
87.96
88.32
88.68
89.05
89.42
89.78
90.15
90.5
90.87
91.23
91.6
91.96
92.33
92.69
93.07
93.42
93.79
94.16
94.53
94.89
95.26
95.63
96.01
96.37
96.74
97.11
97.48
97.85
98.23
98.58
98.96
99.31
99.68
100.04
100.4
100.78
101.15
101.52
101.89
102.25
102.63
102.98
103.34
103.7
104.06
104.43
104.81
105.16
105.55
105.91
106.29
106.65
107.03
107.39
107.76
108.12
108.48
108.84
109.21
109.56
109.94
110.29
110.66
111.04
111.41
111.78
112.17
112.53
112.91
113.27
113.64
114.03
114.4
114.78
115.15
115.53
115.9
116.25
116.64
116.99
117.36
117.73
118.12
118.47
118.84
119.21
119.58
119.97
120.34
120.71
121.08
121.43
121.8
122.19
122.57
122.95
123.35
123.75
124.13
124.53
124.89
125.23
125.54
125.87
126.18
126.5
126.83
127.14
127.45
127.76
128.07
128.37
128.68
129.01
129.32
129.64
129.97
130.28
130.61
130.92
131.25
131.56
131.89
132.21
132.52
132.84
133.2
133.53
133.86
134.22
134.58
134.91
135.27
135.63
135.98
136.35
136.71
137.05
137.42
137.78
138.15
138.49
138.85
139.23
139.57
139.93
140.31
140.67
141.02
141.38
141.74
142.09
142.45
142.82
143.18
143.55
143.89
144.26
144.64
145.01
145.37
145.73
146.09
146.46
146.81
147.18
147.54
147.91
148.28
148.63
149.0
149.36
149.71
150.07
150.43
150.8
151.16
151.53
151.9
152.26
152.62
152.97
153.33
153.68
154.04
154.41
154.78
155.13
155.48
155.85
156.22
156.58
156.94
157.3
157.68
158.04
158.4
158.77
159.13
159.5
159.86
160.22
160.58
160.95
161.33
161.68
162.04
162.41
162.78
163.14
163.51
163.88
164.25
164.62
164.99
165.35
165.71
166.07
166.45
166.8
167.17
167.52
167.89
168.24
168.6
168.96
169.32
169.69
170.04
170.41
170.78
171.15
171.53
171.89
172.25
172.61
172.98
173.33
173.69
174.05
174.42
174.79
175.17
175.52
175.89
176.24
176.61
176.97
177.33
177.7
178.06
178.41
178.77
179.13
179.5
179.87
180.23
180.6
180.96
181.31
181.68
182.04
182.4
182.77
183.14
183.5
183.87
184.23
184.6
184.95
185.31
185.68
186.05
186.41
186.77
187.14
187.49
187.85
188.21
188.57
188.94
189.31
189.67
190.03
190.41
190.78
191.15
191.51
191.88
192.25
192.64
192.99
193.36
193.72
194.09
194.46
194.84
195.21
195.58
195.95
196.31
196.67
197.04
197.41
197.79
198.15
198.52
198.88
199.23
199.58
199.96
200.32
200.69
201.06
201.44
201.81
202.15
202.52
202.9
203.27
203.63
204.0
204.37
204.75
205.12
205.47
205.85
206.21
206.58
206.93
207.3
207.68
208.04
208.4
208.78
209.17
209.56
209.97
210.36
210.75
211.12
211.52
211.9
212.29
212.7
213.1
213.54
213.95
214.38
214.85
215.39
215.89
216.39
216.89
217.4
217.94
218.45
218.94
219.46
219.97
220.47
220.93
221.41
221.89
222.39
222.87
223.33
223.81
