0.11
0.57
1.03
1.49
1.95
2.41
2.87
3.34
3.8
4.26
4.72
5.18
5.65
6.11
6.57
7.03
7.49
7.95
8.42
8.88
9.34
9.8
10.26
10.72
11.18
11.65
12.11
12.57
13.03
13.49
13.95
14.42
14.88
15.34
15.8
16.26
16.72
17.18
17.65
18.11
18.57
19.03
19.49
19.95
20.41
20.88
21.34
21.8
22.26
22.72
23.18
23.65
24.11
24.57
25.03
25.49
25.95
26.42
26.88
27.34
27.8
28.26
28.72
29.19
29.65
30.11
30.57
31.03
31.49
31.95
32.42
32.88
33.34
33.8
34.26
34.72
35.19
35.65
36.11
36.57
37.03
37.49
37.96
38.41
38.88
39.34
39.8
40.26
40.72
41.18
41.64
42.11
42.57
43.03
43.49
43.95
44.41
44.88
45.34
45.8
46.26
46.72
47.19
47.65
48.14
48.61
49.06
49.53
49.96
50.42
50.89
51.33
51.8
52.26
52.72
53.19
53.65
54.11
54.57
55.03
55.49
55.96
56.42
56.88
57.34
57.8
58.26
58.73
59.19
59.65
60.11
60.57
61.03
61.49
61.95
62.42
62.88
63.34
63.8
64.26
64.72
65.18
65.65
66.1
66.57
67.03
67.49
67.96
68.42
68.88
69.34
69.8
70.26
70.72
71.19
71.65
72.11
72.57
73.03
73.49
73.96
74.42
74.88
75.34
75.8
76.26
76.72
77.19
77.65
78.11
78.57
79.03
79.51
79.96
80.44
80.9
81.34
81.8
82.26
82.72
83.18
83.65
84.11
84.57
85.03
85.49
85.95
86.42
86.88
87.34
87.8
88.26
88.72
89.18
89.65
90.11
90.57
91.03
91.49
91.95
92.42
92.88
93.34
93.8
94.26
94.72
95.19
95.65
96.11
96.57
97.03
97.49
97.95
98.42
98.88
99.35
99.8
100.26
100.72
101.19
101.65
102.11
102.59
103.05
103.49
103.95
104.42
104.88
105.34
105.8
106.26
106.72
107.18
107.65
108.11
108.57
109.03
109.49
109.96
110.43
110.88
111.34
111.8
112.26
112.72
113.19
113.65
114.11
114.57
115.03
115.49
115.95
116.42
116.88
117.34
117.8
118.26
118.72
119.19
119.65
120.11
120.57
121.03
121.49
121.95
122.42
122.88
123.34
123.8
124.26
124.73
125.19
125.65
126.11
126.57
127.03
127.49
127.95
128.41
128.88
129.34
129.8
130.26
130.72
131.18
131.65
132.1
132.57
133.03
133.49
133.96
134.42
134.88
135.34
135.8
136.26
136.72
137.19
137.65
138.11
138.57
139.03
139.49
139.96
140.42
140.88
141.34
141.8
142.26
142.72
143.19
143.65
144.11
144.57
145.03
145.49
145.96
146.42
146.88
147.34
147.8
148.26
148.72
149.19
149.65
150.11
150.57
151.03
151.49
151.96
152.42
152.88
153.36
153.81
154.28
154.74
155.18
155.65
156.11
156.57
157.03
157.49
157.95
158.42
158.88
159.34
159.8
160.26
160.72
161.19
161.65
162.11
162.57
163.03
163.49
163.95
164.42
164.88
165.34
165.8
166.27
166.73
167.19
167.65
168.12
168.58
169.04
169.5
169.95
170.42
170.88
171.34
171.8
172.26
172.72
173.19
173.65
174.11
174.57
175.03
175.49
175.95
176.42
176.88
177.34
177.8
178.26
178.72
179.19
179.65
180.11
180.57
181.03
181.49
181.95
182.42
182.86
183.33
183.78
184.26
184.72
185.19
185.65
186.11
186.57
187.03
187.49
187.96
188.42
188.88
189.34
189.8
190.26
190.72
191.19
191.65
192.11
192.57
193.03
193.49
193.96
194.42
194.88
195.34
195.8
196.26
196.73
197.19
197.65
198.11
198.57
199.03
199.49
199.96
200.42
200.88
201.34
201.8
202.27
202.73
203.19
203.65
204.11
204.57
205.03
205.49
205.96
206.42
206.88
207.34
207.8
208.26
208.72
209.19
209.65
210.11
210.57
211.03
211.49
211.96
212.42
212.88
213.34
213.8
214.29
214.76
215.23
215.7
216.16
