0.41
0.99
1.57
2.14
2.72
3.3
3.87
4.45
5.03
5.6
6.18
6.76
7.34
7.91
8.5
9.06
9.64
10.22
10.83
11.39
11.95
12.52
13.1
13.66
14.23
14.84
15.43
15.99
16.58
17.2
17.76
18.39
18.98
19.55
20.11
20.67
21.2
21.77
22.36
22.94
23.49
24.08
24.64
25.24
25.8
26.38
26.96
27.55
28.11
28.69
29.3
29.85
30.45
31.04
31.59
32.2
32.74
33.34
33.91
34.48
35.03
35.59
36.18
36.79
37.39
37.98
38.52
39.09
39.65
40.22
40.77
41.36
41.96
42.54
43.1
43.69
44.27
44.85
45.39
45.96
46.56
47.13
47.7
48.3
48.87
49.44
50.06
50.65
51.22
51.78
52.34
52.92
53.49
54.09
54.69
55.27
55.83
56.38
56.93
57.52
58.1
58.72
59.28
59.89
60.47
61.02
61.57
62.17
62.73
63.29
63.88
64.46
65.02
65.62
66.18
66.78
67.34
67.91
68.51
69.1
69.65
70.22
70.8
71.39
71.96
72.54
73.12
73.66
74.23
74.82
75.42
75.98
76.56
77.13
77.73
78.27
78.85
79.43
80.01
80.59
81.18
81.74
82.33
82.9
83.48
84.05
84.64
85.23
85.8
86.36
86.95
87.51
88.08
88.67
89.26
89.83
90.39
90.97
91.58
92.13
92.7
93.28
93.87
94.43
95.02
95.59
96.19
96.75
97.34
97.9
98.49
99.07
99.76
100.39
101.05
101.64
102.23
102.79
103.37
103.96
104.54
105.13
105.67
106.26
106.86
107.43
107.99
108.58
109.17
109.74
110.3
110.88
111.45
112.04
112.6
113.18
113.76
114.36
114.91
115.49
116.08
116.66
117.21
117.8
118.39
118.96
119.52
120.11
120.7
121.28
121.83
122.42
123.0
123.58
124.14
124.73
125.31
125.89
126.45
127.03
127.62
128.21
128.76
129.34
129.93
130.5
131.06
131.65
132.23
132.82
133.37
133.95
134.54
135.12
135.67
136.26
136.85
137.42
137.99
138.57
139.16
139.73
140.29
140.88
141.45
142.05
142.61
143.18
143.76
144.32
144.91
145.49
146.07
146.66
147.22
147.8
148.39
148.96
149.53
150.11
150.7
151.28
151.83
152.41
153.01
153.58
154.14
154.72
155.31
155.89
156.45
157.06
157.63
158.2
158.78
159.36
159.92
160.46
160.99
161.53
162.03
162.59
163.12
163.67
164.25
164.83
165.39
165.97
166.56
167.17
167.73
168.23
168.75
169.28
169.8
170.32
170.88
171.46
172.04
172.63
173.21
173.79
174.39
174.96
175.52
176.09
176.67
177.26
177.82
178.39
178.97
179.54
180.11
180.7
181.27
181.83
182.42
183.01
183.58
184.13
184.73
185.31
185.89
186.45
187.04
187.64
188.22
188.77
189.34
189.93
190.5
191.06
191.65
192.24
192.82
193.37
193.95
194.54
195.11
195.68
196.26
196.83
197.42
197.98
198.57
199.16
199.73
200.29
200.88
201.47
202.05
202.6
203.18
203.77
204.35
204.9
205.47
205.97
206.53
207.06
207.56
208.1
208.68
209.26
209.84
210.42
210.99
211.57
212.15
212.72
213.3
213.88
214.45
215.03
215.6
216.18
216.76
217.34
217.93
218.6
219.21
219.88
220.49
221.13
221.77
222.44
223.05
223.72
224.36
225.0
225.61
226.25
226.92
227.55
228.18
228.81
229.48
230.09
230.76
