0.29
0.7
1.09
1.5
1.9
2.29
2.69
3.11
3.5
3.89
4.29
4.71
5.1
5.49
5.89
6.3
6.7
7.11
7.5
7.9
8.3
8.69
9.09
9.51
9.9
10.31
10.7
11.11
11.5
11.89
12.29
12.7
13.1
13.51
13.89
14.31
14.7
15.09
15.5
15.9
16.3
16.69
17.09
17.49
17.9
18.3
18.69
19.09
19.49
19.91
20.3
20.7
21.09
21.5
21.89
22.3
22.69
23.1
23.49
23.9
24.3
24.69
25.09
25.5
25.9
26.3
26.7
27.1
27.49
27.89
28.29
28.7
29.09
29.5
29.89
30.3
30.71
31.09
31.49
31.9
32.29
32.71
33.1
33.51
33.89
34.29
34.7
35.11
35.5
35.91
36.3
36.71
37.09
37.5
37.9
38.29
38.7
39.1
39.5
39.9
40.29
40.69
41.1
41.51
41.9
42.31
42.7
43.11
43.5
43.89
44.3
44.71
45.09
45.5
45.9
46.31
46.69
47.09
47.49
47.9
48.3
48.7
49.1
49.51
49.9
50.3
50.7
51.11
51.5
51.89
52.3
52.7
53.09
53.49
53.9
54.31
54.7
55.1
55.5
55.91
56.29
56.69
57.1
57.51
57.9
58.29
58.7
59.11
59.5
59.9
60.3
60.7
61.1
61.5
61.91
62.31
62.71
63.09
63.49
63.9
64.29
64.7
65.09
65.5
65.89
66.3
66.7
67.11
67.49
67.9
68.29
68.7
69.1
69.49
69.9
70.3
70.69
71.1
71.49
71.9
72.3
72.69
73.1
73.51
73.9
74.29
74.7
75.11
75.49
75.89
76.3
76.71
77.09
77.5
77.89
78.31
78.69
79.1
79.5
79.91
80.29
80.69
81.09
81.5
81.9
82.29
82.69
83.1
83.49
83.91
84.3
84.71
85.1
85.49
85.9
86.3
86.69
87.09
87.5
87.89
88.29
88.69
89.1
89.51
89.9
90.31
90.7
91.1
91.49
91.9
92.3
92.71
93.09
93.5
93.9
94.31
94.7
95.09
95.5
95.91
96.3
96.71
97.1
97.51
97.9
98.3
98.7
99.11
99.5
99.91
100.3
100.71
101.09
101.5
101.9
102.3
102.7
103.1
103.5
103.9
104.29
104.7
105.1
105.51
105.89
106.31
106.7
107.11
107.5
107.9
108.3
108.71
109.1
109.5
109.9
110.31
110.7
111.11
111.5
111.9
112.3
112.7
113.1
113.51
113.9
114.3
114.7
115.1
115.49
115.9
116.3
116.71
117.1
117.49
117.9
118.31
118.7
119.1
119.5
119.9
120.3
120.7
121.1
121.5
121.9
122.3
122.7
123.11
123.5
123.9
124.3
124.7
125.1
125.5
125.91
126.3
126.7
127.1
127.49
127.89
128.29
128.7
129.1
129.51
129.9
130.3
130.7
131.11
131.49
131.89
132.3
132.7
133.1
133.5
133.9
134.3
134.7
135.1
135.5
135.91
136.3
136.69
137.1
137.51
137.9
138.3
138.7
139.1
139.5
139.9
140.3
140.71
141.1
141.51
141.9
142.31
142.71
143.1
143.49
143.91
144.3
144.7
145.1
145.51
145.91
146.3
146.7
147.11
147.5
147.91
148.3
148.7
149.1
149.5
149.9
150.31
150.71
151.11
151.5
151.89
152.29
152.69
153.09
153.51
153.9
154.3
154.7
155.1
155.49
155.9
156.3
156.71
157.1
157.5
157.9
158.31
158.7
159.1
159.5
159.91
160.31
160.7
161.1
161.51
161.9
162.3
162.7
163.11
163.5
163.9
164.3
164.7
165.1
165.5
165.89
166.3
166.69
167.1
167.5
167.9
168.3
168.69
169.1
169.5
169.9
170.3
170.7
171.11
171.5
171.9
172.3
172.71
173.1
173.49
173.9
174.31
174.7
175.1
175.5
175.91
176.3
176.7
177.1
177.51
177.89
178.3
178.7
179.11
179.49
179.89
180.3
180.71
181.11
181.5
181.9
182.31
182.7
183.1
183.5
183.91
184.29
184.7
185.1
185.5
185.9
186.29
186.7
187.11
187.51
187.9
188.3
188.71
189.1
189.5
189.9
190.29
190.7
191.1
191.5
191.9
192.3
192.7
193.1
193.5
193.9
194.3
194.7
195.11
195.5
195.9
196.3
196.71
197.1
197.5
197.9
198.31
198.7
199.1
199.5
199.9
200.29
200.7
201.1
201.5
201.9
202.3
202.7
203.1
203.5
203.89
204.3
204.71
205.1
205.5
205.9
206.3
206.7
207.1
207.5
207.91
208.3
208.7
209.1
209.51
209.9
210.3
210.7
211.11
211.5
211.9
212.3
212.71
213.1
213.49
213.9
214.3
214.7
215.1
215.5
215.9
216.3
216.7
217.1
217.51
217.9
218.31
218.7
219.11
219.51
219.9
220.31
220.71
221.11
221.49
221.91
222.31
222.71
223.11
223.49
223.89
224.3
224.69
225.1
225.49
225.89
226.29
