0.17
0.64
1.1
1.56
2.04
2.5
2.96
3.42
3.9
4.36
4.82
5.28
5.75
6.23
6.69
7.14
7.61
8.08
8.54
9.0
9.48
9.94
10.4
10.86
11.34
11.8
12.26
12.73
13.2
13.67
14.13
14.58
15.06
15.53
15.99
16.45
16.92
17.38
17.85
18.31
18.78
19.25
19.71
20.17
20.65
21.11
21.57
22.02
22.51
22.97
23.43
23.89
24.36
24.83
25.29
25.74
26.23
26.69
27.15
27.61
28.09
28.55
29.01
29.46
29.95
30.41
30.87
31.33
31.81
32.27
32.73
33.19
33.66
34.13
34.59
35.05
35.53
35.99
36.45
36.91
37.38
37.85
38.31
38.77
39.25
39.71
40.17
40.63
41.1
41.57
42.04
42.5
42.97
43.43
43.91
44.36
44.83
45.29
45.75
46.21
46.69
47.16
47.61
48.07
48.55
49.02
49.48
49.94
50.41
50.88
51.34
51.79
52.27
52.74
53.2
53.66
54.13
54.6
55.06
55.52
55.99
56.46
56.92
57.38
57.85
58.32
58.78
59.24
59.71
60.18
60.64
61.1
61.57
62.04
62.5
62.96
63.43
63.9
64.36
64.82
65.29
65.76
66.23
66.68
67.16
67.62
68.08
68.54
69.01
69.48
69.94
70.4
70.87
71.34
71.8
72.27
72.74
73.2
73.66
74.12
74.6
75.06
75.52
75.98
76.45
76.92
77.38
77.84
78.32
78.78
79.25
79.71
80.18
80.64
81.1
81.56
82.04
82.5
82.97
83.43
83.9
84.37
84.83
85.29
85.76
86.23
86.69
87.15
87.61
88.09
88.55
89.01
89.48
89.95
90.4
90.86
91.34
91.81
92.26
92.72
93.19
93.66
94.12
94.59
95.06
95.53
95.99
96.45
96.92
97.39
97.85
98.31
98.78
99.25
99.71
100.17
100.64
101.11
101.57
102.03
102.5
102.97
103.43
103.89
104.36
104.83
105.29
105.75
106.22
106.69
107.15
107.61
108.08
108.55
109.01
109.48
109.94
110.41
110.88
111.33
111.8
112.27
112.73
113.2
113.66
114.13
114.59
115.05
115.52
115.99
116.45
116.92
117.39
117.86
118.31
118.77
119.25
119.71
120.17
120.64
121.1
121.57
122.03
122.5
122.96
123.43
123.89
124.35
124.82
125.29
125.76
126.21
126.68
127.15
127.61
128.08
128.54
129.01
129.47
129.94
130.4
130.87
131.33
131.8
132.26
132.74
133.2
133.66
134.13
134.6
135.05
135.52
135.99
136.46
136.92
137.38
137.85
138.32
138.78
139.23
139.71
140.18
140.64
141.09
141.57
142.04
142.5
142.95
143.43
143.9
144.36
144.82
145.29
145.76
146.22
146.68
147.16
147.61
148.08
148.54
149.02
149.48
149.94
150.4
150.88
151.34
151.8
152.26
152.74
153.2
153.66
154.12
154.6
155.06
155.52
155.98
156.46
156.92
157.38
157.84
158.32
158.78
159.24
159.7
160.18
160.64
161.1
161.56
162.04
162.5
162.96
163.42
163.9
164.36
164.82
165.29
165.76
166.22
166.69
167.15
167.62
168.08
168.55
169.01
169.48
169.94
170.41
170.86
171.34
171.8
172.27
172.73
173.2
173.66
174.13
174.59
175.06
175.52
175.99
176.45
176.92
177.38
177.85
178.31
178.78
179.24
179.72
180.17
180.64
181.14
181.62
182.07
182.5
182.97
183.43
183.89
184.36
184.83
185.29
185.76
186.22
186.69
187.15
187.62
188.08
188.55
189.01
189.47
189.94
190.41
190.87
191.34
191.8
192.27
192.73
193.2
193.66
194.13
194.59
195.06
195.52
195.99
196.45
196.91
197.38
197.85
198.31
198.78
199.24
199.71
200.18
200.64
201.1
201.57
202.04
202.5
202.96
203.43
203.89
204.35
204.82
205.29
205.75
206.22
206.69
207.16
207.61
208.07
208.55
209.02
209.48
209.94
210.41
210.87
211.33
211.8
212.27
212.73
213.19
213.66
214.13
214.6
215.06
215.52
215.99
216.46
216.92
217.38
217.85
218.31
218.78
219.24
219.71
220.18
220.64
221.1
221.57
222.04
222.5
222.96
223.43
223.9
224.36
224.82
225.29
225.76
226.22
226.69
227.15
227.62
228.08
228.54
229.01
229.48
229.95
230.4
230.87
231.34
231.8
232.26
232.73
233.2
233.66
234.12
234.59
235.06
235.52
235.98
236.45
236.92
237.39
237.84
238.31
238.78
239.24
239.71
240.17
240.64
241.1
241.56
242.02
242.47
242.93
243.39
243.85
