0.17
0.61
1.05
1.5
1.93
2.38
2.83
3.27
3.72
4.17
4.62
5.07
5.52
5.97
6.41
6.84
7.29
7.74
8.18
8.61
9.06
9.5
9.95
10.39
10.85
11.28
11.73
12.17
12.61
13.05
13.52
13.95
14.39
14.83
15.28
15.71
16.16
16.6
17.05
17.51
17.97
18.4
18.87
19.3
19.74
20.18
20.63
21.07
21.52
21.96
22.41
22.85
23.32
23.75
24.2
24.63
25.08
25.5
25.94
26.39
26.82
27.27
27.73
28.17
28.63
29.08
29.52
29.97
30.41
30.87
31.32
31.74
32.19
32.63
33.08
33.52
33.97
34.41
34.86
35.3
35.74
36.2
36.63
37.07
37.51
37.95
38.39
38.84
39.28
39.74
40.19
40.63
41.06
41.5
41.94
42.39
42.84
43.29
43.73
44.18
44.63
45.07
45.52
45.99
46.41
46.87
47.31
47.74
48.17
48.61
49.05
49.52
49.97
50.42
50.86
51.3
51.73
52.18
52.63
53.09
53.53
53.97
54.43
54.85
55.31
55.74
56.18
56.62
57.07
57.5
57.96
58.41
58.86
59.31
59.75
60.2
60.62
61.06
61.5
61.97
62.41
62.85
63.27
63.72
64.16
64.6
65.05
65.51
65.95
66.37
66.82
67.25
67.72
68.17
68.62
69.05
69.51
69.95
70.41
70.86
71.31
71.74
72.19
72.62
73.08
73.52
73.95
74.4
74.86
75.3
75.75
76.19
76.63
77.07
77.52
77.97
78.42
78.88
79.31
79.76
80.19
80.63
81.07
81.52
81.96
82.41
82.85
83.28
83.72
84.18
84.62
85.07
85.52
85.98
86.41
86.87
87.31
87.76
88.2
88.64
89.1
89.53
89.97
90.42
90.85
91.3
91.73
92.17
92.62
93.07
93.51
93.97
94.42
94.88
95.31
95.75
96.18
96.63
97.1
97.53
98.0
98.42
98.86
99.3
99.75
100.2
100.63
101.08
101.53
101.99
102.43
102.85
103.3
103.73
104.17
104.62
105.07
105.51
105.96
106.41
106.86
107.28
107.73
108.17
108.61
109.06
109.51
109.97
110.42
110.86
111.29
111.73
112.19
112.62
113.05
113.51
113.93
114.39
114.85
115.3
115.74
116.18
116.63
117.08
117.53
117.99
118.43
118.86
119.3
119.74
120.19
120.62
121.06
121.51
121.95
122.4
122.84
123.28
123.74
124.16
124.61
125.06
125.5
125.94
126.39
126.84
127.27
127.72
128.19
128.64
129.08
129.5
129.96
130.38
130.82
131.28
131.74
132.19
132.63
133.07
133.52
133.97
134.41
134.85
135.31
135.74
136.19
136.62
137.07
137.51
137.95
138.38
138.83
139.28
139.73
140.18
140.61
141.08
141.52
141.97
142.4
142.84
143.3
143.74
144.18
144.61
145.04
145.5
145.96
146.39
146.85
147.31
147.74
148.17
148.61
149.06
149.53
149.98
150.43
150.86
151.31
151.75
152.19
152.64
153.08
153.52
153.97
154.4
154.85
155.29
155.75
156.18
156.62
157.06
157.52
157.96
158.42
158.86
159.3
159.74
160.19
160.64
161.08
161.53
161.97
162.42
162.86
163.3
163.74
164.2
164.64
165.09
165.53
165.98
166.41
166.84
167.29
167.73
168.18
168.62
169.06
169.51
169.94
170.39
170.82
171.28
171.72
172.16
172.62
173.07
173.5
173.96
174.4
174.87
175.32
175.75
176.19
176.64
177.07
177.52
177.97
178.42
178.88
179.31
179.75
180.2
180.65
181.1
181.55
181.98
182.43
182.87
183.32
183.76
184.19
184.64
185.07
185.5
185.94
186.4
186.83
187.29
187.75
188.18
188.64
189.1
189.55
190.0
190.45
190.89
191.34
191.77
192.21
192.67
193.11
193.53
193.97
194.41
194.86
195.31
195.75
196.19
196.62
197.09
197.54
197.97
198.42
198.9
199.37
199.84
200.31
200.84
201.36
201.9
202.41
202.94
203.48
204.0
204.67
205.29
206.2
207.06
207.92
208.83
209.74
210.6
211.53
212.42
213.25
214.13
215.05
215.94
216.82
217.72
218.62
219.51
220.38
221.28
222.17
223.09
223.93
224.81
225.69
226.56
227.48
228.4
229.24
230.14
231.0
231.91
232.81
233.72
234.63
235.49
236.38
237.26
238.16
239.06
239.96
240.83
241.72
242.6
243.5
244.38
245.28
246.14
247.05
247.96
248.8
249.71
250.61
251.5
252.36
253.28
254.18
255.02
255.91
256.79
257.69
258.59
259.5
260.4
261.29
262.14
263.03
263.95
264.83
265.7
266.63
267.64
268.58
269.51
270.38
271.25
272.17
273.04
273.88
274.8
275.71
276.6
277.44
278.33
279.22
280.16
281.01
