0.1
0.62
1.14
1.66
2.17
2.69
3.21
3.72
4.24
4.76
5.26
5.78
6.31
6.83
7.35
7.87
8.38
8.9
9.42
9.94
10.45
10.97
11.49
12.01
12.52
13.04
13.56
14.06
14.59
15.11
15.63
16.16
16.66
17.18
17.69
18.22
18.73
19.25
19.76
20.29
20.8
21.32
21.83
22.36
22.86
23.38
23.9
24.42
24.94
25.45
25.97
26.48
27.0
27.52
28.04
28.56
29.07
29.59
30.11
30.62
31.14
31.66
32.17
32.69
33.21
33.73
34.25
34.77
35.28
35.8
36.31
36.83
37.35
37.87
38.39
38.9
39.42
39.94
40.45
40.97
41.49
42.01
42.52
43.04
43.56
44.07
44.59
45.11
45.63
46.14
46.67
47.18
47.7
48.21
48.74
49.26
49.77
50.28
50.8
51.32
51.84
52.35
52.87
53.39
53.91
54.42
54.94
55.46
55.98
56.49
57.01
57.53
58.04
58.55
59.08
59.59
60.11
60.63
61.15
61.66
62.18
62.7
63.22
63.74
64.25
64.77
65.29
65.8
66.32
66.83
67.35
67.87
68.39
68.9
69.42
69.94
70.46
70.97
71.49
72.02
72.52
73.04
73.56
74.08
74.59
75.11
75.63
76.16
76.67
77.18
77.7
78.22
78.73
79.25
79.77
80.3
80.8
81.32
81.84
82.36
82.87
83.39
83.91
84.44
84.94
85.46
85.97
86.5
87.01
87.52
88.05
88.56
89.08
89.59
90.11
90.64
91.15
91.66
92.18
92.68
93.21
93.73
94.25
94.78
95.29
95.8
96.32
96.83
97.35
97.87
98.39
98.91
99.42
99.94
100.46
100.97
101.49
102.0
102.52
103.04
103.56
104.07
104.59
105.11
105.63
106.14
106.66
107.18
107.7
108.21
108.73
109.25
109.76
110.28
110.8
111.33
111.84
112.35
112.87
113.39
113.91
114.42
114.94
115.46
115.97
116.49
117.01
117.52
118.04
118.56
119.08
119.59
120.11
120.62
121.15
121.66
122.18
122.7
123.22
123.73
124.25
124.77
125.28
125.8
126.32
126.83
127.35
127.87
128.39
128.9
129.42
129.94
130.46
130.97
131.49
132.02
132.53
133.04
133.56
134.08
134.6
135.11
135.63
136.14
136.66
137.18
137.69
138.21
138.73
139.25
139.77
140.28
140.8
141.31
141.84
142.35
142.87
143.39
143.9
144.42
144.94
145.45
145.97
146.49
147.01
147.52
148.04
148.56
149.07
149.59
150.11
150.63
151.14
151.66
152.18
152.69
153.22
153.73
154.25
154.77
155.28
155.8
156.32
156.84
157.35
157.87
158.39
158.9
159.43
159.94
160.46
160.98
161.49
162.0
162.53
163.05
163.57
164.07
164.6
165.11
165.63
166.14
166.66
167.18
167.7
168.21
168.73
169.25
169.76
170.29
170.8
171.32
171.83
172.36
172.87
173.38
173.9
174.42
174.94
175.46
175.97
176.5
177.01
177.53
178.04
178.54
179.08
179.59
180.11
180.63
181.14
181.66
182.18
182.7
183.22
183.73
184.25
184.77
185.28
185.8
186.32
186.84
187.36
187.87
188.4
188.91
189.43
189.97
190.46
190.97
191.49
192.0
192.53
193.04
193.54
194.06
194.59
195.11
195.63
196.13
196.66
197.18
197.7
198.21
198.73
199.24
199.76
200.29
200.79
201.32
201.83
202.34
202.88
203.39
203.93
204.43
204.94
205.45
205.97
206.49
207.01
207.52
208.04
208.56
209.07
209.59
210.12
210.62
211.15
211.66
212.18
212.7
213.22
213.73
214.25
214.77
215.28
215.8
216.32
216.84
217.35
217.87
218.39
218.9
219.42
219.94
220.46
220.97
221.49
222.01
222.53
223.04
223.56
224.07
224.59
225.11
225.63
226.14
226.66
227.18
227.7
228.21
228.73
229.24
229.77
230.28
230.8
231.32
231.84
232.35
232.87
233.38
233.9
234.42
234.94
235.46
235.98
236.49
237.01
237.52
238.04
238.56
239.06
239.57
240.11
240.63
241.15
241.65
242.18
242.71
243.2
243.72
244.26
244.76
245.29
245.83
246.31
246.84
247.35
247.86
248.39
248.9
249.4
249.94
250.47
250.97
251.48
252.01
252.54
253.04
253.57
254.08
254.6
255.12
255.64
