0.34
1.09
1.81
2.54
3.31
4.07
4.8
5.55
6.31
7.06
7.8
8.53
9.27
10.01
10.76
11.51
12.28
13.03
13.78
14.51
15.27
16.03
16.76
17.54
18.27
19.01
19.74
20.47
21.24
21.98
22.71
23.47
24.23
24.97
25.68
26.46
27.23
27.99
28.74
29.45
30.2
30.97
31.7
32.45
33.18
33.94
34.67
35.43
36.17
36.93
37.66
38.42
39.15
39.91
40.65
41.41
42.14
42.9
43.65
44.39
45.14
45.88
46.61
47.37
48.12
48.88
49.61
50.36
51.1
51.85
52.6
53.34
54.09
54.84
55.59
56.32
57.06
57.84
58.58
59.32
60.09
60.85
61.59
62.33
63.06
63.83
64.56
65.31
66.04
66.82
67.54
68.31
69.03
69.79
70.52
71.27
72.02
72.76
73.51
74.26
75.0
75.75
76.51
77.25
78.0
78.74
79.48
80.22
80.94
81.75
82.49
83.21
83.96
84.71
85.43
86.19
86.95
87.72
88.46
89.21
89.94
90.7
91.44
92.17
92.91
93.68
94.42
95.16
95.89
96.66
97.4
98.15
98.89
99.65
100.39
101.13
101.88
102.62
103.36
104.1
104.84
105.64
106.39
107.14
107.87
108.64
109.36
110.12
110.84
111.6
112.34
113.08
113.82
114.58
115.33
116.07
116.8
117.58
118.34
119.07
119.82
120.57
121.31
122.04
122.78
123.55
124.28
125.02
125.77
126.53
127.28
128.01
128.75
129.51
130.25
131.0
131.73
132.51
133.23
133.98
134.72
135.49
136.23
136.97
137.71
138.47
139.21
139.96
140.71
141.47
142.21
142.98
143.72
144.47
145.21
145.94
146.69
147.44
148.18
148.93
149.66
150.43
151.18
151.95
152.68
153.43
154.16
154.91
155.65
156.41
157.15
157.9
158.64
159.39
160.12
160.87
161.61
162.35
163.12
163.87
164.61
165.38
166.13
166.85
167.59
168.34
169.1
169.83
170.59
171.35
172.08
172.83
173.6
174.4
175.14
175.87
176.61
177.36
178.13
178.94
179.71
180.44
181.21
182.02
182.75
183.52
184.33
