0.37
0.82
1.28
1.72
2.17
2.63
3.07
3.52
3.98
4.42
4.88
5.33
5.77
6.23
6.68
7.13
7.58
8.03
8.49
8.93
9.38
9.84
10.28
10.73
11.19
11.66
12.11
12.56
13.0
13.46
13.9
14.35
14.81
15.27
15.72
16.16
16.62
17.06
17.53
17.97
18.43
18.88
19.34
19.78
20.24
20.69
21.15
21.6
22.05
22.5
22.96
23.4
23.87
24.32
24.77
25.22
25.68
26.12
26.58
27.02
27.48
27.93
28.39
28.84
29.29
29.74
30.2
30.65
31.1
31.55
32.01
32.46
32.91
33.36
33.81
34.25
34.71
35.16
35.62
36.07
36.52
36.97
37.43
37.88
38.33
38.78
39.23
39.68
40.13
40.59
41.04
41.49
41.94
42.39
42.85
43.29
43.75
44.21
44.67
45.11
45.57
46.01
46.47
46.91
47.37
47.82
48.28
48.72
49.18
49.63
50.09
50.53
50.99
51.44
51.9
52.34
52.79
53.25
53.71
54.15
54.61
55.07
55.52
55.97
56.42
56.87
57.31
57.76
58.22
58.67
59.12
59.57
60.02
60.49
60.94
61.39
61.83
62.29
62.74
63.2
63.65
64.1
64.56
65.01
65.46
65.91
66.36
66.81
67.26
67.71
68.16
68.61
69.06
69.53
69.98
70.43
70.88
71.32
71.78
72.23
72.68
73.14
73.6
74.04
74.49
74.94
75.39
75.83
76.3
76.76
77.22
77.65
78.11
78.56
79.02
79.47
79.93
80.37
80.84
81.28
81.73
82.19
82.64
83.08
83.54
84.0
84.46
84.9
85.36
85.8
86.25
86.71
87.16
87.61
88.07
88.51
88.97
89.42
89.88
90.33
90.77
91.23
91.67
92.12
92.58
93.03
93.47
93.94
94.38
94.84
95.29
95.74
96.19
96.65
97.11
97.55
98.0
98.46
98.91
99.36
99.81
100.27
100.73
101.18
101.62
102.08
102.53
102.97
103.43
103.88
104.33
104.78
105.24
105.69
106.14
106.59
107.04
107.5
107.95
108.39
108.84
109.31
109.76
110.21
110.67
111.12
111.57
112.02
112.46
112.91
113.36
113.82
114.27
114.72
115.18
115.63
116.07
116.53
116.98
117.45
117.9
118.35
118.8
119.25
119.7
120.15
120.61
121.05
121.51
121.97
122.42
122.86
123.32
123.78
124.23
124.68
125.13
125.58
126.03
126.49
126.93
127.4
127.84
128.31
128.75
129.2
129.64
130.09
130.54
131.0
131.45
131.9
132.36
132.8
133.24
133.68
134.12
134.59
135.03
135.5
135.94
136.41
136.85
137.3
137.75
138.22
138.68
139.13
139.59
140.03
140.49
140.92
141.37
141.84
142.29
142.74
143.2
143.67
144.11
144.56
145.02
145.47
145.92
146.36
146.83
147.29
147.74
148.18
148.64
149.1
149.55
150.0
150.45
150.9
151.35
151.79
152.25
152.7
153.14
153.61
154.08
154.54
154.98
155.43
155.87
156.32
156.79
157.22
157.67
158.13
158.59
159.04
159.49
159.93
160.38
160.82
161.27
161.72
162.18
162.63
163.09
163.55
164.01
164.45
164.9
165.34
165.8
166.26
166.72
167.18
167.63
168.08
168.52
168.99
169.44
169.89
170.33
170.78
171.23
171.69
172.14
172.59
173.04
173.5
173.95
174.4
174.84
175.3
175.75
176.2
176.66
177.12
177.56
178.02
178.47
178.93
179.37
179.83
180.28
180.72
181.17
181.63
182.08
182.54
182.99
183.44
183.9
184.35
184.79
185.26
185.71
186.16
186.61
187.05
187.51
187.96
188.41
188.87
189.31
189.76
190.21
190.67
191.12
191.57
192.02
192.47
192.92
193.38
193.82
194.28
194.74
195.19
195.63
196.09
196.54
196.99
197.45
197.9
198.37
198.8
199.25
199.71
200.17
200.62
201.06
201.51
201.97
202.42
202.87
203.32
203.78
204.23
204.68
205.13
205.58
206.03
206.48
206.93
207.38
207.85
208.3
208.76
209.23
209.71
210.19
210.69
211.16
211.64
