0.09
0.47
0.84
1.21
1.59
1.97
2.34
2.71
3.1
3.47
3.84
4.22
4.59
4.97
5.34
5.71
6.08
6.45
6.83
7.21
7.58
7.95
8.33
8.71
9.08
9.45
9.83
10.2
10.58
10.96
11.33
11.71
12.08
12.46
12.83
13.21
13.58
13.96
14.33
14.71
15.08
15.46
15.83
16.21
16.58
16.96
17.33
17.71
18.08
18.46
18.83
19.21
19.58
19.95
20.33
20.71
21.08
21.45
21.83
22.21
22.58
22.96
23.33
23.71
24.08
24.46
24.83
25.21
25.58
25.96
26.33
26.71
27.08
27.46
27.83
28.21
28.58
28.95
29.33
29.71
30.08
30.45
30.83
31.21
31.58
31.96
32.33
32.71
33.08
33.45
33.83
34.21
34.58
34.95
35.33
35.71
36.08
36.45
36.83
37.21
37.58
37.95
38.33
38.71
39.08
39.45
39.83
40.2
40.58
40.95
41.33
41.71
42.08
42.46
42.83
43.21
43.58
43.95
44.33
44.71
45.08
45.45
45.83
46.21
46.58
46.96
47.33
47.71
48.08
48.46
48.83
49.21
49.58
49.96
50.33
50.71
51.08
51.46
51.83
52.19
52.58
52.95
53.33
53.71
54.08
54.46
54.83
55.21
55.58
55.96
56.33
56.7
57.08
57.46
57.83
58.21
58.58
58.96
59.33
59.7
60.08
60.45
60.83
61.21
61.58
61.96
62.33
62.71
63.08
63.46
63.83
64.21
64.58
64.96
65.33
65.7
66.08
66.46
66.83
67.22
67.58
67.96
68.33
68.71
69.08
69.46
69.83
70.21
70.58
70.96
71.33
71.71
72.08
72.46
72.83
73.21
73.58
73.97
74.33
74.71
75.08
75.46
75.83
76.21
76.58
76.95
77.33
77.71
78.08
78.46
78.83
79.2
79.58
79.96
80.33
80.71
81.08
81.46
81.83
82.21
82.58
82.95
83.33
83.71
84.08
84.46
84.83
85.21
85.58
85.95
86.33
86.71
87.08
87.46
87.83
88.21
88.58
88.95
89.33
89.71
90.08
90.45
90.83
91.21
91.58
91.95
92.33
92.71
93.08
93.45
93.83
94.21
94.58
94.95
95.33
95.71
96.08
96.45
96.83
97.21
97.58
97.96
98.33
98.71
99.08
99.45
99.83
100.21
100.58
100.95
101.33
101.71
102.08
102.46
102.83
103.21
103.58
103.96
104.33
104.71
105.08
105.46
105.83
106.22
106.58
106.96
107.33
107.69
108.08
108.45
108.83
109.21
109.58
109.96
110.33
110.71
111.08
111.46
111.83
112.2
112.58
112.96
113.33
113.71
114.08
114.47
114.83
115.21
115.59
115.96
116.33
116.7
117.08
117.46
117.83
118.21
118.58
118.96
119.33
119.71
120.08
120.46
120.83
121.21
121.58
121.95
122.33
122.72
123.08
123.46
123.83
124.21
124.58
124.96
125.33
125.72
126.08
126.46
126.83
127.21
127.58
127.96
128.33
128.71
129.08
129.46
129.83
130.21
130.58
130.96
131.33
131.72
132.08
132.46
132.83
133.21
133.58
133.96
134.33
134.72
135.09
135.46
135.83
136.21
136.58
136.96
137.33
137.71
138.09
138.46
138.83
139.21
139.58
139.96
140.33
140.71
141.08
141.46
141.83
142.2
142.58
142.95
143.33
143.71
144.08
144.46
144.83
145.21
145.58
145.96
146.33
146.71
147.08
147.45
147.83
148.21
148.58
148.96
149.33
149.71
150.09
150.46
150.83
151.21
151.58
151.96
152.33
152.71
153.09
153.46
153.83
154.2
154.58
154.96
155.33
155.7
156.08
156.46
156.83
157.21
157.58
157.96
158.33
158.71
159.08
159.46
159.83
160.21
160.58
160.96
161.33
161.71
162.08
162.46
162.83
163.21
163.58
163.95
164.33
164.71
165.08
165.45
165.83
166.21
166.58
166.96
167.33
167.71
168.08
168.46
168.83
169.2
169.58
169.96
170.33
170.7
171.08
171.46
171.83
172.21
172.58
172.96
173.33
173.71
174.08
174.45
174.83
175.2
175.58
175.96
176.33
176.71
177.09
177.46
177.83
178.21
178.58
178.96
179.33
179.71
180.08
180.46
180.83
181.22
181.58
181.95
182.33
182.71
183.08
183.45
183.83
184.21
184.58
184.95
185.33
185.71
186.08
186.46
186.83
187.21
187.58
187.96
188.33
188.71
189.08
189.45
189.83
190.2
190.58
190.95
191.33
191.71
192.08
192.46
192.83
193.21
193.58
193.96
194.33
194.71
195.08
195.46
195.83
196.19
196.58
196.95
197.33
197.71
198.08
198.46
198.83
199.21
199.58
199.96
200.33
200.71
201.08
201.46
201.83
202.21
202.58
202.96
203.33
203.7
204.08
204.45
204.83
205.2
205.58
205.96
206.33
206.71
207.08
207.46
207.83
208.21
208.58
208.96
209.33
209.71
210.08
210.46
210.83
211.22
211.58
211.96
212.33
212.71
213.08
213.46
213.84
214.22
214.59
214.96
215.33
215.7
216.08
216.46
216.83
217.2
217.58
217.96
218.33
218.71
219.08
219.46
219.83
220.21
220.58
220.96
221.33
221.71
222.08
222.46
222.83
223.21
223.58
223.96
224.33
224.71
225.08
225.46
225.83
226.21
226.58
226.96
227.33
227.71
228.08
228.46
228.83
229.21
229.58
229.96
230.33
230.71
231.08
231.45
231.83
232.2
232.58
232.96
233.33
233.71
234.08
234.46
234.83
235.21
235.58
235.96
236.33
236.71
237.08
237.46
237.83
238.21
238.58
238.96
239.33
239.71
240.08
240.46
240.83
241.21
241.58
241.96
242.33
242.71
243.08
243.46
243.83
244.21
244.58
244.96
245.33
245.71
246.08
246.46
246.84
247.22
247.59
247.96
248.33
248.72
249.09
249.46
249.83
250.21
250.59
250.97
251.33
251.72
252.09
252.47
