0.13
0.73
1.31
1.91
2.49
3.05
3.66
4.25
4.83
5.42
6.01
6.6
7.18
7.77
8.36
8.96
9.51
10.1
10.69
11.3
11.86
12.45
13.04
13.65
14.21
14.79
15.38
15.99
16.55
17.14
17.73
18.34
18.91
19.49
20.08
20.69
21.25
21.84
22.43
23.03
23.61
24.19
24.77
25.39
25.96
26.54
27.13
27.71
28.3
28.88
29.47
30.05
30.64
31.23
31.82
32.4
32.99
33.58
34.17
34.75
35.34
35.95
36.53
37.13
37.69
38.27
38.85
39.45
40.03
40.62
41.22
41.79
42.38
42.97
43.55
44.14
44.73
45.32
45.93
46.52
47.08
47.67
48.26
48.87
49.43
50.01
50.61
51.22
51.78
52.36
52.96
53.57
54.13
54.72
55.3
55.89
56.48
57.06
57.65
58.27
58.83
59.41
60.0
60.62
61.18
61.76
62.35
62.96
63.52
64.11
64.7
65.28
65.87
66.46
67.05
67.65
68.22
68.8
69.4
70.0
70.57
71.16
71.74
72.35
72.92
73.5
74.09
74.68
75.26
75.85
76.44
77.05
77.61
78.2
78.79
79.4
79.97
80.55
81.14
81.74
82.31
82.93
83.49
84.07
84.66
85.24
85.83
86.41
87.0
87.59
88.18
88.76
89.35
89.94
90.53
91.11
91.7
92.31
92.89
93.48
94.05
94.63
95.2
95.81
96.39
96.98
97.58
98.15
98.74
99.33
99.92
100.5
101.09
101.69
102.29
102.88
103.44
104.03
104.62
105.23
105.79
106.37
106.97
107.58
108.14
108.72
109.32
109.93
110.49
111.08
111.66
112.25
112.84
113.42
114.01
114.63
115.19
115.77
116.36
116.97
117.54
118.12
118.71
119.32
119.88
120.47
121.06
121.64
122.23
122.81
123.4
123.99
124.57
125.16
125.74
126.34
126.92
127.51
128.1
128.68
129.27
129.88
130.47
131.06
131.62
132.21
132.82
133.38
133.97
134.55
135.14
135.73
136.32
136.9
137.49
138.08
138.66
139.28
139.86
140.45
141.01
141.6
142.19
142.8
143.37
143.95
144.54
145.15
145.71
146.3
146.89
147.5
148.06
148.65
149.23
149.83
150.42
150.99
151.59
152.2
152.76
153.34
153.94
154.55
155.11
155.69
156.28
156.89
157.45
158.04
158.63
159.21
159.8
160.39
160.97
161.56
162.15
162.73
163.33
163.91
164.5
165.08
165.67
166.26
166.84
167.46
168.04
168.63
169.2
169.78
170.37
170.95
171.54
172.13
172.72
173.3
173.89
174.48
175.07
175.65
176.24
176.84
177.44
178.02
178.59
179.18
179.77
180.37
180.94
181.53
182.11
182.72
183.29
183.87
184.46
185.07
185.64
186.22
186.81
187.42
187.99
188.57
189.16
189.77
190.33
190.92
191.5
192.11
192.68
193.26
193.85
194.47
195.03
195.61
196.2
196.65
197.12
197.6
198.08
