0.11
0.57
1.01
1.45
1.89
2.34
2.77
3.22
3.65
4.1
4.53
4.98
5.42
5.84
6.29
6.73
7.17
7.63
8.07
8.5
8.95
9.38
9.81
10.25
10.69
11.14
11.59
12.03
12.45
12.89
13.35
13.8
14.23
14.69
15.13
15.55
16.0
16.44
16.89
17.31
17.75
18.21
18.65
19.08
19.53
19.97
20.4
20.84
21.29
21.75
22.18
22.61
23.06
23.49
23.93
24.37
24.81
25.28
25.72
26.15
26.58
27.02
27.47
27.91
28.34
28.78
29.22
29.67
30.12
30.55
30.99
31.43
31.87
32.31
32.76
33.19
33.64
34.08
34.52
34.95
35.4
35.84
36.29
36.73
37.17
37.61
38.04
38.48
38.93
39.36
39.81
40.25
40.7
41.13
41.58
42.03
42.46
42.91
43.35
43.79
44.24
44.68
45.11
45.55
45.99
46.45
46.88
47.32
47.76
48.2
48.64
49.08
49.52
49.97
50.41
50.85
51.3
51.73
52.17
52.62
53.06
53.5
53.94
54.38
54.82
55.25
55.7
56.14
56.59
57.04
57.47
57.9
58.36
58.8
59.23
59.67
60.11
60.56
61.0
61.44
61.88
62.31
62.76
63.21
63.64
64.09
64.53
64.97
65.41
65.84
66.29
66.73
67.17
67.62
68.06
68.49
68.93
69.37
69.82
70.26
70.7
71.14
71.58
72.02
72.47
72.9
73.34
73.78
74.22
74.67
75.11
75.55
75.99
76.43
76.87
77.31
77.75
78.2
78.64
79.08
79.51
79.96
80.4
80.83
81.28
81.72
82.17
82.61
83.05
83.47
83.93
84.37
84.81
85.25
85.7
86.14
86.59
87.02
87.46
87.9
88.34
88.78
89.23
89.67
90.11
90.53
90.99
91.43
91.87
92.31
92.75
93.19
93.64
94.08
94.52
94.95
95.4
95.84
96.28
96.72
97.17
97.59
98.05
98.49
98.93
99.37
99.81
100.26
100.71
101.14
101.58
102.02
102.46
102.9
103.34
103.78
104.23
104.66
105.11
105.55
105.99
106.43
106.87
107.31
107.76
108.19
108.63
109.07
109.52
109.96
110.4
110.84
111.29
111.72
112.17
112.61
113.05
113.49
113.93
114.37
114.82
115.25
115.69
116.13
116.58
117.02
117.46
117.9
118.34
118.77
119.22
119.67
120.11
120.55
120.99
121.43
121.88
122.31
122.75
123.19
123.64
124.08
124.52
124.96
125.4
125.84
126.28
126.73
127.17
127.63
128.06
128.5
128.95
129.39
129.82
130.26
130.7
131.15
131.59
132.02
132.47
132.91
133.35
133.79
134.23
134.68
135.12
135.56
136.0
136.43
136.88
137.32
137.76
138.21
138.65
139.08
139.53
139.96
140.41
140.85
141.29
141.74
142.17
142.61
143.07
143.51
143.94
144.38
144.82
145.27
145.7
146.14
146.58
147.02
147.46
147.91
148.35
148.8
149.23
149.67
150.12
150.55
150.99
151.44
151.88
152.33
152.77
153.2
153.64
154.08
154.52
154.96
155.41
155.85
156.29
156.72
157.17
157.61
158.05
158.5
158.94
159.38
159.82
160.26
160.72
161.14
161.58
162.02
162.46
162.9
163.35
163.79
164.23
164.67
165.11
165.55
165.99
166.43
166.88
167.31
167.76
168.2
168.64
169.08
169.54
169.99
170.41
170.85
171.3
171.73
172.17
172.61
173.06
173.51
173.94
174.38
174.82
175.26
175.71
176.15
176.58
177.03
177.47
177.9
178.35
178.78
179.21
179.67
180.11
180.56
181.0
181.45
181.88
182.33
182.76
183.2
183.64
184.1
184.53
184.97
185.41
185.86
186.29
186.74
187.18
187.63
188.06
188.49
188.94
189.38
189.82
190.26
190.7
191.16
191.59
192.03
192.48
192.92
193.35
193.8
194.24
194.68
195.11
195.55
196.0
196.43
196.88
197.32
197.77
198.21
198.64
199.09
199.54
199.98
200.42
200.86
201.29
201.75
202.18
202.62
203.06
203.49
203.94
204.39
204.82
205.27
205.7
206.14
206.59
207.02
207.46
207.91
208.35
208.8
209.24
209.68
210.12
210.55
211.0
211.44
211.89
212.32
212.75
213.19
213.64
214.08
214.52
214.96
215.4
215.85
216.29
216.72
217.17
217.62
218.05
218.5
218.94
219.37
219.81
220.25
220.7
221.13
221.61
222.08
222.57
223.08
223.58
224.11
224.62
225.18
225.71
226.18
226.69
227.19
227.7
228.19
228.61
229.05
229.47
229.89
230.34
230.75
