0.63
1.39
2.13
2.88
3.64
4.39
5.13
5.88
6.64
7.4
8.13
8.88
9.64
10.39
11.13
11.89
12.63
13.38
14.15
14.88
15.63
16.38
17.13
17.88
18.63
19.38
20.14
20.89
21.64
22.38
23.13
23.88
24.63
25.38
26.14
26.88
27.63
28.38
29.14
29.88
30.63
31.38
32.13
32.88
33.63
34.38
35.14
35.88
36.63
37.38
38.14
38.88
39.63
40.38
41.14
41.88
42.64
43.38
44.13
44.88
45.63
46.38
47.14
47.88
48.63
49.38
50.14
50.89
51.64
52.38
53.14
53.88
54.64
55.39
56.14
56.89
57.63
58.38
59.14
59.89
60.64
61.38
62.14
62.89
63.64
64.38
65.14
65.89
66.64
67.39
68.14
68.89
69.64
70.38
71.14
71.88
72.64
73.38
74.14
74.88
75.64
76.38
77.13
77.88
78.63
79.38
80.13
80.88
81.63
82.38
83.14
83.88
84.63
85.38
86.14
86.88
87.63
88.38
89.13
89.88
90.63
91.38
92.14
92.88
93.63
94.38
95.14
95.88
96.63
97.38
98.14
98.88
99.63
100.38
101.14
101.88
102.64
103.38
104.13
104.88
105.63
106.38
107.13
107.88
108.63
109.39
110.14
110.89
111.64
112.38
113.14
113.89
114.64
115.39
116.14
116.89
117.64
118.38
119.14
119.89
120.64
121.39
122.14
122.89
123.64
124.39
125.14
125.89
126.64
127.38
128.14
128.89
129.64
130.38
131.14
131.89
132.64
133.39
134.14
134.89
135.64
136.38
137.14
137.89
138.64
139.39
140.15
140.89
141.64
142.38
143.14
143.89
144.64
145.39
146.14
146.89
147.64
148.38
149.12
149.89
150.64
151.39
152.14
152.89
153.64
154.38
155.14
155.89
156.64
157.39
158.14
158.89
159.64
160.39
161.13
161.88
162.64
163.39
164.13
164.88
165.64
166.38
167.14
167.89
168.63
169.39
170.14
170.89
171.64
172.38
173.14
173.89
174.64
175.39
176.14
176.89
177.64
178.39
179.14
179.89
180.64
181.39
182.14
182.89
183.64
184.39
185.14
185.89
186.64
187.39
188.14
188.89
189.64
190.39
191.14
191.89
192.64
193.39
194.14
194.89
195.64
196.38
197.14
197.89
198.64
199.39
200.14
200.89
201.64
202.38
203.14
203.89
204.64
205.39
206.14
206.89
207.64
208.39
209.14
209.89
210.64
211.39
212.14
212.89
213.64
214.38
215.14
215.89
216.64
217.4
218.1
218.82
