0.08
0.55
1.01
1.48
1.95
2.42
2.89
3.36
3.82
4.29
4.76
5.23
5.7
6.17
6.64
7.11
7.58
8.04
8.51
8.98
9.45
9.92
10.39
10.86
11.32
11.79
12.26
12.73
13.2
13.67
14.13
14.6
15.09
15.55
16.01
16.48
16.96
17.42
17.89
18.36
18.83
19.3
19.77
20.23
20.7
21.17
21.64
22.11
22.58
23.05
23.52
23.98
24.45
24.92
25.39
25.86
26.33
26.79
27.26
27.73
28.2
28.66
29.13
29.6
30.08
30.55
31.02
31.48
31.95
32.42
32.89
33.36
33.83
34.3
34.77
35.24
35.7
36.17
36.64
37.11
37.58
38.05
38.52
38.98
39.45
39.92
40.39
40.86
41.33
41.8
42.27
42.74
43.2
43.67
44.14
44.61
45.08
45.55
46.01
46.48
46.95
47.42
47.89
48.36
48.83
49.3
49.76
50.23
50.7
51.17
51.64
52.11
52.58
53.05
53.51
53.98
54.45
54.92
55.39
55.86
56.33
56.79
57.26
57.73
58.2
58.67
59.14
59.61
60.08
60.55
61.01
61.48
61.95
62.42
62.89
63.36
63.83
64.3
64.76
65.23
65.7
66.17
66.64
67.11
67.58
68.05
68.51
68.98
69.45
69.92
70.39
70.86
71.33
71.8
72.26
72.73
73.21
73.67
74.14
74.6
75.07
75.54
76.01
76.48
76.95
77.42
77.89
78.36
78.83
79.29
79.76
80.23
80.7
81.17
81.64
82.1
82.58
83.04
83.51
83.98
84.45
84.92
85.39
85.86
86.33
86.79
87.26
87.73
88.2
88.67
89.14
89.6
90.08
90.54
91.01
91.48
91.95
92.42
92.89
93.36
93.83
94.29
94.76
95.23
95.7
96.17
96.64
97.1
97.58
98.05
98.51
98.98
99.45
99.92
100.39
100.86
101.33
101.8
102.26
102.73
103.22
103.68
104.14
104.61
105.08
105.56
106.02
106.49
106.95
107.42
107.9
108.36
108.83
109.3
109.77
110.24
110.7
111.17
111.64
112.12
112.58
113.05
113.51
113.98
114.45
114.92
115.39
115.86
116.34
116.8
117.28
117.75
118.22
118.68
119.16
119.62
120.09
120.56
121.03
121.51
121.96
122.42
122.9
123.36
123.83
124.31
124.77
125.23
125.7
126.18
126.64
127.12
127.59
128.05
128.52
128.99
129.46
129.92
130.39
130.86
131.34
131.81
132.27
132.74
133.21
133.68
134.15
134.62
135.08
135.55
136.02
136.49
136.95
137.44
137.89
138.35
138.83
139.3
139.77
140.24
140.71
141.18
141.65
142.12
142.58
143.05
143.52
143.99
144.46
144.93
145.4
145.88
146.34
146.81
147.29
147.75
148.23
148.69
149.16
149.62
150.09
150.56
151.04
151.5
151.99
152.44
152.89
153.37
153.84
154.32
154.79
155.25
155.73
156.19
156.66
157.13
157.59
158.07
158.55
159.02
159.49
159.95
160.4
160.85
161.33
161.8
162.26
162.73
163.2
163.67
164.14
164.61
165.08
165.54
166.01
166.48
166.95
167.42
167.89
168.35
168.83
169.29
169.76
170.23
170.7
171.17
171.64
172.11
172.58
173.04
173.51
173.98
174.45
174.92
175.39
175.85
176.33
176.79
177.26
177.73
178.2
178.67
179.14
179.61
180.08
180.54
181.01
181.48
181.95
182.41
182.89
183.34
183.83
184.3
184.77
185.24
185.7
186.17
186.64
187.11
187.59
188.06
188.53
189.0
189.47
189.92
190.4
190.87
191.34
191.81
192.28
192.74
193.22
193.69
194.17
194.61
195.09
195.55
196.02
196.49
196.96
197.43
197.9
198.36
198.84
199.31
199.77
200.24
200.7
201.18
201.65
202.12
202.59
203.05
203.54
203.99
204.48
204.95
205.42
205.89
206.34
