0.22
0.72
1.23
1.74
2.26
2.8
3.31
3.83
4.36
4.88
5.41
5.94
6.46
6.99
7.52
8.05
8.57
9.09
9.62
10.15
10.68
11.21
11.73
12.26
12.78
13.29
13.82
14.34
14.87
15.4
15.92
16.45
16.98
17.5
18.03
18.56
19.08
19.61
20.14
20.67
21.19
21.72
22.25
22.77
23.3
23.82
24.34
24.85
25.38
25.93
26.47
26.99
27.52
28.04
28.57
29.09
29.61
30.14
30.68
31.2
31.73
32.25
32.78
33.3
33.83
34.35
34.88
35.41
35.95
36.47
36.99
37.51
38.04
38.56
39.09
39.62
40.15
40.67
41.2
41.72
42.26
42.79
43.32
43.85
44.38
44.9
45.43
45.94
46.47
46.99
47.53
48.04
48.58
49.1
49.63
50.15
50.69
51.22
51.75
52.28
52.81
53.33
53.86
54.38
54.91
55.43
55.96
56.48
57.01
57.54
58.07
58.59
59.13
59.65
60.17
60.69
61.23
61.75
62.28
62.8
63.33
63.86
64.4
64.92
65.45
65.97
66.5
67.02
67.55
68.07
68.61
69.13
69.66
70.19
70.72
71.24
71.77
72.3
72.82
73.35
73.88
74.41
74.94
75.46
75.99
76.52
77.04
77.56
78.1
78.62
79.15
79.67
80.2
80.71
81.24
81.76
82.29
82.82
83.35
83.86
84.4
84.94
85.45
85.98
86.52
87.04
87.57
88.1
88.63
89.15
89.67
90.2
90.74
91.26
91.78
92.3
92.83
93.35
93.87
94.4
94.94
95.46
95.99
96.51
97.04
97.57
98.09
98.61
99.14
99.67
100.2
100.71
101.25
101.77
102.3
102.82
103.35
103.88
104.41
104.94
105.46
105.99
106.52
107.05
107.58
108.11
108.63
109.16
109.7
110.21
110.75
111.28
111.8
112.32
112.85
113.37
113.89
114.42
114.96
115.48
116.01
116.54
117.05
117.57
118.1
118.63
119.17
119.69
120.22
120.75
121.27
121.8
122.33
122.86
123.39
123.9
124.44
124.96
125.49
126.01
126.54
127.06
127.6
128.13
128.66
129.17
129.69
130.21
130.74
131.28
131.81
132.34
132.87
133.39
133.92
134.45
134.98
135.5
136.03
136.55
137.1
137.61
138.14
138.66
139.18
139.7
140.23
140.76
141.29
141.82
142.34
142.86
143.38
143.91
144.44
144.96
145.49
146.01
146.54
147.06
147.6
148.13
148.65
149.2
149.73
150.25
150.77
151.3
151.83
152.36
152.89
153.41
153.94
154.46
154.99
155.51
156.05
156.57
157.09
157.61
158.15
158.67
159.2
159.72
160.25
160.78
161.3
161.83
162.37
162.89
163.42
163.93
164.46
164.99
165.52
166.04
166.56
167.09
167.61
168.14
168.67
169.2
169.73
170.25
170.78
171.3
171.83
172.36
172.9
173.43
173.96
174.48
175.0
175.52
176.05
176.57
177.1
177.64
178.16
178.69
179.23
179.75
180.27
180.79
181.32
181.84
182.36
182.89
183.42
183.94
184.49
185.01
185.54
186.07
186.59
187.11
187.64
188.17
188.7
189.22
189.77
190.3
190.82
191.33
191.85
192.38
192.91
193.43
193.97
194.49
195.02
195.54
196.07
196.6
197.12
197.64
198.18
198.69
199.22
199.75
200.28
200.82
201.35
201.87
202.4
202.92
203.44
203.97
204.5
205.02
205.55
206.08
206.61
207.14
207.66
208.17
208.71
209.24
209.75
210.28
210.82
211.34
211.87
212.4
212.93
213.46
213.99
214.51
215.04
215.56
216.09
216.61
217.14
217.66
218.17
218.71
219.25
219.77
220.3
220.82
221.34
221.86
222.4
222.92
223.46
223.98
224.53
225.03
225.57
226.09
226.63
227.15
227.68
228.2
228.73
229.25
229.78
230.31
230.84
231.35
231.89
232.42
232.95
233.47
233.99
234.52
235.05
235.57
236.09
236.62
237.15
237.68
238.22
238.74
239.26
239.79
240.33
240.85
241.38
241.89
242.42
242.96
243.48
244.01
244.53
245.06
245.59
246.11
246.63
247.16
247.69
248.2
248.74
249.27
249.79
250.3
250.83
251.35
251.89
252.42
252.95
253.48
254.02
254.54
255.07
255.6
256.12
256.65
257.18
257.7
258.23
258.77
259.28
259.8
260.33
260.85
261.39
261.92
262.45
262.98
263.5
264.02
264.55
265.07
265.61
266.12
266.65
267.17
267.7
268.21
268.74
269.27
269.81
270.33
270.87
271.39
271.92
272.44
272.96
273.49
274.04
274.57
275.1
275.62
276.14
276.66
277.2
277.72
278.25
278.78
279.31
279.83
280.33
