0.16
0.55
0.97
1.38
1.8
2.21
2.63
3.05
3.47
3.88
4.3
4.72
5.13
5.55
5.97
6.38
6.8
7.22
7.64
8.06
8.47
8.88
9.3
9.72
10.13
10.55
10.97
11.38
11.8
12.22
12.64
13.05
13.47
13.89
14.31
14.72
15.13
15.55
15.97
16.37
16.79
17.21
17.63
18.05
18.46
18.88
19.29
19.71
20.13
20.55
20.97
21.38
21.8
22.22
22.63
23.05
23.47
23.88
24.3
24.72
25.13
25.55
25.97
26.38
26.8
27.22
27.63
28.05
28.47
28.88
29.3
29.72
30.13
30.55
30.97
31.38
31.8
32.22
32.63
33.05
33.47
33.88
34.3
34.72
35.13
35.55
35.97
36.39
36.8
37.22
37.64
38.05
38.47
38.88
39.3
39.72
40.13
40.55
40.97
41.39
41.8
42.22
42.63
43.05
43.47
43.88
44.3
44.72
45.14
45.55
45.97
46.38
46.8
47.22
47.64
48.05
48.47
48.89
49.3
49.72
50.13
50.55
50.97
51.39
51.8
52.22
52.64
53.05
53.47
53.89
54.3
54.72
55.14
55.55
55.97
56.39
56.8
57.22
57.64
58.05
58.47
58.89
59.3
59.72
60.13
60.55
60.97
61.39
61.8
62.22
62.64
63.05
63.47
63.89
64.3
64.72
65.13
65.55
65.97
66.39
66.8
67.22
67.64
68.05
68.47
68.88
69.3
69.72
70.14
70.55
70.97
71.39
71.8
72.22
72.64
73.05
73.47
73.89
74.3
74.72
75.13
75.55
75.97
76.39
76.8
77.22
77.63
78.05
78.47
78.88
79.3
79.72
80.13
80.55
80.97
81.38
81.8
82.22
82.63
83.05
83.47
83.89
84.3
84.72
85.13
85.55
85.97
86.39
86.8
87.22
87.63
88.05
88.47
88.88
89.3
89.72
90.13
90.55
90.97
91.38
91.8
92.22
92.64
93.05
93.47
93.89
94.3
94.72
95.13
95.55
95.97
96.39
96.8
97.22
97.64
98.05
98.47
98.88
99.3
99.72
100.13
100.54
100.96
101.39
101.8
102.22
102.63
103.05
103.47
103.88
104.3
104.72
105.13
105.55
105.97
106.38
106.8
107.22
107.64
108.05
108.47
108.89
109.3
109.72
110.13
110.55
110.97
111.39
111.8
112.22
112.63
113.05
113.47
113.89
114.3
114.72
115.14
115.55
115.97
116.39
116.8
117.22
117.63
118.05
118.47
118.89
119.3
119.72
120.13
120.55
120.97
121.39
121.8
122.22
122.63
123.05
123.47
123.88
124.3
124.72
125.14
125.55
125.97
126.38
126.8
127.22
127.64
128.05
128.47
128.89
129.3
129.72
130.13
130.55
130.97
131.39
131.8
132.22
132.63
133.05
133.47
133.88
134.3
134.72
135.13
135.55
135.97
136.39
136.8
137.22
137.63
138.05
138.47
138.89
139.3
139.72
140.13
140.55
140.97
141.39
141.8
142.22
142.64
143.05
143.47
143.88
144.3
144.72
145.13
145.55
145.97
146.39
146.8
147.22
147.63
148.05
148.47
148.89
149.3
149.72
150.13
150.55
150.97
151.39
151.8
152.22
152.63
153.05
153.47
153.88
154.3
154.72
155.16
155.57
156.0
156.4
156.84
157.24
157.68
158.08
158.51
158.93
159.33
159.73
160.14
160.55
160.98
161.4
161.82
162.23
162.66
163.06
163.5
163.9
164.34
164.74
165.18
165.58
166.0
166.44
166.85
167.26
167.65
168.07
168.47
168.89
169.3
169.72
170.14
170.55
170.97
171.39
171.8
172.22
172.64
173.05
173.47
173.89
174.3
174.72
175.13
175.55
175.97
176.39
176.8
177.22
177.63
178.05
178.47
178.89
179.3
179.72
180.13
180.55
180.97
181.39
181.8
182.22
182.64
183.05
183.47
183.88
184.3
184.72
185.13
185.55
185.97
186.38
186.8
187.22
187.63
188.05
188.47
188.88
189.3
189.72
190.13
190.55
190.97
191.38
191.8
192.22
192.63
193.05
193.47
193.88
194.3
194.72
195.13
195.55
195.97
196.38
196.8
197.22
197.63
198.05
198.47
198.88
199.3
199.72
200.13
200.55
200.97
201.38
201.8
202.22
202.63
203.05
203.47
203.89
204.3
204.72
205.13
205.55
205.97
206.38
206.8
207.22
207.64
208.05
208.47
208.89
209.3
209.72
210.13
210.55
210.97
211.39
211.8
212.22
212.63
213.05
213.47
213.89
214.3
214.72
215.13
215.55
215.97
216.39
216.8
217.22
217.63
218.05
218.47
218.89
219.3
219.72
220.13
220.55
220.97
221.39
221.8
222.22
222.64
223.05
223.47
223.89
224.3
224.72
225.14
225.55
225.97
226.39
226.8
227.22
227.64
228.05
228.47
228.89
229.3
229.72
230.14
230.55
230.97
231.39
231.8
232.22
232.64
233.05
233.47
233.89
234.3
234.72
235.15
235.56
235.97
236.4
236.81
237.25
237.65
238.07
238.62
239.13
239.69
240.2
240.76
241.34
241.87
242.44
243.02
243.57
244.1
244.67
245.2
245.77
246.35
246.89
247.46
248.11
248.75
249.38
250.02
250.69
251.3
251.94
252.58
253.23
