0.11
0.57
1.04
1.51
1.98
2.45
2.91
3.38
3.85
4.31
4.79
5.26
5.72
6.19
6.66
7.14
7.61
8.08
8.55
9.02
9.49
9.96
10.43
10.9
11.37
11.83
12.3
12.77
13.24
13.71
14.18
14.65
15.12
15.57
16.05
16.51
16.99
17.45
17.93
18.39
18.86
19.32
19.8
20.26
20.74
21.2
21.67
22.14
22.61
23.07
23.55
24.01
24.49
24.95
25.42
25.89
26.36
26.82
27.3
27.76
28.24
28.7
29.17
29.64
30.11
30.57
31.05
31.52
31.99
32.45
32.93
33.39
33.86
34.32
34.8
35.26
35.74
36.2
36.67
37.14
37.61
38.08
38.54
39.01
39.49
39.95
40.42
40.89
41.36
41.82
42.3
42.76
43.24
43.7
44.17
44.64
45.13
45.58
46.05
46.52
46.99
47.45
47.92
48.38
48.86
49.33
49.8
50.26
50.74
51.21
51.67
52.14
52.61
53.08
53.54
54.0
54.49
54.96
55.43
55.89
56.37
56.83
57.3
57.76
58.23
58.7
59.17
59.64
60.12
60.59
61.05
61.52
61.99
62.46
62.93
63.4
63.87
64.33
64.8
65.27
65.74
66.21
66.68
67.15
67.62
68.09
68.55
69.02
69.49
69.96
70.43
70.9
71.37
71.83
72.3
72.77
73.24
73.71
74.18
74.65
75.12
75.58
76.05
76.52
76.99
77.46
77.93
78.39
78.86
79.33
79.8
80.27
80.74
81.21
81.68
82.14
82.61
83.08
83.55
84.02
84.49
84.96
85.43
85.9
86.36
86.83
87.3
87.76
88.24
88.71
89.18
89.64
90.11
90.58
91.05
91.51
91.99
92.45
92.92
93.39
93.86
94.32
94.8
95.26
95.74
96.2
96.67
97.14
97.61
98.07
98.55
99.01
99.49
99.95
100.42
100.89
101.36
101.82
102.3
102.76
103.24
103.7
104.17
104.64
105.11
105.58
106.05
106.52
106.99
107.45
107.92
108.39
108.86
109.32
109.8
110.26
110.74
111.2
111.67
112.13
112.61
113.07
113.55
114.02
114.49
114.95
115.42
115.89
116.36
116.82
117.3
117.76
118.24
118.7
119.17
119.64
120.12
120.58
121.04
121.51
121.97
122.45
122.91
123.38
123.86
124.33
124.8
125.26
125.74
126.21
126.68
127.14
127.61
128.08
128.53
129.0
129.48
129.95
130.42
130.89
131.36
131.82
132.3
132.77
133.23
133.69
134.16
134.63
135.11
135.58
136.05
136.52
136.99
137.46
137.93
138.4
138.87
139.33
139.8
140.27
140.74
141.21
141.68
142.14
142.62
143.08
143.55
144.02
144.49
144.96
145.43
145.9
146.36
146.83
147.3
147.77
148.24
148.7
149.17
149.64
150.11
150.58
151.05
151.52
151.99
152.46
152.93
153.4
153.86
154.33
154.8
155.27
155.74
156.21
156.67
157.15
157.61
158.08
158.55
159.02
159.49
159.96
160.43
160.89
161.36
161.83
162.3
162.77
163.24
163.73
164.2
164.64
165.11
165.57
166.05
166.52
166.99
167.45
167.93
168.38
168.86
169.33
169.8
170.27
170.74
171.2
171.67
172.14
172.61
173.08
173.55
174.02
174.49
174.96
175.42
175.89
176.36
176.83
177.3
177.77
178.23
178.69
179.16
179.63
180.11
180.58
181.05
181.52
181.99
182.46
182.93
183.39
183.86
184.33
184.8
185.27
185.74
186.21
186.68
187.14
187.61
188.08
188.55
189.02
189.49
189.95
190.42
190.89
191.36
191.83
192.3
192.77
193.24
193.71
194.18
194.64
195.11
195.58
196.05
196.52
196.99
197.46
197.92
198.39
198.86
199.33
199.8
200.27
200.74
201.21
201.67
202.14
202.61
203.08
203.55
204.02
204.49
204.96
205.42
205.9
206.36
206.83
207.3
207.77
208.24
208.7
209.17
209.64
210.11
210.58
211.05
211.51
211.99
212.45
212.92
213.39
213.86
214.32
214.8
215.26
215.73
216.2
216.67
217.14
217.61
218.08
218.55
219.01
219.48
219.95
220.42
220.88
221.36
221.82
222.3
222.76
223.24
223.7
224.17
224.64
225.1
225.55
225.99
226.43
226.88
227.33
227.8
