0.3
0.97
1.63
2.3
2.97
3.63
4.3
4.97
5.63
6.3
6.96
7.63
8.3
8.97
9.63
10.3
10.96
11.63
12.3
12.96
13.63
14.3
14.97
15.63
16.3
16.97
17.63
18.3
18.96
19.63
20.3
20.97
21.63
22.29
22.97
23.63
24.3
24.96
25.64
26.29
26.96
27.63
28.3
28.96
29.63
30.3
30.97
31.63
32.3
32.96
33.61
34.29
34.96
35.63
36.28
36.96
37.63
38.29
38.97
39.63
40.3
40.96
41.63
42.29
42.96
43.63
44.29
44.96
45.63
46.3
46.96
47.62
48.29
48.96
49.63
50.3
50.96
51.63
52.29
52.96
53.63
54.3
54.96
55.63
56.3
56.96
57.63
58.3
58.96
59.63
60.3
60.96
61.63
62.3
62.96
63.63
64.3
64.96
65.63
66.3
66.96
67.63
68.31
68.96
69.63
70.3
70.97
71.63
72.3
72.96
73.64
74.3
74.97
75.63
76.3
76.96
77.63
78.3
78.96
79.63
80.3
80.96
81.64
82.3
82.97
83.63
84.31
84.96
85.63
86.3
86.97
87.63
88.3
88.96
89.64
90.3
90.96
91.63
92.3
92.96
93.63
94.29
94.97
95.63
96.28
96.96
97.62
98.29
98.96
99.63
100.29
100.96
101.63
102.3
102.96
103.63
104.29
104.96
105.63
106.3
106.96
107.63
108.29
108.96
109.63
110.3
110.96
111.63
112.3
112.96
113.63
114.3
114.96
115.63
116.3
116.96
117.63
118.3
118.96
119.63
120.3
120.96
121.63
122.3
122.96
123.63
124.3
124.96
125.63
126.29
126.96
127.63
128.29
128.96
129.63
130.29
130.96
131.63
132.3
132.96
133.63
134.3
134.97
135.63
136.3
136.96
137.63
138.29
138.97
139.63
140.29
140.96
141.63
142.3
142.97
143.63
144.3
144.96
145.63
146.29
146.97
147.63
148.3
148.96
149.63
150.32
150.99
151.64
152.32
153.01
153.6
153.96
154.3
154.63
154.96
155.29
155.63
155.96
156.3
156.63
156.96
157.29
157.63
157.96
158.29
158.63
158.96
159.3
159.63
159.96
160.3
160.63
160.96
161.29
161.63
161.96
162.3
162.63
162.96
163.3
163.63
163.96
164.29
164.63
164.96
165.29
165.63
165.96
166.3
166.63
166.96
167.29
167.63
167.96
168.3
168.63
168.96
169.3
169.63
169.96
170.3
170.63
170.96
171.3
171.63
171.96
172.3
172.63
172.96
173.29
173.63
173.96
174.3
174.63
174.96
175.3
175.63
175.96
176.3
176.63
176.96
177.29
177.63
177.96
178.29
178.63
178.96
179.3
179.63
179.96
180.29
180.63
180.96
181.29
181.63
181.96
182.29
182.63
182.96
183.3
183.63
183.96
184.29
184.63
184.96
185.29
185.63
185.95
186.26
186.59
186.9
187.22
187.54
187.87
188.18
188.5
188.82
