0.12
0.59
1.07
1.55
2.02
2.5
2.97
3.45
3.93
4.4
4.88
5.36
5.83
6.31
6.78
7.26
7.74
8.21
8.69
9.17
9.64
10.12
10.59
11.07
11.55
12.02
12.5
12.98
13.45
13.93
14.41
14.88
15.35
15.82
16.28
16.74
17.2
17.67
18.13
18.6
19.06
19.52
19.98
20.45
20.91
21.37
21.83
22.3
22.76
23.23
23.68
24.15
24.61
25.08
25.54
26.0
26.46
26.93
27.39
27.85
28.32
28.78
29.24
29.71
30.17
30.63
31.09
31.56
32.02
32.48
32.95
33.41
33.87
34.34
34.8
35.26
35.73
36.19
36.65
37.12
37.58
38.04
38.5
38.97
39.43
39.9
40.36
40.82
41.29
41.75
42.21
42.68
43.14
43.6
44.07
44.52
44.99
45.46
45.92
46.38
46.84
47.31
47.77
48.23
48.7
49.16
49.62
50.09
50.55
51.02
51.48
51.94
52.41
52.87
53.33
53.8
54.26
54.72
55.19
55.65
56.11
56.58
57.04
57.51
57.97
58.43
58.9
59.36
59.82
60.29
60.75
61.22
61.68
62.14
62.61
63.07
63.53
64.0
64.46
64.92
65.39
65.85
66.32
66.79
67.26
67.71
68.17
68.63
69.1
69.56
70.02
70.49
70.95
71.42
71.88
72.35
72.81
73.29
73.74
74.2
74.66
75.13
75.59
76.06
76.52
76.98
77.45
77.91
78.38
78.84
79.3
79.77
80.23
80.7
81.18
81.63
82.09
82.55
83.02
83.48
83.95
84.41
84.87
85.34
85.8
86.27
86.73
87.2
87.66
88.12
88.59
89.05
89.52
89.98
90.44
90.91
91.37
91.84
92.3
92.77
93.23
93.7
94.16
94.63
95.09
95.55
96.02
96.48
96.95
97.41
97.88
98.34
98.8
99.27
99.73
100.2
100.66
101.13
101.59
102.06
102.52
102.99
103.45
103.91
104.38
104.84
105.31
105.77
106.24
106.7
107.17
107.63
108.09
108.56
109.03
109.49
109.95
110.42
110.88
111.35
111.81
112.26
112.74
113.21
113.67
114.14
114.6
115.07
115.53
116.0
116.46
116.93
117.39
117.86
118.32
118.79
119.25
119.72
120.18
120.65
121.11
121.57
122.04
122.51
122.97
123.44
123.9
124.36
124.83
125.29
125.76
126.22
126.69
127.16
127.62
128.09
128.55
129.02
129.5
129.94
130.41
130.87
131.34
131.8
132.27
132.74
133.2
133.67
134.13
134.6
135.06
135.53
135.99
136.48
136.95
137.4
137.85
138.33
138.79
139.26
139.71
140.2
140.67
141.12
141.58
142.05
142.51
142.98
143.44
143.9
144.37
144.83
145.3
145.76
146.23
146.69
147.16
147.62
148.09
148.55
149.02
149.49
149.95
150.42
150.88
151.35
151.82
152.28
152.75
153.21
153.68
154.15
154.61
155.08
155.54
156.01
156.47
156.94
157.4
157.87
158.34
158.8
159.27
159.73
160.2
160.66
161.13
161.6
162.06
162.53
162.99
163.46
163.92
164.39
164.86
165.32
165.79
166.25
166.72
167.18
167.65
168.12
168.58
169.05
169.51
169.98
170.45
170.91
171.38
171.84
172.31
172.78
173.24
173.71
174.18
174.64
175.11
175.57
176.04
176.51
176.97
177.44
177.9
178.37
178.84
179.3
179.77
180.23
180.7
181.17
181.63
182.1
182.57
183.03
183.5
183.96
184.43
184.9
185.36
185.83
186.3
186.76
187.23
187.7
188.16
188.63
189.09
189.56
190.03
190.49
190.96
191.43
191.89
192.36
192.82
193.29
193.76
194.22
194.69
195.16
195.62
196.09
196.56
197.02
197.49
197.96
198.42
198.89
199.36
199.82
200.29
200.75
201.22
201.69
202.15
202.62
203.09
203.56
204.02
204.49
204.95
205.42
205.89
206.36
206.82
207.29
207.75
208.22
208.69
209.16
209.62
210.09
210.55
211.02
211.49
211.96
212.42
212.89
213.36
213.82
214.29
214.76
215.22
215.69
216.16
216.63
217.09
217.56
218.03
218.49
218.96
219.43
219.89
220.36
220.83
221.29
221.76
222.23
222.69
223.16
223.63
224.1
224.56
225.03
225.5
225.96
226.43
226.9
227.37
227.83
228.3
228.77
229.23
229.7
230.17
230.64
231.1
231.57
232.04
232.51
232.97
233.44
233.91
234.37
234.84
235.31
235.77
236.24
236.71
237.17
237.64
238.11
238.57
239.04
239.5
239.97
240.44
240.91
241.37
241.84
242.31
242.77
243.24
243.71
244.17
244.64
245.11
245.57
246.04
246.51
246.97
247.44
247.9
