0.09
0.61
1.12
1.62
2.11
2.62
3.12
3.6
4.11
4.61
5.12
5.61
6.11
6.61
7.09
7.59
8.12
8.61
9.11
9.62
10.12
10.62
11.13
11.64
12.12
12.61
13.12
13.63
14.13
14.61
15.13
15.64
16.14
16.61
17.15
17.66
18.17
18.63
19.15
19.62
20.12
20.61
21.12
21.62
22.12
22.62
23.12
23.62
24.12
24.61
25.11
25.6
26.11
26.61
27.11
27.61
28.11
28.61
29.11
29.61
30.11
30.61
31.11
31.61
32.11
32.61
33.11
33.61
34.11
34.61
35.11
35.61
36.11
36.61
37.11
37.61
38.11
38.61
39.11
39.61
40.11
40.63
41.11
41.61
42.11
42.61
43.11
43.61
44.11
44.61
45.11
45.61
46.11
46.61
47.11
47.61
48.11
48.61
49.11
49.61
50.11
50.61
51.11
51.61
52.11
52.61
53.11
53.61
54.11
54.61
55.11
55.62
56.13
56.61
57.13
57.62
58.12
58.62
59.1
59.63
60.12
60.61
61.12
61.62
62.12
62.62
63.12
63.62
64.12
64.61
65.11
65.61
66.11
66.61
67.12
67.61
68.11
68.61
69.11
69.61
70.11
70.61
71.11
71.62
72.11
72.62
73.11
73.61
74.11
74.62
75.11
75.61
76.11
76.62
77.11
77.61
78.11
78.61
79.11
79.61
80.12
80.61
81.11
81.61
82.11
82.61
83.11
83.61
84.11
84.61
85.11
85.61
86.11
86.61
87.11
87.61
88.12
88.61
89.11
89.61
90.11
90.61
91.11
91.61
92.12
92.61
93.11
93.61
94.11
94.61
95.11
95.61
96.11
96.61
97.11
97.61
98.11
98.61
99.11
99.61
100.11
100.61
101.11
101.61
102.11
102.61
103.11
103.61
104.12
104.61
105.12
105.61
106.12
106.61
107.12
107.61
108.12
108.61
109.12
109.61
110.12
110.61
111.11
111.61
112.11
112.61
113.11
113.61
114.12
114.61
115.12
115.6
116.12
116.61
117.12
117.61
118.12
118.61
119.11
119.61
120.11
120.61
121.12
121.61
122.12
122.61
123.12
123.61
124.12
124.61
125.12
125.61
126.12
126.61
127.11
127.61
128.11
128.61
129.12
129.63
130.15
130.65
131.14
131.64
132.13
132.62
133.12
133.62
134.12
134.61
135.12
135.62
136.1
136.61
137.11
137.61
138.11
138.61
139.12
139.61
140.11
140.61
141.11
141.61
142.11
142.61
143.11
143.61
144.11
144.62
145.11
145.61
146.11
146.62
147.11
147.61
148.11
148.62
149.11
149.61
150.11
150.61
151.11
151.61
152.12
152.61
153.11
153.61
154.11
154.61
155.11
155.61
156.11
156.61
157.11
157.61
158.11
158.61
159.11
159.61
160.11
160.61
161.11
161.61
162.11
162.61
163.11
163.61
164.11
164.62
165.12
165.62
166.11
166.62
167.1
167.59
168.1
168.63
169.12
169.66
170.15
170.64
171.06
171.48
171.93
172.34
172.8
173.27
173.75
174.22
174.67
175.14
175.62
176.1
176.62
177.15
177.65
178.16
178.63
179.11
179.58
180.1
180.61
181.11
181.58
182.09
182.61
183.09
183.56
184.04
184.49
184.94
185.4
185.86
186.33
186.78
187.26
187.72
188.17
188.63
189.12
189.62
190.12
190.62
191.13
191.6
192.12
192.63
193.12
193.62
194.12
194.62
195.12
195.62
196.12
196.63
197.12
197.62
198.12
198.62
199.12
199.62
200.12
200.61
201.11
201.61
202.11
202.61
203.11
203.61
204.11
204.61
205.11
205.61
206.11
206.61
207.11
207.61
208.11
208.61
209.11
209.61
210.11
210.61
211.11
211.61
212.11
212.61
213.11
213.61
214.11
214.61
215.11
215.61
216.12
216.61
217.11
217.61
218.11
218.61
219.11
219.61
220.11
220.61
221.11
221.61
222.11
222.61
223.11
223.62
224.12
224.62
225.11
225.61
226.11
226.62
227.11
227.61
228.11
228.61
229.11
229.61
230.11
230.61
231.11
231.61
232.12
232.61
233.11
233.61
234.11
234.61
235.11
235.61
236.11
236.61
237.11
237.61
238.11
238.61
239.11
239.61
240.11
240.61
241.11
241.61
242.11
242.61
243.11
243.61
244.11
244.61
245.11
245.61
246.11
246.61
247.11
247.61
248.11
248.61
249.08
249.57
250.06
250.52
251.0
251.5
251.96
252.46
252.94
253.39
253.86
254.33
254.82
255.27
255.74
256.21
256.7
257.17
257.62
