0.11
0.56
1.02
1.48
1.93
2.39
2.85
3.31
3.76
4.23
4.68
5.15
5.59
6.06
6.52
6.98
7.44
7.9
8.35
8.81
9.27
9.73
10.19
10.65
11.1
11.57
12.02
12.48
12.93
13.4
13.87
14.31
14.78
15.23
15.69
16.15
16.61
17.07
17.52
17.98
18.44
18.9
19.36
19.81
20.27
20.73
21.19
21.64
22.1
22.56
23.02
23.48
23.94
24.4
24.85
25.31
25.77
26.23
26.68
27.14
27.6
28.06
28.52
28.97
29.43
29.89
30.35
30.81
31.27
31.73
32.18
32.64
33.1
33.55
34.02
34.47
34.93
35.39
35.85
36.3
36.76
37.22
37.68
38.14
38.59
39.05
39.51
39.97
40.43
40.89
41.35
41.8
42.26
42.72
43.18
43.63
44.09
44.55
45.01
45.47
45.92
46.38
46.84
47.3
47.75
48.21
48.67
49.13
49.59
50.05
50.5
50.96
51.42
51.88
52.34
52.79
53.25
53.71
54.17
54.63
55.08
55.54
56.0
56.46
56.92
57.37
57.83
58.29
58.74
59.2
59.66
60.12
60.58
61.04
61.5
61.95
62.41
62.87
63.33
63.79
64.25
64.71
65.16
65.62
66.08
66.54
66.99
67.45
67.91
68.37
68.83
69.29
69.74
70.2
70.66
71.12
71.58
72.04
72.49
72.95
73.41
73.87
74.32
74.78
75.24
75.7
76.16
76.61
77.07
77.53
77.99
78.45
78.9
79.36
79.82
80.28
80.74
81.2
81.65
82.11
82.57
83.03
83.48
83.94
84.4
84.86
85.32
85.78
86.23
86.69
87.15
87.6
88.07
88.52
88.98
89.44
89.9
90.36
90.82
91.27
91.73
92.18
92.65
93.1
93.56
94.02
94.48
94.94
95.39
95.85
96.31
96.77
97.23
97.68
98.15
98.6
99.06
99.51
99.98
100.43
100.89
101.35
101.81
102.26
102.72
103.19
103.64
104.1
104.56
105.02
105.47
105.93
106.39
106.85
107.31
107.76
108.22
108.68
109.14
109.59
110.05
110.51
110.97
111.43
111.89
112.34
112.8
113.26
113.72
114.18
114.64
115.09
115.55
116.01
116.46
116.92
117.38
117.84
118.3
118.76
119.22
119.67
120.13
120.59
121.05
121.51
121.96
122.42
122.88
123.34
123.8
124.25
124.71
125.17
125.63
126.09
126.54
127.0
127.46
127.92
128.37
128.83
129.29
129.75
130.21
130.67
131.12
131.58
132.04
132.5
132.96
133.42
133.87
134.33
134.79
135.25
135.7
136.16
136.62
137.08
137.54
138.0
138.46
138.91
139.37
139.83
140.29
140.74
141.2
141.66
142.12
142.58
143.03
143.49
143.95
144.41
144.87
145.32
145.79
146.24
146.7
147.16
147.62
148.08
148.54
149.0
149.46
149.91
150.37
150.83
151.29
151.74
152.2
152.66
153.12
153.58
154.03
154.49
154.95
155.41
155.86
156.32
156.78
157.24
157.7
158.16
158.62
159.07
159.53
159.99
160.45
160.91
161.36
161.82
162.28
162.74
163.2
163.65
164.12
164.57
165.03
165.49
165.95
166.4
166.86
167.32
167.78
168.24
168.7
169.15
169.61
170.07
170.52
170.98
171.44
171.9
172.36
172.82
173.27
173.73
174.19
174.65
175.1
175.56
176.02
176.48
176.93
177.39
177.84
178.31
178.76
179.22
179.68
180.14
180.6
181.06
181.51
181.97
182.43
182.88
183.35
183.8
184.26
184.71
185.17
185.64
186.09
186.55
187.0
187.47
187.93
188.39
188.84
189.3
189.76
190.21
190.68
191.14
191.59
192.05
192.51
192.97
193.42
193.88
194.34
194.8
195.26
195.72
196.18
196.63
197.09
197.55
198.01
198.46
198.92
199.38
199.84
200.3
200.76
201.22
201.67
202.13
202.59
203.05
203.5
203.96
204.42
204.88
205.34
205.8
206.25
206.71
207.17
207.62
208.08
208.54
209.0
209.46
209.92
210.38
210.83
211.29
211.75
212.21
212.67
213.12
213.58
214.04
214.5
214.95
215.41
215.88
216.33
216.79
217.24
217.71
218.16
218.62
219.08
219.54
220.0
220.45
220.91
221.37
221.83
222.28
222.74
223.2
223.66
224.11
224.57
225.04
225.49
225.95
226.41
226.87
227.33
227.78
228.24
228.7
229.15
229.61
230.07
230.53
230.99
231.44
231.9
232.37
232.82
233.28
233.74
234.2
234.66
235.12
235.58
236.02
236.48
236.93
237.39
237.85
238.31
238.77
239.23
239.69
240.16
240.61
241.06
241.52
241.98
242.44
242.9
243.35
243.8
244.25
244.72
245.18
245.64
246.1
246.55
247.01
247.49
247.95
248.39
248.85
