0.07
0.55
1.02
1.5
1.97
2.45
2.92
3.41
3.88
4.36
4.83
5.31
5.78
6.26
6.73
7.22
7.68
8.16
8.63
9.11
9.58
10.06
10.54
11.01
11.49
11.97
12.44
12.92
13.39
13.87
14.35
14.82
15.3
15.79
16.26
16.76
17.24
17.71
18.17
18.66
19.13
19.6
20.08
20.58
21.06
21.52
21.98
22.47
22.94
23.4
23.9
24.36
24.86
25.33
25.8
26.27
26.75
27.21
27.71
28.2
28.67
29.14
29.61
30.08
30.54
31.01
31.49
31.97
32.44
32.92
33.4
33.87
34.35
34.82
35.3
35.78
36.26
36.73
37.21
37.7
38.16
38.63
39.11
39.59
40.06
40.54
41.02
41.49
41.97
42.44
42.92
43.4
43.87
44.35
44.83
45.3
45.78
46.25
46.73
47.21
47.68
48.16
48.64
49.11
49.59
50.06
50.54
51.01
51.49
51.97
52.44
52.92
53.4
53.87
54.35
54.82
55.3
55.78
56.25
56.73
57.21
57.68
58.16
58.63
59.11
59.59
60.07
60.54
61.02
61.49
61.97
62.44
62.92
63.4
63.87
64.35
64.82
65.3
65.78
66.26
66.73
67.21
67.68
68.16
68.64
69.11
69.59
70.06
70.54
71.01
71.49
71.97
72.45
72.92
73.4
73.87
74.35
74.82
75.3
75.78
76.26
76.73
77.21
77.68
78.16
78.63
79.11
79.59
80.06
80.54
81.02
81.49
81.97
82.44
82.92
83.4
83.88
84.35
84.83
85.3
85.78
86.25
86.73
87.21
87.69
88.16
88.63
89.11
89.59
90.06
90.54
91.02
91.49
91.97
92.44
92.92
93.39
93.87
94.35
94.82
95.3
95.78
96.25
96.73
97.21
97.68
98.16
98.63
99.11
99.59
100.06
100.54
101.01
101.49
101.97
102.44
102.92
103.4
103.87
104.35
104.83
105.3
105.78
106.25
106.73
107.21
107.68
108.16
108.64
109.11
109.59
110.06
110.54
111.02
111.49
111.97
112.45
112.92
113.4
113.87
114.35
114.82
115.3
115.78
116.26
116.73
117.2
117.68
118.16
118.63
119.11
119.59
120.06
120.54
121.02
121.49
121.97
122.44
122.92
123.4
123.88
124.35
124.82
125.3
125.78
126.25
126.73
127.21
127.68
128.16
128.64
129.11
129.59
130.06
130.54
131.02
131.49
131.97
132.44
132.92
133.4
133.87
134.35
134.83
135.3
135.78
136.26
136.73
137.21
137.68
138.16
138.64
139.11
139.59
140.06
140.54
141.02
141.49
141.97
142.44
142.92
143.4
143.87
144.35
144.83
145.3
145.78
146.26
146.73
147.21
147.68
148.16
148.64
149.11
149.59
150.06
150.54
151.02
151.49
151.97
152.47
152.95
153.41
153.9
154.37
154.85
155.32
155.81
156.27
156.76
157.22
157.71
158.18
158.66
159.13
159.61
160.08
160.57
161.03
161.52
161.99
162.47
162.94
163.42
163.89
164.38
164.84
165.33
165.79
166.28
166.75
167.23
167.7
168.16
168.65
169.11
169.6
170.07
170.55
171.02
171.51
171.97
172.45
172.92
173.42
173.88
174.36
174.83
175.31
175.78
176.27
176.73
177.23
177.69
178.17
178.64
179.1
179.61
180.09
180.57
181.04
181.51
181.99
182.46
182.92
183.4
183.87
184.35
184.83
185.3
185.78
186.25
186.73
187.21
187.68
188.16
188.64
189.11
189.59
190.07
190.54
191.01
191.49
191.97
192.45
192.92
193.4
193.87
194.35
194.83
195.3
195.78
196.25
196.73
197.21
197.68
198.16
198.63
199.11
199.59
200.07
200.54
201.02
201.49
201.97
202.44
202.92
203.4
203.88
204.35
204.83
205.31
205.78
206.25
206.73
207.21
207.69
208.16
208.63
209.11
209.59
210.06
210.54
211.02
211.5
211.97
212.45
212.92
213.4
213.88
214.35
214.83
215.3
215.79
216.26
216.76
217.21
217.7
218.16
218.64
219.11
219.6
220.07
220.56
221.02
221.49
221.97
222.45
222.92
223.41
223.88
224.37
224.83
225.3
225.78
226.26
226.73
227.21
227.68
228.16
228.64
229.14
229.6
230.1
230.58
231.06
231.54
232.02
232.5
232.96
233.44
