0.06
0.54
1.01
1.48
1.94
2.41
2.88
3.35
3.82
4.29
4.76
5.23
5.69
6.16
6.63
7.1
7.57
8.04
8.51
8.98
9.44
9.91
10.38
10.85
11.32
11.79
12.26
12.73
13.19
13.66
14.13
14.6
15.07
15.54
16.01
16.48
16.94
17.41
17.88
18.35
18.82
19.29
19.76
20.23
20.69
21.16
21.63
22.1
22.57
23.04
23.51
23.98
24.44
24.91
25.38
25.85
26.32
26.79
27.26
27.73
28.19
28.66
29.13
29.6
30.07
30.54
31.01
31.47
31.94
32.41
32.88
33.35
33.81
34.29
34.76
35.22
35.69
36.16
36.63
37.1
37.56
38.04
38.51
38.97
39.44
39.91
40.38
40.85
41.31
41.78
42.25
42.72
43.19
43.66
44.13
44.59
45.07
45.54
46.0
46.47
46.96
47.43
47.89
48.35
48.82
49.29
49.76
50.22
50.68
51.17
51.63
52.11
52.57
53.05
53.52
53.98
54.45
54.93
55.39
55.85
56.32
56.79
57.27
57.73
58.21
58.68
59.13
59.61
60.07
60.54
61.01
61.48
61.94
62.41
62.89
63.35
63.82
64.29
64.76
65.23
65.7
66.18
66.64
67.11
67.57
68.04
68.51
68.98
69.44
69.91
70.38
70.85
71.32
71.78
72.26
72.72
73.2
73.66
74.14
74.6
75.07
75.54
76.01
76.47
76.94
77.41
77.88
78.35
78.82
79.29
79.75
80.22
80.69
81.16
81.63
82.1
82.57
83.04
83.51
83.97
84.44
84.91
85.38
85.85
86.32
86.79
87.26
87.73
88.19
88.66
89.13
89.59
90.07
90.54
91.01
91.48
91.94
92.41
92.88
93.35
93.82
94.29
94.76
95.23
95.69
96.16
96.63
97.1
97.57
98.04
98.51
98.98
99.44
99.91
100.38
100.85
101.32
101.79
102.26
102.73
103.19
103.66
104.13
104.6
105.07
105.54
106.01
106.48
106.94
107.41
107.88
108.35
108.82
109.29
109.76
110.23
110.68
111.16
111.63
112.1
112.57
113.04
113.51
113.98
114.44
114.91
115.38
115.85
116.32
116.79
117.26
117.73
118.19
118.66
119.13
119.6
120.07
120.54
121.01
121.48
121.95
122.41
122.88
123.35
123.82
124.29
124.76
125.23
125.69
126.16
126.63
127.1
127.57
128.04
128.51
128.98
129.44
129.91
130.38
130.85
131.32
131.79
132.26
132.73
133.19
133.66
134.13
134.6
135.07
135.54
136.01
136.48
136.95
137.41
137.88
138.35
138.82
139.29
139.76
140.23
140.7
141.17
141.63
142.1
142.57
143.04
143.51
143.98
144.45
144.92
145.38
145.85
146.32
146.79
147.26
147.73
148.19
148.66
149.13
149.6
150.08
150.55
151.02
151.48
151.96
152.42
152.89
153.35
153.83
154.3
154.77
155.23
155.7
156.17
156.64
157.11
157.58
158.05
158.52
158.99
159.45
159.93
160.39
160.86
161.33
161.8
162.27
162.73
163.2
163.68
164.14
164.61
165.07
165.53
166.01
166.47
166.94
167.41
167.88
168.35
168.82
169.28
169.75
170.22
170.69
171.16
171.63
172.1
172.56
173.03
173.5
173.97
174.44
174.91
175.38
175.85
176.32
176.78
177.25
177.72
178.19
178.66
179.13
179.6
180.07
180.54
181.01
181.47
181.94
182.41
182.88
183.35
183.82
184.29
184.75
185.22
185.69
186.16
186.63
187.1
187.57
188.04
188.51
188.97
189.44
189.91
190.38
190.85
191.32
191.79
192.26
192.73
193.2
193.66
194.13
194.6
195.07
195.54
196.01
196.48
196.94
197.41
197.88
198.35
198.82
199.29
199.76
200.23
200.7
201.16
201.63
202.1
202.57
203.04
203.51
203.98
204.44
204.91
205.38
205.85
206.32
206.79
207.26
207.73
208.19
208.66
209.13
209.6
210.07
210.54
211.01
211.48
211.95
212.41
212.88
213.35
213.82
214.29
214.76
215.23
215.7
216.17
216.64
217.1
217.57
218.04
218.51
218.98
219.45
219.91
220.38
220.85
221.32
221.79
222.26
222.73
223.2
223.66
224.13
224.6
225.07
225.54
226.01
226.48
226.95
227.41
227.88
228.35
228.82
229.29
229.76
230.23
230.69
231.16
231.63
232.1
232.57
233.04
233.51
233.98
234.44
234.91
235.38
235.85
236.32
236.79
237.26
237.73
238.19
238.66
239.13
239.6
240.08
240.53
241.02
241.48
241.95
242.42
242.89
243.35
243.82
244.3
244.77
245.23
245.7
246.17
246.65
247.11
247.58
248.05
248.52
248.98
249.45
249.92
250.39
250.85
251.33
251.8
252.27
252.74
253.21
253.67
254.15
254.62
255.07
255.54
256.01
256.47
256.94
257.42
257.89
258.35
258.82
259.29
259.75
260.23
260.69
261.16
261.63
262.1
262.57
263.04
263.5
263.97
264.44
264.91
265.38
265.85
266.32
266.78
267.25
267.72
268.19
268.66
269.13
269.6
270.07
270.54
271.0
271.47
271.94
272.41
272.88
273.35
273.82
274.29
274.75
275.22
275.69
276.16
276.63
277.1
277.56
278.04
278.5
278.97
279.44
279.91
280.38
280.85
281.32
281.79
282.25
282.72
283.19
283.66
284.13
284.6
285.07
285.54
286.01
286.47
286.94
287.41
287.88
288.35
288.82
289.29
289.75
290.22
290.69
291.16
291.63
292.1
292.57
293.04
293.5
293.98
294.44
294.91
295.38
295.85
296.32
296.79
297.26
297.73
298.2
298.66
299.13
299.6
300.07
300.54
301.01
301.48
301.94
302.41
302.88
303.35
303.82
304.29
304.76
305.23
305.69
306.16
306.63
307.1
307.57
308.04
308.51
308.98
309.44
309.91
310.38
310.85
311.32
311.79
312.26
312.73
313.19
313.66
314.13
314.6
315.07
315.54
316.01
316.48
316.95
317.41
317.88
318.35
318.82
319.29
319.76
320.23
320.7
321.17
321.64
322.11
322.57
323.04
323.51
323.98
324.45
324.91
325.38
325.85
326.32
326.79
327.26
327.73
328.2
328.66
329.13
329.6
330.07
330.54
331.01
331.48
331.94
332.41
332.88
333.35
333.82
334.29
334.76
335.23
335.69
336.16
336.63
337.1
337.57
338.04
338.51
338.98
339.44
339.91
340.38
340.85
341.32
341.79
342.26
342.73
343.19
343.66
344.13
344.6
345.07
345.54
346.0
346.48
346.94
347.41
347.88
348.35
348.82
349.29
349.75
350.23
350.69
351.16
351.63
352.1
352.57
353.04
353.5
353.98
354.44
354.91
355.38
355.85
356.32
356.79
357.26
357.73
358.19
358.66
359.13
359.6
360.09
360.58
361.05
361.51
361.98
