0.22
0.7
1.15
1.61
2.06
2.52
3.0
3.46
3.92
4.36
4.84
5.3
5.75
6.22
6.66
7.12
7.6
8.04
8.52
8.99
9.46
9.94
10.39
10.85
11.3
11.76
12.23
12.7
13.14
13.6
14.07
14.54
14.99
15.46
15.92
16.39
16.85
17.31
17.77
18.24
18.69
19.16
19.61
20.08
20.54
21.01
21.46
21.94
22.39
22.85
23.31
23.78
24.23
24.69
25.15
25.62
26.08
26.52
27.0
27.47
27.92
28.39
28.85
29.32
29.77
30.24
30.69
31.15
31.61
32.07
32.53
32.99
33.45
33.92
34.37
34.84
35.3
35.76
36.22
36.69
37.15
37.61
38.07
38.53
38.99
39.45
39.91
40.38
40.84
41.3
41.76
42.22
42.68
43.15
43.6
44.07
44.53
45.0
45.45
45.92
46.38
46.84
47.3
47.77
48.22
48.69
49.15
49.61
50.07
50.53
50.99
51.46
51.92
52.38
52.84
53.3
53.76
54.22
54.69
55.15
55.61
56.07
56.53
57.0
57.46
57.92
58.37
58.84
59.3
59.76
60.22
60.67
61.15
61.61
62.07
62.53
62.99
63.46
63.92
64.38
64.84
65.31
65.76
66.23
66.69
67.15
67.61
68.07
68.53
69.0
69.46
69.92
70.38
70.84
71.3
71.76
72.23
72.69
73.15
73.61
74.07
74.53
74.99
75.46
75.92
76.38
76.84
77.3
77.76
78.23
78.69
79.15
79.61
80.07
80.54
81.0
81.45
81.92
82.38
82.84
83.3
83.76
84.22
84.69
85.15
85.61
86.07
86.53
86.99
87.46
87.92
88.38
88.84
89.31
89.77
90.23
90.69
91.15
91.61
92.07
92.53
93.0
93.46
93.92
94.38
94.84
95.3
95.77
96.23
96.69
97.15
97.61
98.07
98.53
99.0
99.46
99.92
100.38
100.84
101.3
101.76
102.23
102.69
103.15
103.61
104.08
104.53
105.0
105.45
105.92
106.38
106.84
107.3
107.77
108.22
108.69
109.15
109.61
110.07
110.53
110.99
111.45
111.92
112.38
112.84
113.3
113.76
114.23
114.68
115.15
115.61
116.07
116.53
116.99
117.46
117.92
118.38
118.84
119.3
119.75
120.23
120.69
121.15
121.61
122.07
122.53
123.0
123.46
123.92
124.38
124.84
125.3
125.77
126.23
126.69
127.15
127.61
128.07
128.54
129.0
129.45
129.92
130.38
130.84
131.3
131.76
132.23
132.69
133.15
133.61
134.08
134.54
134.99
135.46
135.92
136.38
136.84
137.3
137.76
138.23
138.69
139.15
139.61
140.07
140.53
141.0
141.46
141.92
142.38
142.84
143.3
143.76
144.23
144.69
145.15
145.61
146.07
146.53
147.0
147.46
147.92
148.39
148.86
149.31
149.78
150.24
150.7
151.16
151.62
152.07
152.54
153.01
153.46
153.91
154.39
154.85
155.31
155.78
156.23
156.7
157.15
157.6
158.08
158.54
159.0
159.48
159.93
160.4
160.85
161.3
161.77
162.24
162.69
163.16
163.63
164.1
164.54
165.0
165.46
165.93
166.39
166.85
167.31
167.77
168.23
168.7
169.16
169.62
170.08
170.54
171.0
171.47
171.93
172.39
172.85
173.31
173.77
174.24
174.69
175.16
175.62
176.08
176.54
177.0
177.47
177.92
178.38
178.84
179.31
179.76
180.22
180.69
181.15
181.61
182.07
182.53
182.99
183.46
183.91
184.38
184.84
185.3
185.76
186.22
186.68
187.15
187.61
188.07
188.53
188.99
189.45
189.92
190.38
190.84
191.29
191.77
192.22
192.69
193.15
193.61
194.07
194.53
194.99
195.46
195.92
196.38
196.84
197.3
197.76
198.23
198.68
199.15
199.61
200.07
200.53
201.0
201.46
201.92
202.38
202.84
203.3
203.76
204.22
204.69
205.15
205.61
206.07
206.53
206.99
207.46
207.92
208.38
208.83
209.25
209.65
210.07
210.53
210.99
211.46
211.92
212.38
212.82
