0.08
0.55
1.03
1.51
2.0
2.48
2.96
3.44
3.92
4.4
4.88
5.36
5.84
6.32
6.8
7.28
7.76
8.24
8.72
9.2
9.68
10.16
10.64
11.12
11.6
12.08
12.56
13.04
13.52
14.0
14.48
14.96
15.44
15.92
16.4
16.88
17.36
17.83
18.32
18.79
19.28
19.75
20.24
20.71
21.2
21.67
22.16
22.64
23.12
23.59
24.08
24.55
25.04
25.51
26.0
26.47
26.96
27.43
27.92
28.39
28.88
29.35
29.84
30.32
30.8
31.27
31.76
32.23
32.72
33.2
33.68
34.15
34.64
35.12
35.6
36.08
36.56
37.04
37.52
38.0
38.48
38.96
39.44
39.91
40.4
40.87
41.36
41.84
42.32
42.8
43.28
43.76
44.24
44.72
45.2
45.68
46.16
46.64
47.12
47.6
48.08
48.56
49.04
49.52
50.0
50.48
50.96
51.44
51.92
52.4
52.88
53.36
53.84
54.32
54.8
55.28
55.76
56.24
56.72
57.2
57.68
58.16
58.64
59.12
59.6
60.08
60.56
61.04
61.52
62.0
62.48
62.96
63.44
63.92
64.4
64.88
65.36
65.84
66.32
66.8
67.28
67.76
68.24
68.72
69.2
69.68
70.16
70.64
71.12
71.6
72.08
72.56
73.04
73.52
74.0
74.48
74.96
75.44
75.92
76.4
76.88
77.36
77.84
78.32
78.8
79.27
79.76
80.23
80.72
81.19
81.68
82.15
82.64
83.11
83.6
84.07
84.56
85.03
85.52
85.99
86.47
86.95
87.44
87.91
88.4
88.88
89.36
89.83
90.32
90.79
91.28
91.75
92.24
92.71
93.2
93.67
94.15
94.63
95.12
95.59
96.08
96.55
97.03
97.51
97.99
98.47
98.95
99.43
99.92
100.4
100.88
101.35
101.84
102.31
102.8
103.28
103.76
104.23
104.71
105.19
105.68
106.16
106.64
107.11
107.6
108.07
108.56
109.03
109.52
110.0
110.48
110.95
111.44
111.92
112.4
112.88
113.36
113.84
114.32
114.79
115.28
115.76
116.24
116.72
117.2
117.67
118.16
118.64
119.12
119.6
120.08
120.56
121.04
121.52
122.0
122.48
122.96
123.44
123.92
124.4
124.88
125.36
125.84
126.32
126.8
127.28
127.76
128.24
128.72
129.2
129.68
130.16
130.64
131.12
131.6
132.07
132.56
133.04
133.52
134.0
134.48
134.96
135.44
135.92
136.4
136.88
137.36
137.84
138.32
138.8
139.28
139.76
140.24
140.72
141.2
141.68
142.16
142.64
143.12
143.6
144.08
144.56
145.04
145.52
146.0
146.48
146.96
147.44
147.92
148.4
148.88
149.36
149.84
150.32
150.8
151.28
151.76
152.24
152.72
153.2
153.68
154.16
154.64
155.12
155.6
156.08
156.56
157.03
157.52
157.99
158.48
158.96
159.44
159.92
160.4
160.87
161.36
161.84
162.32
162.8
163.28
163.76
164.24
164.72
165.2
165.67
166.16
166.63
167.12
167.6
168.08
168.56
169.04
169.52
170.0
170.47
170.96
171.44
171.92
172.4
172.88
173.36
173.84
174.31
174.8
175.27
175.76
176.23
176.72
177.2
177.67
178.15
178.64
179.11
179.59
180.08
180.56
181.04
181.52
182.0
182.48
182.96
183.44
183.92
184.4
184.88
185.36
185.84
186.32
186.8
187.28
187.76
188.24
188.72
189.2
189.68
190.16
190.64
191.12
191.6
192.08
192.56
193.04
193.52
194.0
194.48
194.96
195.44
195.91
196.4
196.88
197.36
197.84
198.32
198.8
199.28
199.76
200.24
200.72
201.2
201.68
202.16
202.64
203.12
203.6
204.08
204.56
205.04
205.52
206.0
206.48
206.96
207.44
207.92
208.4
208.87
209.36
209.84
210.32
210.8
211.28
211.76
212.24
212.72
213.2
213.68
214.16
214.64
215.12
215.6
216.08
216.56
217.04
217.52
218.0
218.48
218.97
219.45
219.93
220.4
220.89
221.36
221.83
222.32
222.8
223.29
223.77
224.25
224.73
225.2
225.68
226.16
226.64
227.12
227.6
228.08
228.56
229.05
229.52
230.0
230.48
230.96
231.44
231.92
232.43
232.92
233.39
233.89
234.37
234.85
235.31
235.79
236.27
