0.47
0.98
1.5
2.01
2.52
3.04
3.56
4.08
4.6
5.12
5.65
6.17
6.7
7.21
7.73
8.24
8.77
9.29
9.82
10.34
10.87
11.37
11.9
12.42
12.93
13.46
14.01
14.53
15.06
15.55
16.07
16.59
17.12
17.65
18.18
18.68
19.21
19.71
20.24
20.77
21.29
21.81
22.35
22.85
23.38
23.89
24.42
24.92
25.44
26.01
26.53
27.06
27.58
28.09
28.62
29.15
29.69
30.21
30.73
31.27
31.78
32.3
32.83
33.35
33.85
34.38
34.88
35.41
35.94
36.44
36.96
37.5
38.0
38.55
39.06
39.58
40.08
40.61
41.13
41.66
42.19
42.72
43.24
43.76
44.27
44.78
45.31
45.83
46.36
46.9
47.4
47.92
48.44
48.95
49.48
49.99
50.5
51.06
51.59
52.1
52.62
53.13
53.66
54.19
54.7
55.25
55.76
56.27
56.8
57.29
57.81
58.33
58.84
59.39
59.9
60.43
60.95
61.46
61.97
62.49
63.02
63.57
64.08
64.62
65.14
65.65
66.17
66.7
67.23
67.75
68.27
68.8
69.32
69.83
70.36
70.87
71.4
71.92
72.44
72.97
73.48
74.0
74.51
75.03
75.56
76.1
76.6
77.13
77.65
78.16
78.69
79.21
79.74
80.28
80.8
81.33
81.84
82.35
82.88
83.4
83.92
84.44
84.97
85.47
85.98
86.5
87.02
87.54
88.05
88.6
89.11
89.64
90.15
90.67
91.21
91.72
92.24
92.79
93.3
93.83
94.33
94.85
95.37
95.9
96.42
96.95
97.46
97.98
98.52
99.04
99.56
100.1
100.63
101.14
101.66
102.19
102.7
103.21
103.74
104.24
104.78
105.31
105.82
106.33
106.86
107.37
107.9
108.42
108.95
109.5
110.02
110.54
111.03
111.54
112.07
112.59
113.11
113.66
114.18
114.71
115.23
115.73
116.25
116.81
117.31
117.85
118.36
118.89
119.39
119.9
120.41
120.93
121.44
121.99
122.49
123.03
123.53
124.04
124.56
125.08
125.61
126.16
126.67
127.22
127.71
128.22
128.74
129.28
129.79
130.34
130.85
131.39
131.91
132.43
132.95
133.47
134.0
134.52
135.03
135.57
136.07
136.59
137.11
137.64
138.16
138.7
139.21
139.73
140.23
140.74
141.25
141.78
142.31
142.85
143.36
143.89
144.44
144.95
145.49
146.01
146.54
147.07
147.58
148.11
148.62
149.13
149.65
150.17
150.71
151.23
151.74
152.26
152.77
153.27
153.81
154.31
154.82
155.36
155.9
156.43
156.94
157.46
157.98
158.5
159.04
159.57
160.08
160.61
161.12
161.63
162.15
162.68
163.2
163.73
164.25
164.78
165.28
165.8
166.34
166.86
167.38
167.92
168.44
168.97
169.47
169.98
170.51
171.03
171.55
172.09
172.61
173.12
173.63
174.15
174.67
175.19
175.71
176.25
176.77
177.28
177.78
178.31
178.82
179.34
179.85
180.39
180.92
181.43
181.92
182.44
182.97
183.5
184.01
184.56
185.11
185.63
186.14
186.65
187.18
187.71
188.22
188.76
189.28
189.81
190.31
190.83
191.37
191.88
192.39
192.94
193.46
193.98
194.49
195.0
195.53
196.04
196.56
197.12
197.64
198.16
198.67
199.18
199.71
200.23
200.76
201.3
201.82
202.34
202.84
203.34
203.84
204.37
204.92
205.45
205.98
206.49
206.98
207.5
208.02
208.55
209.08
209.61
210.14
210.68
211.21
211.73
212.25
212.77
213.29
213.81
214.32
214.84
215.36
215.88
216.41
216.93
217.45
217.98
218.5
219.02
219.53
220.06
220.59
221.12
221.62
222.18
222.7
223.23
223.73
224.24
224.76
225.27
225.8
226.34
226.85
227.4
227.9
228.42
228.95
229.47
229.99
230.5
231.03
231.56
232.07
232.58
233.13
233.65
234.16
234.69
235.21
235.75
236.25
236.77
237.3
237.83
238.33
238.88
239.4
239.93
240.44
240.95
241.47
241.99
242.51
243.06
243.57
244.1
244.61
245.13
245.66
246.18
246.71
247.24
247.75
248.28
248.79
249.3
249.82
250.35
250.84
251.36
251.87
252.4
252.9
253.42
253.94
254.48
254.99
255.51
256.06
256.59
257.1
257.61
258.14
258.67
259.17
259.7
260.23
260.74
261.25
261.78
262.3
262.82
263.35
263.87
264.34
264.87
265.35
265.85
266.4
266.93
267.51
268.03
268.61
269.15
269.61
270.11
270.57
271.05
271.55
272.01
