0.35
0.81
1.29
1.76
2.22
2.69
3.18
3.63
4.1
4.57
5.03
5.49
5.95
6.43
6.9
7.38
7.83
8.31
8.77
9.25
9.71
10.19
10.66
11.13
11.6
12.07
12.53
13.0
13.46
13.94
14.41
14.88
15.34
15.82
16.28
16.77
17.22
17.69
18.16
18.62
19.09
19.56
20.04
20.5
20.96
21.43
21.9
22.37
22.84
23.31
23.78
24.25
24.72
25.19
25.66
26.13
26.61
27.06
27.53
28.01
28.46
28.93
29.4
29.88
30.35
30.8
31.28
31.75
32.21
32.68
33.14
33.62
34.08
34.57
35.03
35.5
35.97
36.45
36.91
37.39
37.85
38.32
38.79
39.26
39.71
40.18
40.65
41.12
41.6
42.07
42.54
43.0
43.47
43.95
44.41
44.88
45.35
45.82
46.29
46.76
47.22
47.69
48.16
48.64
49.11
49.58
50.04
50.51
50.98
51.45
51.92
52.38
52.85
53.32
53.8
54.26
54.72
55.18
55.65
56.13
56.59
57.06
57.53
58.01
58.47
58.95
59.42
59.9
60.37
60.81
61.28
61.75
62.21
62.68
63.16
63.63
64.1
64.56
65.03
65.51
65.97
66.44
66.91
67.38
67.86
68.32
68.78
69.25
69.71
70.18
70.64
71.12
71.59
72.06
72.53
73.01
73.48
73.95
74.41
74.89
75.37
75.82
76.28
76.75
77.21
77.7
78.16
78.63
79.1
79.57
80.04
80.52
80.98
81.45
81.91
82.38
82.85
83.32
83.79
84.25
84.72
85.21
85.66
86.13
86.59
87.07
87.53
88.01
88.47
88.95
89.41
89.88
90.34
90.81
91.28
91.75
92.2
92.68
93.14
93.6
94.07
94.54
95.01
95.5
95.97
96.45
96.92
97.39
97.85
98.32
98.78
99.25
99.7
100.18
100.65
101.12
101.59
102.05
102.52
103.0
103.46
103.94
104.41
104.89
105.35
105.83
106.3
106.77
107.22
107.69
108.15
108.63
109.1
109.58
110.04
110.52
110.97
111.45
111.92
112.38
112.86
113.32
113.78
114.22
114.69
115.18
115.64
116.13
116.61
117.08
117.55
118.01
118.47
118.96
119.42
119.89
120.35
120.83
121.28
121.76
122.24
122.71
123.18
123.65
124.11
124.57
125.03
125.49
125.97
126.43
126.9
127.38
127.84
128.31
128.78
129.25
129.72
130.19
130.65
131.13
131.6
132.07
132.54
133.01
133.48
133.93
134.41
134.88
135.35
135.83
136.28
136.75
137.23
137.69
138.16
138.63
139.1
139.57
140.03
140.5
140.98
141.45
141.92
142.39
142.85
143.32
143.79
144.26
144.72
145.19
145.66
146.14
146.6
147.06
147.53
147.97
148.45
148.93
149.41
149.88
150.36
150.83
151.29
151.76
152.24
152.7
153.18
153.66
154.12
154.6
155.06
155.53
156.0
156.46
156.94
157.4
157.87
158.34
158.81
159.29
159.75
160.23
160.7
161.17
161.65
162.14
