0.14
0.59
1.08
1.54
1.98
2.46
2.92
3.36
3.83
4.29
4.76
5.22
5.68
6.13
6.6
7.06
7.51
7.98
8.42
8.9
9.37
9.83
10.29
10.77
11.21
11.67
12.13
12.61
13.06
13.52
13.98
14.45
14.9
15.36
15.82
16.29
16.75
17.21
17.67
18.13
18.6
19.06
19.52
19.98
20.44
20.9
21.36
21.83
22.29
22.75
23.21
23.67
24.13
24.6
25.05
25.52
25.98
26.44
26.9
27.37
27.82
28.29
28.75
29.21
29.67
30.14
30.6
31.06
31.52
31.99
32.45
32.91
33.37
33.83
34.29
34.75
35.22
35.68
36.14
36.6
37.06
37.52
37.98
38.45
38.91
39.37
39.83
40.29
40.75
41.22
41.68
42.14
42.6
43.06
43.52
43.98
44.44
44.91
45.37
45.83
46.29
46.76
47.22
47.68
48.14
48.6
49.06
49.52
49.99
50.45
50.91
51.37
51.83
52.29
52.75
53.21
53.68
54.14
54.6
55.06
55.53
55.99
56.45
56.91
57.37
57.83
58.29
58.75
59.2
59.67
60.12
60.58
61.06
61.52
61.98
62.44
62.9
63.36
63.82
64.29
64.75
65.21
65.67
66.13
66.59
67.06
67.52
67.98
68.44
68.9
69.36
69.83
70.29
70.75
71.21
71.67
72.14
72.59
73.06
73.52
73.97
74.44
74.9
75.36
75.82
76.29
76.75
77.21
77.67
78.13
78.59
79.06
79.52
79.98
80.44
80.9
81.36
81.83
82.29
82.75
83.21
83.67
84.13
84.6
85.05
85.52
85.98
86.44
86.9
87.36
87.81
88.27
88.75
89.22
89.67
90.14
90.6
91.06
91.52
91.98
92.44
92.91
93.36
93.83
94.29
94.75
95.21
95.67
96.14
96.6
97.06
97.52
97.98
98.45
98.91
99.37
99.83
100.29
100.75
101.21
101.68
102.14
102.6
103.06
103.52
103.98
104.44
104.9
105.37
105.83
106.29
106.75
107.21
107.67
108.13
108.6
109.06
109.52
109.98
110.45
110.91
111.36
111.83
112.29
112.75
113.22
113.68
114.14
114.6
115.06
115.52
115.98
116.45
116.91
117.37
117.83
118.29
118.74
119.2
119.67
120.16
120.61
121.07
121.54
121.98
122.45
122.91
123.37
123.82
124.28
124.76
125.22
125.67
126.13
126.61
127.06
127.52
127.98
128.45
128.91
129.37
129.83
130.3
130.75
131.21
131.67
132.14
132.6
133.08
133.52
133.99
134.45
134.9
135.36
135.83
136.29
136.75
137.21
137.67
138.14
138.58
139.04
139.51
139.96
140.44
140.91
141.37
141.84
142.29
142.75
143.21
143.67
144.13
144.61
145.07
145.52
145.98
146.45
146.92
147.37
147.83
148.3
148.75
149.22
149.67
150.16
150.61
151.06
151.52
151.99
152.45
152.91
153.37
153.85
154.3
154.75
155.21
155.68
156.13
156.6
157.06
157.52
157.98
158.45
158.9
159.37
159.83
160.29
160.75
161.21
161.67
162.14
162.6
163.06
163.52
163.98
164.44
164.91
165.37
165.83
166.29
166.75
167.21
167.67
168.13
168.6
169.06
169.52
169.98
170.45
170.9
171.37
171.83
172.29
172.75
173.21
173.67
174.13
174.59
175.06
175.52
175.98
176.44
176.9
177.37
177.83
178.29
178.75
179.21
179.68
180.14
180.6
181.06
181.52
181.98
182.44
182.9
183.37
183.83
184.3
184.75
185.21
185.67
186.13
186.6
187.06
187.52
187.99
188.44
188.91
189.37
189.83
190.29
190.75
191.21
191.67
192.14
