0.46
0.93
1.38
1.84
2.29
2.75
3.21
3.66
4.11
4.58
5.03
5.48
5.93
6.39
6.83
7.28
7.73
8.18
8.66
9.1
9.56
10.04
10.48
10.93
11.37
11.83
12.3
12.74
13.2
13.65
14.1
14.56
14.99
15.45
15.91
16.36
16.81
17.27
17.72
18.18
18.63
19.08
19.54
19.99
20.45
20.9
21.36
21.81
22.27
22.72
23.19
23.63
24.09
24.54
25.0
25.45
25.9
26.36
26.82
27.27
27.73
28.18
28.63
29.09
29.54
29.99
30.46
30.9
31.36
31.81
32.27
32.72
33.18
33.63
34.1
34.54
35.0
35.45
35.91
36.36
36.82
37.27
37.74
38.18
38.63
39.09
39.55
40.0
40.45
40.9
41.37
41.81
42.27
42.72
43.17
43.63
44.09
44.54
44.98
45.45
45.91
46.36
46.82
47.27
47.72
48.18
48.65
49.09
49.55
50.0
50.45
50.91
51.36
51.82
52.28
52.72
53.18
53.63
54.1
54.54
55.0
55.45
55.92
56.36
56.82
57.27
57.73
58.18
58.63
59.09
59.55
60.0
60.45
60.91
61.37
61.82
62.27
62.73
63.19
63.64
64.09
64.54
65.0
65.45
65.91
66.36
66.82
67.27
67.73
68.18
68.64
69.09
69.54
70.0
70.46
70.91
71.37
71.82
72.28
72.73
73.18
73.64
74.09
74.54
75.0
75.45
75.91
76.36
76.82
77.27
77.74
78.18
78.64
79.09
79.55
80.0
80.45
80.91
81.38
81.82
82.27
82.73
83.19
83.64
84.09
84.54
85.0
85.45
85.91
86.36
86.82
87.27
87.73
88.18
88.65
89.09
89.55
90.0
90.46
90.91
91.36
91.82
92.28
92.73
93.19
93.64
94.1
94.55
95.0
95.45
95.92
96.36
96.82
97.27
97.73
98.18
98.64
99.09
99.56
100.0
100.46
100.91
101.36
101.82
102.27
102.73
103.18
103.64
104.1
104.55
105.01
105.46
105.91
106.36
106.82
107.27
107.73
108.18
108.64
109.09
109.55
110.0
110.47
110.91
111.37
111.82
112.28
112.73
113.19
113.64
114.11
114.55
115.01
115.46
115.91
116.37
116.82
117.28
117.74
118.19
118.64
119.1
119.55
120.0
120.46
120.91
121.38
121.82
122.28
122.73
123.19
123.64
124.09
124.55
125.01
125.46
125.91
126.37
126.83
127.28
127.73
128.19
128.65
129.1
129.55
130.0
130.46
130.91
131.37
131.82
132.28
132.73
133.19
133.64
134.1
134.55
135.0
135.46
135.92
136.37
136.83
137.28
137.74
138.19
138.64
139.09
139.56
140.0
140.46
140.91
141.37
141.82
142.28
142.73
143.18
143.64
144.1
144.55
145.01
145.46
145.91
146.37
146.84
147.28
147.74
148.19
148.64
149.09
149.55
150.0
150.48
150.91
151.37
151.82
152.28
152.73
153.19
153.64
154.11
154.55
155.01
155.46
155.92
156.37
156.82
157.28
157.75
158.19
158.64
159.1
159.55
160.01
160.46
160.92
161.37
161.82
162.28
162.73
163.21
163.64
164.1
164.55
165.01
165.46
165.92
166.37
166.83
167.28
167.73
168.19
168.66
169.1
169.56
170.01
170.47
170.92
171.37
171.83
172.29
172.74
173.19
173.65
174.1
174.56
175.01
175.46
175.93
176.37
176.83
177.28
177.74
178.19
178.65
179.1
179.56
180.01
180.47
180.92
181.37
181.83
182.28
182.74
183.19
183.65
184.1
184.56
185.02
185.47
185.93
186.39
186.85
187.31
187.77
188.23
188.69
189.15
189.61
190.07
190.53
191.0
191.46
191.92
192.39
192.85
193.32
193.78
194.25
194.71
195.18
195.65
196.12
196.58
197.05
197.52
197.99
198.46
198.93
199.39
199.86
200.33
200.8
201.27
201.74
202.21
202.68
203.14
203.61
204.08
204.55
205.02
205.49
205.96
206.43
206.89
207.36
207.83
208.3
208.77
209.24
209.71
210.17
210.64
211.11
211.58
212.03
