0.23
0.68
1.15
1.61
2.08
2.54
3.01
3.47
3.94
4.4
4.87
5.33
5.8
6.26
6.73
7.19
7.66
8.13
8.59
9.05
9.52
9.98
10.45
10.91
11.38
11.85
12.31
12.77
13.24
13.71
14.17
14.64
15.1
15.57
16.03
16.5
16.97
17.43
17.9
18.36
18.82
19.29
19.75
20.22
20.68
21.15
21.61
22.08
22.55
23.01
23.47
23.94
24.4
24.87
25.33
25.8
26.26
26.73
27.2
27.66
28.12
28.59
29.06
29.52
29.99
30.45
30.91
31.38
31.84
32.31
32.78
33.24
33.7
34.17
34.64
35.1
35.57
36.04
36.5
36.96
37.42
37.89
38.36
38.82
39.29
39.75
40.21
40.69
41.15
41.61
42.07
42.54
43.01
43.47
43.94
44.4
44.87
45.33
45.8
46.26
46.73
47.19
47.66
48.13
48.59
49.05
49.52
49.98
50.45
50.92
51.38
51.85
52.31
52.77
53.24
53.71
54.17
54.64
55.1
55.57
56.03
56.49
56.96
57.43
57.89
58.36
58.82
59.29
59.75
60.22
60.68
61.15
61.61
62.08
62.54
63.01
63.47
63.94
64.4
64.87
65.33
65.8
66.26
66.73
67.2
67.66
68.12
68.59
69.06
69.52
69.99
70.45
70.92
71.38
71.85
72.31
72.78
73.24
73.71
74.17
74.63
75.1
75.56
76.03
76.5
76.96
77.43
77.89
78.36
78.82
79.29
79.75
80.22
80.67
81.15
81.61
82.08
82.55
83.01
83.47
83.94
84.4
84.87
85.34
85.8
86.26
86.73
87.19
87.66
88.13
88.59
89.05
89.52
89.99
90.45
90.92
91.38
91.85
92.31
92.78
93.24
93.71
94.17
94.64
95.1
95.57
96.03
96.5
96.96
97.43
97.89
98.36
98.82
99.29
99.75
100.22
100.68
101.15
101.61
102.08
102.54
103.01
103.47
103.94
104.4
104.87
105.33
105.8
106.26
106.73
107.2
107.66
108.13
108.58
109.05
109.52
109.98
110.45
110.91
111.38
111.85
112.31
112.78
113.24
113.7
114.16
114.63
115.1
115.57
116.03
116.5
116.96
117.43
117.89
118.36
118.82
119.29
119.75
120.22
120.68
121.14
121.61
122.08
122.54
123.01
123.48
123.94
124.4
124.87
125.34
125.8
126.27
126.73
127.19
127.66
128.12
128.59
129.06
129.52
129.98
130.45
130.92
131.38
131.84
132.31
132.78
133.24
133.71
134.18
134.64
135.1
135.57
136.03
136.5
136.96
137.43
137.89
138.36
138.82
139.29
139.75
140.22
140.68
141.15
141.61
142.08
142.54
143.01
143.47
143.94
144.4
144.87
145.34
145.8
146.27
146.73
147.2
147.66
148.12
148.59
149.05
149.52
149.98
150.45
150.91
151.38
151.84
152.31
152.78
153.24
153.71
154.17
154.63
155.1
155.57
156.03
156.5
156.96
157.43
157.89
158.36
158.82
159.29
159.75
160.22
160.68
161.15
161.62
162.08
162.54
163.01
163.48
163.94
164.41
164.87
165.33
165.8
166.26
166.73
167.19
167.66
168.13
168.59
169.05
169.52
169.98
170.45
170.91
171.38
171.85
172.31
172.78
173.24
173.71
174.18
174.63
175.1
175.57
176.03
176.5
176.96
177.42
177.89
178.36
178.82
179.29
179.75
180.22
180.68
181.15
181.61
182.08
182.54
183.01
183.47
183.94
184.4
184.87
185.33
185.8
186.26
186.73
187.2
187.66
188.12
188.59
189.05
189.52
189.98
190.45
190.92
191.38
191.84
192.31
192.77
193.24
193.71
194.16
194.64
195.1
195.57
196.03
196.5
196.96
197.43
197.89
198.36
198.82
199.28
199.74
200.22
200.68
201.15
201.61
202.08
202.54
203.01
203.47
203.94
204.4
204.87
205.34
205.8
206.26
206.73
207.19
207.66
208.12
208.59
209.06
209.52
209.98
210.45
210.92
211.38
211.85
212.31
212.78
213.24
213.71
214.17
214.64
215.1
215.57
216.03
216.5
216.96
217.43
217.89
218.36
218.82
219.29
219.76
220.23
220.68
221.15
221.61
222.08
222.54
223.0
223.47
223.92
224.37
224.85
225.31
225.75
226.23
226.69
227.15
227.59
228.05
228.53
228.97
