0.16
0.8
1.44
2.08
2.71
3.36
4.0
4.62
5.27
5.9
6.54
7.17
7.82
8.46
9.1
9.73
10.37
11.0
11.66
12.29
12.93
13.57
14.21
14.84
15.48
16.12
16.77
17.39
18.03
18.66
19.32
19.95
20.59
21.21
21.87
22.5
23.14
23.78
24.43
25.05
25.69
26.34
26.99
27.61
28.24
28.89
29.53
30.16
30.8
31.44
32.08
32.71
33.36
33.99
34.63
35.27
35.91
36.55
37.18
37.82
38.46
39.1
39.74
40.38
41.01
41.65
42.29
42.93
43.57
44.22
44.85
45.48
46.12
46.75
47.4
48.03
48.67
49.31
49.93
50.58
51.23
51.87
52.51
53.14
53.78
54.42
55.06
55.69
56.33
56.97
57.61
58.24
58.88
59.52
60.16
60.8
61.44
62.07
62.71
63.35
64.0
64.64
65.27
65.9
66.55
67.19
67.82
68.46
69.1
69.74
70.38
71.02
71.65
72.29
72.93
73.56
74.2
74.84
75.48
76.12
76.75
77.4
78.04
78.67
79.31
79.95
80.59
81.22
81.86
82.5
83.15
83.77
84.41
85.05
85.69
86.33
86.95
87.6
88.25
88.88
89.52
90.16
90.8
91.43
92.08
92.71
93.37
93.98
94.63
95.27
95.91
96.53
97.18
97.83
98.46
99.09
99.74
100.38
101.03
101.65
102.29
102.93
103.58
104.21
104.84
105.48
106.12
106.76
107.4
108.04
108.68
109.31
109.95
110.59
111.23
111.86
112.51
113.15
113.78
114.41
115.05
115.69
116.33
116.97
117.61
118.26
118.9
119.52
120.16
120.8
121.45
122.07
122.71
123.35
123.99
124.62
125.26
125.91
126.54
127.18
127.81
128.46
129.1
129.72
130.36
131.0
131.66
132.28
132.92
133.57
134.22
134.83
135.48
136.11
136.76
137.38
138.02
138.68
139.32
139.95
140.58
141.23
141.87
142.49
143.14
143.78
144.42
145.04
145.69
146.34
146.98
147.6
148.24
148.88
149.54
150.16
150.79
151.43
152.08
152.71
153.34
153.99
154.63
155.26
155.9
156.54
157.18
157.82
158.46
159.09
159.74
160.37
161.01
161.65
162.3
162.93
163.55
164.2
164.84
165.48
166.11
166.75
167.39
168.03
168.65
169.3
169.95
170.58
171.22
171.86
172.5
173.14
173.76
174.41
175.05
175.69
176.33
176.97
177.6
178.23
178.87
179.55
180.19
180.8
181.45
182.08
182.72
183.35
184.0
184.65
185.27
185.91
186.54
187.18
187.83
188.45
189.1
189.72
190.37
191.01
191.66
192.3
192.94
193.56
194.21
194.84
195.48
196.12
196.76
197.39
198.03
198.67
199.31
199.94
200.58
201.21
201.85
202.5
203.15
203.77
204.41
205.05
205.69
206.33
206.96
207.6
208.25
208.88
209.51
210.16
210.8
211.43
212.06
212.72
213.35
213.98
214.62
215.26
215.9
216.54
217.18
217.82
218.45
219.08
219.72
220.37
221.02
221.65
222.29
222.92
223.57
224.2
224.83
225.47
226.12
226.75
227.4
228.03
228.68
229.3
229.94
230.58
231.23
231.86
232.5
233.13
233.77
234.43
