0.62
1.31
2.05
2.77
3.51
4.22
4.94
5.66
6.39
7.11
7.83
8.55
9.31
10.0
10.72
11.45
12.18
12.89
13.61
14.34
15.09
15.78
16.51
17.23
17.96
18.67
19.39
20.12
20.87
21.57
22.29
23.01
23.71
24.45
25.18
25.9
26.66
27.35
28.07
28.79
29.52
30.24
30.96
31.69
32.42
33.13
33.85
34.58
35.32
36.02
36.74
37.47
38.22
38.92
39.64
40.36
41.1
41.81
42.53
43.25
43.97
44.7
45.42
46.14
46.9
47.59
48.31
49.04
49.77
50.48
51.2
51.92
52.66
53.37
54.09
54.82
55.57
56.26
56.99
57.71
58.42
59.16
59.89
60.61
61.34
62.05
62.78
63.5
64.23
64.94
65.67
66.39
67.12
67.83
68.56
69.28
70.01
70.73
71.45
72.17
72.9
73.62
74.34
75.06
75.79
76.51
77.23
77.96
78.68
79.4
80.13
80.85
81.58
82.3
83.02
83.73
84.48
85.18
85.91
86.63
87.35
88.07
88.79
89.52
90.27
90.96
91.68
92.41
93.15
93.86
94.58
95.3
96.04
96.75
97.47
98.19
98.93
99.64
100.36
101.08
101.82
102.53
103.25
103.98
104.72
105.42
106.14
106.87
107.6
108.32
109.04
109.76
110.49
111.21
111.93
112.65
113.38
114.1
114.83
115.54
116.21
116.64
116.99
117.36
117.71
118.08
118.43
118.8
119.15
119.51
119.89
120.25
120.61
120.97
121.32
121.68
122.05
122.41
122.77
123.13
123.49
123.85
124.22
124.58
124.93
125.28
125.66
126.02
126.4
126.75
127.12
127.47
127.83
128.2
128.56
128.93
129.29
129.65
130.0
130.36
130.73
131.1
131.45
131.82
132.17
132.54
132.89
133.25
133.61
133.98
134.34
134.71
135.07
135.43
135.78
136.14
136.51
136.87
137.23
137.6
137.95
138.32
138.67
139.03
139.39
139.76
140.12
140.5
140.86
141.22
141.57
141.94
142.3
142.66
143.01
143.39
143.74
144.1
144.46
144.82
145.19
145.55
145.9
146.26
146.63
147.0
147.35
147.71
148.08
148.44
148.8
149.18
149.53
149.89
150.24
150.6
150.96
151.33
151.69
152.06
152.42
152.76
153.13
153.5
153.85
154.22
154.6
154.97
155.32
155.71
156.06
156.44
156.82
157.17
157.53
157.89
158.24
158.58
158.94
159.31
159.65
160.02
160.38
160.74
161.09
161.48
161.84
162.21
162.56
162.93
163.3
163.65
164.0
164.36
164.73
165.1
165.45
165.81
166.18
166.54
166.89
167.26
167.63
167.99
168.34
168.71
169.07
169.45
169.8
170.15
170.52
170.88
171.24
171.6
171.95
172.33
172.69
173.04
173.4
173.76
174.12
174.49
174.85
175.19
175.56
175.91
176.27
176.63
177.0
177.36
177.71
178.08
178.44
178.8
179.16
179.51
179.87
180.25
180.6
180.98
181.33
181.69
182.04
182.41
182.77
183.12
183.5
183.85
184.22
184.59
184.94
185.3
185.65
186.03
186.39
186.74
187.13
187.48
187.84
188.21
188.57
188.93
189.28
189.65
190.0
190.37
190.72
191.08
191.46
191.82
192.17
192.54
192.89
193.26
193.62
193.98
194.35
194.71
195.06
195.44
195.79
196.14
196.51
196.87
197.23
197.6
197.95
198.32
198.68
199.04
199.39
199.76
200.13
200.49
200.84
201.22
201.57
201.94
202.29
202.65
203.0
203.38
203.74
204.11
204.47
204.83
205.18
205.54
205.9
206.26
206.63
206.99
207.36
207.72
208.07
208.43
208.79
209.16
209.52
209.89
210.25
210.61
210.97
211.33
211.7
212.06
212.41
212.77
213.13
213.5
213.86
214.22
214.59
214.94
215.3
215.67
216.02
216.39
216.75
217.11
217.48
217.84
218.2
218.56
218.92
219.28
219.64
220.0
220.36
220.73
221.08
221.46
221.81
222.2
222.57
222.91
223.29
223.65
224.0
224.37
224.71
225.08
225.46
225.83
226.21
226.57
226.92
227.29
227.63
227.97
228.34
228.7
229.05
229.42
229.79
230.14
230.49
230.88
231.25
231.6
231.97
232.32
232.69
233.05
233.41
233.75
234.12
234.48
234.85
235.19
235.56
235.93
236.28
236.63
237.0
237.38
237.76
238.12
238.48
238.82
239.18
239.54
239.92
240.28
240.64
240.98
241.34
241.72
242.08
242.42
242.8
243.16
243.52
243.87
244.23
244.59
244.92
245.27
245.62
245.97
246.3
246.62
246.94
247.25
247.57
247.89
248.22
