0.11
0.62
1.14
1.62
2.13
2.64
3.13
3.63
4.09
4.6
5.16
5.64
6.14
6.62
7.11
7.62
8.11
8.62
9.11
9.62
10.11
10.61
11.11
11.62
12.12
12.62
13.12
13.62
14.11
14.61
15.11
15.62
16.11
16.62
17.11
17.61
18.11
18.62
19.11
19.62
20.12
20.62
21.12
21.61
22.11
22.61
23.11
23.61
24.11
24.61
25.11
25.61
26.11
26.62
27.11
27.62
28.11
28.62
29.12
29.62
30.12
30.61
31.11
31.62
32.11
32.62
33.11
33.62
34.11
34.61
35.11
35.62
36.12
36.62
37.11
37.61
38.11
38.61
39.11
39.62
40.12
40.62
41.11
41.62
42.12
42.62
43.11
43.62
44.11
44.62
45.11
45.62
46.12
46.62
47.11
47.61
48.11
48.61
49.12
49.62
50.11
50.61
51.11
51.62
52.11
52.62
53.12
53.62
54.12
54.61
55.11
55.61
56.12
56.62
57.12
57.62
58.12
58.62
59.12
59.62
60.12
60.62
61.12
61.62
62.12
62.62
63.11
63.62
64.12
64.62
65.12
65.62
66.12
66.62
67.12
67.62
68.12
68.62
69.12
69.62
70.12
70.62
71.12
71.62
72.12
72.62
73.12
73.62
74.12
74.62
75.12
75.62
76.12
76.62
77.12
77.62
78.12
78.62
79.12
79.62
80.12
80.62
81.12
81.62
82.12
82.62
83.12
83.62
84.12
84.62
85.12
85.62
86.12
86.62
87.12
87.62
88.12
88.62
89.12
89.62
90.12
90.62
91.12
91.62
92.12
92.62
93.12
93.62
94.12
94.62
95.12
95.62
96.12
96.62
97.12
97.62
98.12
98.62
99.12
99.62
100.12
100.62
101.12
101.62
102.12
102.62
103.12
103.62
104.12
104.62
105.12
105.62
106.12
106.62
107.12
107.62
108.12
108.62
109.12
109.62
110.12
110.62
111.12
111.62
112.12
112.62
113.12
113.62
114.11
114.62
115.12
115.62
116.12
116.62
117.12
117.62
118.12
118.62
119.11
119.62
120.12
120.62
121.12
121.62
122.12
122.62
123.12
123.62
124.12
124.62
125.12
125.62
126.12
126.62
127.12
127.62
128.12
128.62
129.12
129.62
130.12
130.62
131.12
131.62
132.12
132.62
133.12
133.62
134.12
134.62
135.12
135.62
136.12
136.62
137.12
137.62
138.12
138.62
139.12
139.62
140.12
140.62
141.12
141.62
142.12
142.62
143.12
143.62
144.12
144.62
145.12
145.62
146.12
146.62
147.12
147.62
148.12
148.62
149.12
149.62
150.12
150.62
151.12
151.62
152.12
152.62
153.12
153.62
154.12
154.62
155.12
155.62
156.12
156.62
157.11
157.6
158.11
158.63
159.11
159.62
160.12
160.62
161.12
161.62
162.12
162.62
163.12
163.62
164.12
164.62
165.12
165.62
166.12
166.62
167.12
167.62
168.12
168.61
169.12
169.62
170.12
170.62
171.12
171.62
172.12
172.62
173.12
173.62
174.12
174.62
175.12
175.62
176.12
176.62
177.12
177.62
178.12
178.62
179.11
179.62
180.12
180.62
181.12
181.62
182.12
182.62
183.12
183.62
184.12
184.62
185.12
185.62
186.12
186.61
187.12
187.62
188.12
188.61
189.12
189.62
190.12
190.61
191.12
191.62
192.12
192.62
193.12
193.62
194.12
194.62
195.12
195.62
196.12
196.62
197.12
197.62
198.12
198.62
199.12
199.62
200.12
200.62
201.12
201.62
202.12
202.61
203.12
203.62
204.12
204.62
205.12
205.62
206.12
206.62
207.11
207.62
208.11
208.62
209.11
209.62
210.12
210.62
211.12
211.62
212.12
212.61
213.11
213.62
214.12
214.62
215.12
215.62
216.12
216.62
217.12
217.62
218.12
218.62
219.12
219.62
220.12
220.62
221.11
221.62
222.12
222.62
223.11
223.62
224.12
224.62
225.12
225.62
226.12
226.62
227.12
227.62
228.12
228.62
229.12
229.62
230.12
230.62
231.12
231.62
232.12
232.62
233.12
233.62
234.12
234.62
235.12
235.62
236.12
236.62
237.12
237.62
238.12
238.62
239.12
239.62
240.12
240.62
241.12
241.62
242.12
242.62
243.12
243.62
244.12
244.62
245.12
245.62
246.12
246.62
247.12
247.62
248.12
248.62
249.12
249.62
250.12
250.62
251.12
251.62
252.12
252.62
253.12
253.62
254.12
254.62
255.12
255.62
256.12
256.62
257.11
257.62
258.11
258.62
259.12
259.62
260.12
260.62
261.12
261.62
262.12
262.62
263.12
263.62
264.12
264.62
265.12
265.62
266.12
266.62
267.12
267.62
268.12
268.62
269.12
269.62
270.12
270.62
271.12
271.62
272.12
272.62
273.12
273.62
274.12
274.62
275.12
275.62
276.11
