0.25
0.75
1.25
1.75
2.25
2.75
3.25
3.76
4.25
4.75
5.25
5.75
6.25
6.75
7.25
7.75
8.25
8.76
9.25
9.75
10.25
10.75
11.25
11.76
12.25
12.75
13.26
13.76
14.26
14.75
15.25
15.76
16.25
16.75
17.26
17.75
18.26
18.76
19.26
19.75
20.26
20.76
21.26
21.75
22.26
22.76
23.26
23.76
24.26
24.76
25.26
25.76
26.26
26.76
27.26
27.76
28.26
28.76
29.26
29.76
30.26
30.76
31.26
31.76
32.25
32.75
33.26
33.76
34.25
34.76
35.26
35.76
36.26
36.76
37.26
37.75
38.26
38.76
39.26
39.75
40.26
40.76
41.26
41.75
42.26
42.76
43.26
43.76
44.26
44.76
45.26
45.76
46.26
46.76
47.26
47.76
48.26
48.76
49.26
49.76
50.26
50.76
51.26
51.76
52.26
52.76
53.26
53.76
54.28
54.76
55.28
55.78
56.25
56.76
57.28
57.75
58.24
58.75
59.26
59.73
60.24
60.75
61.23
61.74
62.23
62.75
63.25
63.76
64.23
64.73
65.24
65.74
66.26
66.76
67.26
67.73
68.26
68.74
69.26
69.75
70.26
70.77
71.27
71.77
72.26
72.76
73.26
73.76
74.27
74.77
75.26
75.76
76.25
76.77
77.27
77.76
78.26
78.77
79.26
79.76
80.27
80.76
81.26
81.75
82.27
82.76
83.27
83.77
84.26
84.76
85.26
85.76
86.25
86.75
87.26
87.76
88.26
88.76
89.26
89.76
90.26
90.76
91.26
91.76
92.27
92.76
93.26
93.76
94.26
94.76
95.26
95.76
96.26
96.76
97.26
97.76
98.26
98.76
99.26
99.76
100.26
100.76
101.26
101.76
102.27
102.76
103.25
103.76
104.25
104.75
105.25
105.76
106.26
106.76
107.26
107.76
108.26
108.75
109.26
109.76
110.26
110.76
111.26
111.76
112.26
112.76
113.26
113.76
114.26
114.76
115.26
115.76
116.26
116.76
117.26
117.76
118.26
118.76
119.26
119.76
120.25
120.76
121.26
121.76
122.26
122.76
123.26
123.76
124.26
124.75
125.26
125.76
126.26
126.76
127.26
127.76
128.26
128.76
129.26
129.76
130.26
130.76
131.25
131.75
132.26
132.76
133.26
133.76
134.26
134.76
135.26
135.76
136.25
136.76
137.26
137.75
138.27
138.77
139.27
139.76
140.26
140.76
141.22
141.72
142.24
142.77
143.28
143.76
144.26
144.76
145.25
145.71
146.24
146.74
147.21
147.74
148.22
148.71
149.24
149.75
150.27
150.79
151.28
151.81
152.33
152.8
153.31
153.8
154.26
154.75
155.26
155.76
156.26
156.76
157.27
157.76
158.27
158.77
159.27
159.76
160.26
160.76
161.27
161.76
162.26
162.77
163.27
163.76
164.27
164.76
165.26
165.76
166.27
166.77
167.27
167.77
168.26
168.77
169.27
169.77
170.27
170.76
171.27
171.76
172.26
172.76
173.26
173.76
174.26
174.76
175.26
175.76
176.26
176.76
177.27
177.76
178.26
178.77
179.27
179.76
180.26
180.76
181.26
181.76
182.26
182.77
183.26
183.76
184.26
184.77
185.27
185.77
186.28
186.76
187.26
187.76
188.26
188.76
189.26
189.76
190.26
190.76
191.26
191.76
192.26
192.75
193.26
193.76
194.26
194.76
195.26
195.75
196.25
196.75
197.27
197.76
198.26
198.76
199.28
199.79
200.3
200.81
201.32
201.81
202.29
202.77
203.23
203.73
204.21
204.67
