0.14
0.59
1.05
1.5
1.96
2.41
2.87
3.32
3.78
4.23
4.69
5.14
5.6
6.05
6.5
6.96
7.41
7.87
8.32
8.78
9.23
9.69
10.14
10.6
11.05
11.51
11.96
12.41
12.87
13.32
13.78
14.23
14.69
15.14
15.6
16.05
16.5
16.96
17.41
17.87
18.32
18.78
19.23
19.69
20.14
20.6
21.05
21.5
21.96
22.41
22.87
23.32
23.78
24.23
24.69
25.14
25.6
26.05
26.51
26.96
27.41
27.87
28.32
28.78
29.23
29.69
30.14
30.6
31.05
31.51
31.96
32.41
32.87
33.32
33.78
34.23
34.69
35.14
35.6
36.05
36.51
36.96
37.42
37.87
38.32
38.78
39.23
39.69
40.14
40.6
41.05
41.51
41.96
42.41
42.87
43.33
43.78
44.23
44.69
45.14
45.6
46.05
46.51
46.96
47.41
47.87
48.32
48.78
49.23
49.69
50.14
50.6
51.05
51.51
51.96
52.42
52.87
53.32
53.78
54.23
54.69
55.14
55.6
56.05
56.51
56.96
57.42
57.87
58.32
58.78
59.23
59.69
60.14
60.6
61.05
61.51
61.96
62.41
62.87
63.32
63.78
64.23
64.69
65.14
65.6
66.05
66.51
66.96
67.42
67.87
68.33
68.78
69.23
69.69
70.14
70.6
71.05
71.5
71.96
72.41
72.87
73.32
73.78
74.23
74.69
75.14
75.6
76.05
76.51
76.96
77.41
77.87
78.32
78.78
79.23
79.69
80.14
80.6
81.05
81.51
81.96
82.41
82.87
83.32
83.78
84.23
84.69
85.14
85.6
86.05
86.51
86.96
87.42
87.87
88.32
88.78
89.23
89.69
90.14
90.6
91.05
91.51
91.96
92.41
92.87
93.32
93.78
94.23
94.69
95.14
95.6
96.05
96.51
96.96
97.41
97.87
98.32
98.78
99.24
99.69
100.14
100.6
101.05
101.51
101.96
102.42
102.87
103.32
103.78
104.23
104.69
105.14
105.6
106.05
106.51
106.96
107.42
107.87
108.32
108.78
109.23
109.69
110.14
110.6
111.05
111.51
111.96
112.42
112.87
113.33
113.78
114.23
114.69
115.14
115.6
116.05
116.51
116.96
117.42
117.87
118.32
118.78
119.23
119.69
120.14
120.6
121.05
121.51
121.96
122.42
122.87
123.33
123.78
124.23
124.69
125.14
125.6
126.05
126.51
126.96
127.42
127.87
128.33
128.78
129.23
129.69
130.14
130.6
131.05
131.51
131.96
132.42
132.87
133.32
133.78
134.23
134.69
135.14
135.6
136.05
136.51
136.96
137.42
137.87
138.33
138.78
139.23
139.69
140.14
140.6
141.05
141.51
141.96
142.42
142.87
143.33
143.78
144.23
144.69
145.14
145.6
146.05
146.51
146.96
147.42
147.87
148.32
148.78
149.23
149.69
150.14
150.6
151.05
151.51
151.96
152.42
152.87
153.32
153.78
154.24
154.69
155.14
155.6
156.05
156.51
156.96
157.42
157.87
158.31
158.77
159.21
159.69
160.13
160.61
161.06
161.51
161.98
162.44
162.87
163.34
163.77
164.24
164.67
165.12
165.57
166.04
166.51
166.97
167.42
167.87
168.33
168.78
169.23
169.69
170.14
170.6
171.05
171.51
171.96
172.42
172.87
173.32
173.78
174.23
174.69
175.14
175.6
176.05
176.51
176.96
177.42
177.87
178.33
178.78
179.23
179.69
180.14
180.6
181.05
181.51
181.96
182.42
182.87
183.33
183.78
184.23
184.69
185.14
185.6
186.05
186.51
186.96
187.42
187.87
188.32
188.78
189.24
189.69
190.14
190.6
191.05
191.51
191.96
192.42
192.87
193.33
193.78
194.24
194.69
195.14
195.6
196.05
196.51
196.96
197.42
197.87
198.33
198.78
199.24
199.69
200.14
200.6
201.05
201.51
201.96
202.42
202.87
203.33
203.78
204.24
204.69
205.14
205.6
206.05
206.51
206.96
207.42
207.87
208.33
208.78
209.23
209.69
210.14
210.6
211.06
211.54
212.0
212.44
212.9
213.38
213.84
214.3
214.76
215.22
215.67
216.14
216.6
217.06
217.52
217.96
218.42
218.88
