0.51
1.11
1.73
2.38
2.98
3.62
4.25
4.88
5.5
6.13
6.75
7.37
8.02
8.64
9.28
9.93
10.58
11.21
11.86
12.47
13.11
13.73
14.37
15.0
15.63
16.26
16.9
17.53
18.16
18.79
19.43
20.05
20.68
21.31
21.96
22.58
23.21
23.84
24.48
25.1
25.74
26.37
27.01
27.63
28.26
28.89
29.53
30.16
30.79
31.42
32.06
32.68
33.32
33.95
34.59
35.21
35.84
36.47
37.11
37.74
38.37
39.0
39.64
40.26
40.89
41.52
42.17
42.79
43.42
44.05
44.69
45.32
45.95
46.58
47.22
47.84
48.47
49.1
49.74
50.37
51.0
51.63
52.26
52.89
53.52
54.16
54.79
55.42
56.05
56.68
57.31
57.95
58.58
59.21
59.84
60.47
61.1
61.73
62.37
63.0
63.63
64.26
64.89
65.53
66.15
66.79
67.42
68.05
68.68
69.31
69.95
70.58
71.21
71.84
72.47
73.1
73.73
74.37
75.0
75.63
76.26
76.89
77.52
78.16
78.79
79.42
80.05
80.68
81.32
81.94
82.59
83.21
83.84
84.47
85.12
85.74
86.37
87.0
87.64
88.26
88.89
89.52
90.16
90.79
91.42
92.05
92.69
93.31
93.95
94.58
95.22
95.84
96.47
97.1
97.74
98.37
99.0
99.63
100.27
100.89
101.53
102.16
102.8
103.42
104.05
104.68
105.33
105.95
106.58
107.21
107.84
108.47
109.1
109.74
110.38
111.0
111.63
112.26
112.9
113.53
114.16
114.79
115.43
116.05
116.68
117.31
117.96
118.58
119.21
119.84
120.48
121.11
121.73
122.37
123.0
123.63
124.26
124.89
125.52
126.16
126.79
127.42
128.05
128.68
129.31
129.95
130.58
131.21
131.84
132.47
133.1
133.74
134.37
135.0
135.63
136.26
136.89
137.52
138.16
138.79
139.42
140.05
140.68
141.31
141.94
142.58
143.21
143.84
144.47
145.1
145.73
146.37
147.0
147.63
148.26
148.89
149.52
150.16
150.79
151.42
152.06
152.69
153.36
153.95
154.59
155.23
155.86
156.49
157.12
157.74
158.39
159.0
159.64
160.26
160.91
161.53
162.16
162.79
163.43
164.05
164.68
165.31
165.96
166.58
167.21
167.84
168.48
169.11
169.74
170.37
171.01
171.63
172.26
172.89
173.54
174.16
174.79
175.42
176.07
176.68
177.32
177.95
178.59
179.21
179.84
180.46
181.12
181.74
182.37
183.0
183.63
184.26
184.89
185.53
186.16
186.79
187.42
188.05
188.68
189.31
189.95
190.58
191.21
191.84
192.47
193.1
193.73
194.37
195.0
195.63
196.26
196.89
197.52
198.15
198.79
199.42
200.05
200.68
201.31
201.95
202.58
203.21
203.84
204.47
205.1
205.73
206.37
207.0
207.63
208.26
208.89
209.52
210.15
210.79
211.42
212.05
212.68
213.31
213.94
214.58
215.21
215.84
216.47
217.1
217.73
218.37
219.0
219.63
220.26
220.89
221.52
222.16
222.79
223.42
224.05
224.68
225.31
225.95
226.58
227.21
227.84
228.47
229.1
229.73
230.37
231.0
231.63
232.26
232.88
233.51
234.15
234.82
235.46
236.07
236.73
237.34
237.98
238.59
239.23
239.87
240.48
241.14
241.77
242.38
243.02
243.64
