0.13
0.61
1.09
1.57
2.05
2.53
3.01
3.49
3.97
4.45
4.93
5.41
5.89
6.37
6.85
7.33
7.81
8.29
8.77
9.25
9.73
10.21
10.69
11.17
11.65
12.13
12.61
13.09
13.57
14.05
14.53
15.01
15.49
15.97
16.45
16.93
17.41
17.89
18.37
18.85
19.33
19.81
20.29
20.77
21.24
21.73
22.22
22.69
23.17
23.65
24.13
24.61
25.09
25.57
26.05
26.53
27.01
27.49
27.97
28.45
28.93
29.41
29.89
30.37
30.85
31.33
31.81
32.29
32.77
33.25
33.73
34.21
34.69
35.17
35.65
36.13
36.61
37.09
37.57
38.05
38.53
39.01
39.49
39.97
40.45
40.93
41.41
41.89
42.37
42.85
43.33
43.81
44.29
44.77
45.25
45.73
46.21
46.69
47.17
47.65
48.13
48.61
49.09
49.57
50.05
50.54
51.01
51.48
51.96
52.45
52.93
53.41
53.89
54.37
54.85
55.33
55.81
56.29
56.77
57.25
57.73
58.21
58.69
59.17
59.65
60.13
60.61
61.09
61.57
62.05
62.53
63.01
63.49
63.97
64.45
64.93
65.41
65.89
66.37
66.85
67.33
67.81
68.29
68.77
69.25
69.73
70.21
70.69
71.17
71.65
72.13
72.61
73.09
73.57
74.05
74.53
75.01
75.49
75.97
76.45
76.93
77.41
77.89
78.37
78.85
79.33
79.81
80.29
80.77
81.25
81.73
82.21
82.69
83.17
83.65
84.13
84.61
85.09
85.57
86.05
86.53
87.01
87.49
87.97
88.45
88.93
89.41
89.89
90.37
90.85
91.33
91.81
92.29
92.77
93.25
93.73
94.21
94.69
95.17
95.65
96.13
96.61
97.09
97.57
98.05
98.53
99.01
99.49
99.97
100.45
100.93
101.41
101.89
102.37
102.85
103.33
103.81
104.29
104.77
105.25
105.73
106.21
106.69
107.17
107.65
108.13
108.61
109.09
109.57
110.05
110.53
111.01
111.49
111.97
112.45
112.93
113.41
113.88
114.38
114.84
115.32
115.81
116.29
116.77
117.26
117.73
118.21
118.69
119.17
119.65
120.13
120.61
121.09
121.57
122.05
122.53
123.02
123.49
123.97
124.46
124.93
125.41
125.89
126.37
126.85
127.33
127.81
128.29
128.77
129.25
129.73
130.21
130.69
131.17
131.65
132.13
132.61
133.09
133.57
134.05
134.53
135.01
135.49
135.97
136.45
136.93
137.41
137.9
138.38
138.86
139.33
139.81
140.29
140.77
141.25
141.73
142.21
142.69
143.17
143.65
144.13
144.61
145.09
145.57
146.05
146.53
147.01
147.49
147.97
148.45
148.93
149.41
149.89
150.37
150.85
151.33
151.81
152.29
152.77
153.25
153.73
154.21
154.69
155.17
155.65
156.13
156.61
157.09
157.57
158.05
158.53
159.01
159.49
159.97
160.45
160.93
161.41
161.89
162.37
162.85
163.33
163.81
164.29
164.77
165.25
165.73
166.21
166.69
167.17
167.65
168.14
168.61
169.09
169.57
170.05
170.53
171.01
171.49
171.97
172.45
172.92
173.41
173.89
174.37
174.85
175.33
175.81
176.29
176.77
177.24
177.73
178.21
178.68
179.18
179.65
180.13
180.6
181.08
181.57
182.05
182.53
183.02
183.5
183.97
184.45
184.93
185.41
185.89
186.38
186.85
187.33
187.82
188.3
188.77
189.25
189.73
190.21
190.69
191.17
191.66
192.13
192.61
193.09
193.57
194.04
194.53
195.01
195.5
195.97
196.45
196.93
197.41
197.89
198.37
198.85
199.33
199.81
200.29
200.77
201.25
201.74
202.21
202.69
203.17
203.66
204.13
204.61
205.09
205.58
206.05
206.53
207.02
207.49
207.97
208.45
208.93
209.41
209.89
210.37
210.86
211.33
211.81
212.3
212.77
213.25
213.73
214.21
214.69
215.17
215.65
216.13
216.61
217.1
217.57
218.05
218.54
219.01
219.48
219.97
220.45
220.93
221.41
221.89
222.37
222.85
223.34
223.82
224.28
224.78
225.26
225.72
226.22
226.7
227.16
227.66
