0.1
0.75
1.41
2.07
2.71
3.37
4.02
4.67
5.32
5.99
6.66
7.29
7.93
8.59
9.27
9.89
10.54
11.2
11.88
12.5
13.15
13.81
14.47
15.11
15.76
16.41
17.07
17.72
18.37
19.02
19.69
20.33
20.98
21.62
22.28
22.93
23.58
24.23
24.89
25.54
26.19
26.86
27.51
28.15
28.8
29.47
30.1
30.76
31.41
32.05
32.71
33.37
34.02
34.68
35.35
35.98
36.63
37.28
37.95
38.59
39.24
39.9
40.56
41.19
41.85
42.5
43.16
43.8
44.45
45.1
45.76
46.41
47.06
47.72
48.38
49.01
49.67
50.33
50.99
51.63
52.28
52.95
53.61
54.24
54.89
55.55
56.19
56.83
57.5
58.16
58.81
59.46
60.11
60.76
61.43
62.07
62.72
63.37
64.04
64.67
65.32
65.97
66.63
67.28
67.93
68.6
69.27
69.89
70.54
71.2
71.88
72.5
73.15
73.8
74.48
75.11
75.76
76.41
77.08
77.72
78.37
79.02
79.69
80.33
80.98
81.63
82.3
82.94
83.59
84.24
84.92
85.55
86.19
86.84
87.5
88.15
88.8
89.47
90.1
90.76
91.41
92.07
92.73
93.37
94.02
94.68
95.3
95.98
96.63
97.29
97.96
98.59
99.23
99.9
100.56
101.2
101.84
102.5
103.15
103.81
104.46
105.12
105.77
106.41
107.06
107.71
108.36
109.01
109.67
110.34
110.99
111.63
112.28
112.95
113.6
114.24
114.89
115.56
116.22
116.85
117.5
118.17
118.82
119.45
120.1
120.77
121.42
122.07
122.72
123.37
124.04
124.68
125.32
125.99
126.65
127.28
127.93
128.58
129.23
129.89
130.54
131.22
131.83
132.48
133.17
133.8
134.42
135.05
135.63
136.25
136.85
137.48
138.04
138.62
139.2
139.79
140.36
140.95
141.53
142.1
142.64
143.2
143.74
144.3
144.84
145.37
145.91
146.44
146.95
147.48
147.99
148.48
148.96
149.45
149.94
150.43
150.92
151.41
151.9
152.4
152.89
153.38
153.87
154.37
154.86
155.35
155.84
156.33
156.83
157.32
157.81
158.3
158.8
159.28
159.77
160.27
160.77
161.25
161.74
162.24
162.73
163.22
163.74
164.2
164.7
165.22
165.71
166.2
166.7
167.18
167.68
168.17
168.66
169.15
169.65
170.13
170.63
171.12
171.61
172.1
172.6
173.08
173.58
174.07
174.57
175.05
175.55
176.04
176.53
177.02
177.52
178.0
178.5
178.99
179.48
179.97
180.46
180.96
181.45
181.95
182.43
182.92
183.41
183.9
184.4
184.89
185.4
185.88
186.37
186.86
187.35
187.84
188.34
188.82
189.31
189.8
190.3
190.79
191.28
191.77
192.27
192.75
193.25
193.74
194.23
194.72
195.21
195.71
196.2
196.69
197.18
197.67
198.17
198.66
199.16
199.64
200.14
200.62
201.11
201.61
202.1
202.59
203.08
203.57
204.07
204.56
205.05
205.54
206.04
206.52
207.02
207.51
208.01
208.49
208.98
209.47
209.97
210.46
210.95
211.44
211.94
212.43
212.92
213.41
213.91
214.39
214.89
215.38
215.88
216.36
216.85
217.34
217.84
218.33
218.82
219.31
219.81
220.3
220.79
221.28
221.78
222.26
222.76
223.25
223.75
224.23
224.72
225.22
225.71
226.2
226.69
227.18
227.66
228.1
228.56
229.01
229.44
229.9
230.39
230.89
231.39
231.88
232.4
