0.2
0.67
1.14
1.61
2.07
2.54
3.01
3.48
3.94
4.42
4.89
5.36
5.82
6.29
6.76
7.23
7.7
8.17
8.64
9.11
9.57
10.04
10.51
10.98
11.44
11.92
12.39
12.86
13.32
13.79
14.26
14.73
15.2
15.67
16.14
16.6
17.07
17.54
18.01
18.48
18.95
19.42
19.89
20.35
20.82
21.29
21.76
22.23
22.7
23.17
23.64
24.11
24.57
25.04
25.51
25.97
26.45
26.92
27.39
27.86
28.32
28.79
29.26
29.72
30.2
30.67
31.14
31.6
32.07
32.54
33.01
33.48
33.95
34.42
34.88
35.35
35.82
36.29
36.76
37.23
37.7
38.17
38.64
39.11
39.57
40.04
40.51
40.98
41.45
41.92
42.39
42.85
43.32
43.79
44.26
44.73
45.2
45.67
46.14
46.61
47.08
47.54
48.01
48.48
48.95
49.42
49.89
50.35
50.82
51.29
51.76
52.23
52.7
53.17
53.64
54.11
54.57
55.04
55.51
55.98
56.45
56.92
57.39
57.86
58.32
58.79
59.26
59.73
60.2
60.67
61.14
61.6
62.07
62.54
63.01
63.48
63.95
64.42
64.89
65.36
65.82
66.29
66.76
67.23
67.7
68.17
68.64
69.11
69.57
70.04
70.51
70.98
71.45
71.91
72.38
72.86
73.32
73.79
74.26
74.73
75.2
75.67
76.14
76.6
77.07
77.54
78.01
78.48
78.95
79.42
79.89
80.36
80.82
81.29
81.76
82.23
82.7
83.17
83.64
84.11
84.57
85.04
85.51
85.98
86.45
86.92
87.39
87.85
88.32
88.79
89.26
89.73
90.2
90.67
91.14
91.61
92.07
92.54
93.01
93.48
93.95
94.42
94.89
95.36
95.82
96.29
96.76
97.23
97.7
98.17
98.64
99.1
99.57
100.04
100.51
100.98
101.45
101.92
102.39
102.86
103.33
103.79
104.26
104.73
105.2
105.67
106.14
106.6
107.07
107.54
108.01
108.48
108.95
109.42
109.89
110.35
110.82
111.29
111.76
112.23
112.7
113.18
113.65
114.11
114.57
115.04
115.51
115.98
116.45
116.92
117.39
117.86
118.32
118.79
119.26
119.73
120.2
120.67
121.14
121.6
122.07
122.54
123.01
123.48
123.95
124.42
124.89
125.35
125.82
126.29
126.76
127.23
127.7
128.17
128.64
129.11
129.57
130.04
130.51
130.98
131.45
131.92
132.39
132.86
133.32
133.79
134.26
134.73
135.2
135.67
136.14
136.6
137.07
137.54
138.01
138.48
138.95
139.42
139.89
140.36
140.82
141.29
141.76
142.23
142.7
143.17
143.64
144.11
144.58
145.04
145.51
145.98
146.44
146.92
147.39
147.85
148.32
148.79
149.26
149.74
150.2
150.67
151.14
151.6
152.08
152.54
153.01
153.48
153.95
154.42
154.89
155.35
155.82
156.29
156.76
157.23
157.7
158.17
158.63
159.09
159.57
160.04
160.51
160.98
161.45
161.92
162.39
162.85
163.32
163.79
164.27
164.72
165.19
165.67
166.15
166.61
167.06
167.54
168.0
168.48
168.95
169.42
169.89
170.36
170.82
171.29
171.76
172.23
172.7
173.17
173.64
174.1
174.57
175.04
175.51
175.98
176.45
176.92
177.39
177.86
178.33
178.79
179.26
179.73
180.2
180.67
181.14
181.61
182.07
182.54
183.01
183.48
183.95
184.42
184.89
185.36
185.82
186.29
186.76
187.23
187.7
188.17
188.64
189.11
189.57
190.04
190.51
190.98
191.45
191.92
192.39
192.86
193.32
193.79
194.26
194.73
195.2
195.67
196.14
196.61
197.07
197.54
198.01
198.48
198.95
199.42
199.89
200.36
200.83
201.3
201.76
202.24
202.7
203.17
203.66
204.12
204.58
205.06
205.52
206.0
206.47
206.91
207.39
207.85
208.33
208.79
209.27
209.72
210.19
210.67
211.13
211.6
212.07
212.54
213.01
213.49
213.96
214.43
214.9
215.37
215.84
216.32
216.8
217.29
217.78
218.25
218.74
219.2
219.68
220.16
