0.43
0.9
1.37
1.84
2.31
2.78
3.24
3.71
4.18
4.65
5.12
5.59
6.06
6.53
6.99
7.46
7.93
8.4
8.87
9.34
9.81
10.27
10.74
11.2
11.68
12.15
12.62
13.09
13.56
14.03
14.5
14.96
15.42
15.9
16.37
16.84
17.31
17.77
18.24
18.71
19.19
19.65
20.12
20.59
21.06
21.53
21.99
22.46
22.93
23.4
23.87
24.34
24.81
25.27
25.74
26.21
26.68
27.15
27.61
28.08
28.56
29.02
29.49
29.96
30.43
30.9
31.37
31.83
32.3
32.77
33.24
33.71
34.18
34.65
35.11
35.59
36.06
36.52
36.99
37.46
37.93
38.4
38.87
39.33
39.8
40.27
40.74
41.21
41.68
42.15
42.62
43.08
43.55
44.02
44.49
44.96
45.43
45.9
46.37
46.83
47.3
47.77
48.24
48.71
49.18
49.65
50.12
50.59
51.05
51.49
51.96
52.44
52.92
53.38
53.85
54.32
54.78
55.27
55.74
56.19
56.67
57.15
57.62
58.09
58.55
59.02
59.49
59.96
60.43
60.9
61.37
61.83
62.3
62.77
63.24
63.71
64.17
64.65
65.12
65.58
66.05
66.52
66.99
67.46
67.93
68.4
68.87
69.33
69.8
70.27
70.74
71.21
71.68
72.15
72.62
73.09
73.55
74.02
74.49
74.96
75.43
75.9
76.37
76.83
77.31
77.77
78.24
78.71
79.18
79.65
80.12
80.59
81.05
81.52
81.99
82.46
82.93
83.4
83.87
84.34
84.81
85.27
85.74
86.21
86.68
87.15
87.62
88.09
88.55
89.02
89.49
89.96
90.43
90.9
91.37
91.84
92.31
92.77
93.24
93.71
94.18
94.65
95.12
95.59
96.06
96.52
96.99
97.46
97.93
98.4
98.87
99.34
99.81
100.27
100.74
101.21
101.68
102.15
102.62
103.09
103.55
104.02
104.49
104.96
105.43
105.9
106.37
106.84
107.3
107.77
108.24
108.71
109.18
109.65
110.12
110.58
111.06
111.52
111.99
112.46
112.93
113.4
113.87
114.33
114.81
115.27
115.74
116.2
116.68
117.15
117.62
118.08
118.55
119.02
119.49
119.96
120.43
120.9
121.37
121.83
122.3
122.77
123.24
123.71
124.18
124.65
125.12
125.59
126.05
126.52
126.99
127.46
127.93
128.4
128.86
129.33
129.81
130.27
130.74
131.21
131.68
132.16
132.61
133.1
133.57
134.04
134.49
134.96
135.45
135.94
136.42
136.88
137.34
137.81
138.25
138.72
139.19
139.66
140.12
140.58
141.06
141.54
142.0
142.47
142.93
143.4
143.87
144.34
144.8
145.27
145.74
146.21
146.68
147.15
147.62
148.08
148.55
149.02
149.49
149.96
150.43
150.9
151.37
151.84
152.3
152.77
153.24
153.71
154.18
154.65
155.12
155.59
156.06
156.52
156.99
157.46
157.93
158.4
158.87
159.33
159.81
160.27
160.74
161.21
161.68
162.15
162.62
163.08
163.55
164.02
164.49
164.96
165.43
165.9
166.37
166.84
167.3
167.77
168.24
168.71
169.16
169.6
170.05
170.49
170.94
