0.2
0.82
1.44
2.04
2.64
3.25
3.86
4.46
5.06
5.68
6.29
6.89
7.48
8.09
8.7
9.32
9.91
10.52
11.14
11.73
12.34
12.95
13.54
14.17
14.76
15.38
15.98
16.58
17.21
17.79
18.42
19.02
19.6
20.2
20.82
21.43
22.03
22.64
23.24
23.85
24.43
25.05
25.66
26.29
26.87
27.48
28.08
28.68
29.29
29.89
30.5
31.1
31.71
32.32
32.92
33.53
34.13
34.74
35.35
35.95
36.56
37.16
37.77
38.37
38.98
39.58
40.2
40.8
41.4
42.01
42.62
43.22
43.83
44.43
45.04
45.64
46.25
46.86
47.47
48.07
48.68
49.28
49.89
50.49
51.1
51.7
52.31
52.91
53.52
54.13
54.74
55.34
55.95
56.55
57.16
57.76
58.37
58.97
59.59
60.18
60.79
61.4
62.01
62.61
63.22
63.82
64.43
65.03
65.64
66.24
66.85
67.45
68.06
68.67
69.27
69.88
70.48
71.09
71.7
72.3
72.91
73.51
74.12
74.72
75.33
75.94
76.54
77.15
77.75
78.36
78.97
79.57
80.18
80.78
81.39
81.99
82.6
83.21
83.81
84.42
85.02
85.63
86.24
86.84
87.45
88.05
88.66
89.26
89.87
90.48
91.09
91.69
92.3
92.9
93.51
94.11
94.72
95.32
95.93
96.54
97.15
97.75
98.36
98.96
99.57
100.17
100.78
101.38
101.99
102.59
103.2
103.8
104.41
105.02
105.63
106.23
106.84
107.43
108.05
108.65
109.26
109.86
110.47
111.07
111.68
112.29
112.89
113.5
114.1
114.71
115.32
115.92
116.53
117.13
117.74
118.34
118.95
119.56
120.16
120.77
121.38
121.98
122.58
123.19
123.8
124.41
125.01
125.62
126.24
126.86
127.46
128.04
128.65
129.28
129.89
130.5
131.08
131.68
132.26
132.88
133.5
134.12
134.73
135.32
135.93
136.53
137.13
137.74
138.35
138.95
139.56
140.16
140.77
141.37
141.98
142.58
143.18
143.81
144.41
145.0
145.61
146.22
146.82
147.42
148.03
148.64
149.25
149.85
150.46
151.06
151.67
152.27
152.88
153.48
154.09
154.7
155.3
155.91
156.52
157.12
157.73
158.33
158.94
159.54
160.15
160.75
161.36
161.96
162.57
163.18
163.78
164.39
165.0
165.6
166.21
166.81
167.42
168.02
168.63
169.24
169.84
170.45
171.06
171.66
172.27
172.87
173.48
174.08
174.69
175.3
175.9
176.5
177.12
177.72
178.33
178.93
179.54
180.14
180.75
181.35
181.96
182.57
183.17
183.77
184.39
184.99
185.6
186.2
186.81
187.41
188.02
188.62
189.23
189.83
190.44
191.05
191.66
192.26
192.86
193.47
194.08
194.68
195.29
195.89
196.5
197.1
197.72
198.32
198.93
199.54
200.14
200.75
201.36
201.96
202.56
203.17
203.78
204.41
205.08
205.83
206.56
207.28
207.95
208.66
209.41
210.11
210.79
211.52
