0.35
0.73
1.12
1.53
1.9
2.31
2.69
3.08
3.46
3.87
4.24
4.65
5.02
5.41
5.8
6.21
6.59
6.98
7.38
7.75
8.15
8.53
8.93
9.31
9.71
10.1
10.48
10.88
11.27
11.65
12.05
12.44
12.83
13.22
13.61
14.01
14.4
14.77
15.17
15.57
15.95
16.35
16.72
17.11
17.5
17.9
18.28
18.68
19.08
19.47
19.84
20.24
20.62
21.01
21.42
21.81
22.19
22.59
22.98
23.37
23.76
24.16
24.55
24.96
25.35
25.76
26.15
26.52
26.93
27.3
27.69
28.09
28.47
28.88
29.27
29.65
30.04
30.4
30.77
31.13
31.52
31.91
32.3
32.69
33.08
33.47
33.87
34.25
34.64
35.03
35.41
35.81
36.2
36.59
36.99
37.36
37.76
38.16
38.55
38.94
39.33
39.71
40.09
40.49
40.89
41.27
41.65
42.03
42.39
42.78
43.17
43.57
43.99
44.38
44.77
45.16
45.53
45.92
46.33
46.72
47.1
47.5
47.88
48.27
48.66
49.06
49.44
49.83
50.22
50.61
51.0
51.39
51.79
52.17
52.56
52.95
53.34
53.73
54.12
54.51
54.9
55.29
55.68
56.07
56.46
56.84
57.23
57.62
58.01
58.4
58.79
59.19
59.57
59.96
60.35
60.74
61.13
61.52
61.92
62.3
62.69
63.08
63.47
63.86
64.25
64.64
65.03
65.42
65.81
66.2
66.59
66.98
67.37
67.76
68.16
68.54
68.93
69.31
69.7
70.09
70.48
70.87
71.26
71.65
72.04
72.43
72.82
73.21
73.6
73.99
74.38
74.77
75.17
75.56
75.94
76.34
76.73
77.12
77.49
77.89
78.28
78.67
79.05
79.46
79.84
80.23
80.61
80.99
81.39
81.78
82.17
82.56
82.95
83.34
83.73
84.12
84.51
84.9
85.29
85.68
86.07
86.46
86.85
87.24
87.63
88.03
88.41
88.79
89.18
89.57
89.96
90.35
90.74
91.13
91.52
91.91
92.33
92.72
93.12
93.5
93.86
94.25
94.64
95.03
95.42
95.81
96.2
96.59
96.98
97.37
97.76
98.14
98.54
98.93
99.31
99.71
100.1
100.48
100.87
101.26
101.65
102.04
102.43
102.82
103.21
103.63
104.04
104.42
104.8
105.16
105.55
105.94
106.33
106.72
107.1
107.51
107.9
108.29
108.67
109.07
109.45
109.84
110.22
110.62
111.01
111.41
111.78
112.19
112.56
112.96
113.34
113.73
114.11
114.51
114.9
115.29
115.68
116.08
116.47
116.89
117.27
117.67
118.03
118.43
118.8
119.18
119.56
119.96
120.35
120.74
121.13
121.53
121.91
122.3
122.69
123.08
123.47
123.86
124.26
124.64
125.03
125.42
125.81
126.2
126.59
126.98
127.36
127.76
128.15
128.53
128.93
129.31
129.7
130.09
130.5
130.87
131.27
131.67
132.04
132.43
132.82
133.21
133.6
134.0
134.38
134.77
135.16
135.54
135.93
136.33
136.72
137.12
137.5
137.89
138.28
138.66
139.06
139.44
139.83
140.22
140.62
141.0
141.39
141.78
142.17
142.56
142.95
143.34
143.73
144.12
144.51
144.9
145.28
145.68
146.07
146.46
146.85
147.24
147.63
148.01
148.41
148.8
149.18
149.57
149.97
150.35
150.75
151.13
151.52
151.91
152.31
152.7
153.09
153.48
153.86
154.23
154.64
155.02
155.41
155.8
156.2
156.58
156.97
157.36
157.75
158.14
158.53
158.91
159.31
159.7
160.09
160.48
160.87
161.25
161.65
162.04
162.43
162.82
163.21
163.6
163.98
164.38
164.77
165.16
165.55
165.93
166.32
166.72
167.11
167.5
167.89
168.29
168.66
169.06
169.44
169.83
170.22
170.61
171.0
171.39
171.78
172.17
172.56
172.95
173.34
173.76
174.16
174.53
174.9
175.3
175.68
176.1
176.49
176.88
177.24
177.63
178.02
178.42
178.79
179.2
179.58
179.98
180.35
180.75
181.13
181.52
181.91
182.3
182.69
183.08
183.47
183.86
184.25
184.64
185.03
185.41
185.81
186.2
186.59
186.98
187.37
187.77
188.15
188.55
188.94
189.33
189.71
190.09
190.49
190.88
191.27
191.66
192.04
192.44
192.84
193.21
193.6
193.98
194.38
194.77
195.16
195.56
195.94
196.33
196.72
197.12
197.5
197.88
198.27
198.66
199.05
199.44
199.84
200.22
200.61
201.0
201.39
201.78
202.17
202.56
202.95
203.34
203.73
204.12
204.51
204.9
205.29
205.68
206.07
206.46
206.85
207.23
207.62
208.02
208.4
208.8
209.19
209.57
209.97
210.35
210.74
211.13
211.52
211.91
212.3
212.68
213.08
213.46
213.86
214.25
214.64
215.03
215.42
215.81
216.19
216.58
216.96
217.35
217.75
218.14
218.54
218.92
219.31
219.7
220.09
220.48
220.87
221.26
221.65
222.04
222.42
222.82
223.21
223.6
223.99
224.38
224.76
225.17
225.55
225.93
226.32
226.71
227.11
227.5
227.89
228.29
228.66
229.06
229.44
229.84
230.22
230.61
231.02
231.39
231.78
232.17
232.56
232.96
