0.02
0.44
0.84
1.27
1.64
2.01
2.39
2.75
3.13
3.47
3.85
4.2
4.56
4.89
5.25
5.57
5.91
6.27
6.66
7.03
7.4
7.75
8.14
8.51
8.88
9.23
9.63
10.01
10.38
10.78
11.17
11.56
11.95
12.31
12.67
13.04
13.41
13.8
14.19
14.57
14.93
15.33
15.7
16.05
16.42
16.79
17.18
17.53
17.9
18.28
18.66
19.02
19.38
19.78
20.16
20.52
20.9
21.3
21.66
22.03
22.4
22.79
23.14
23.52
23.9
24.27
24.62
25.01
25.36
25.75
26.12
26.5
26.87
27.24
27.61
27.99
28.36
28.72
29.11
29.5
29.87
30.24
30.62
31.0
31.36
31.75
32.11
32.49
32.87
33.24
33.62
33.99
34.37
34.75
35.12
35.5
35.87
36.24
36.62
37.0
37.37
37.75
38.12
38.49
38.87
39.24
39.62
40.0
40.37
40.75
41.12
41.5
41.87
42.24
42.61
43.0
43.36
43.75
44.12
44.5
44.87
45.24
45.62
46.0
46.36
46.75
47.12
47.5
47.87
48.24
48.62
49.0
49.37
49.75
50.11
50.5
50.87
51.24
51.61
51.99
52.36
52.74
53.11
53.5
53.85
54.24
54.61
54.98
55.36
55.74
56.11
56.5
56.87
57.24
57.61
57.99
58.36
58.75
59.11
59.5
59.86
60.24
60.62
60.99
61.36
61.75
62.11
62.5
62.87
63.24
63.62
63.99
64.36
64.74
65.11
65.5
65.87
66.24
66.61
66.99
67.36
67.75
68.11
68.5
68.87
69.24
69.61
69.99
70.36
70.74
71.12
71.5
71.87
72.24
72.62
72.99
73.36
73.75
74.11
74.5
74.87
75.24
75.61
75.99
76.36
76.74
77.11
77.5
77.87
78.24
78.61
78.99
79.36
79.75
80.11
80.5
80.87
81.24
81.62
82.0
82.36
82.74
83.12
83.5
83.87
84.24
84.62
85.0
85.36
85.75
86.11
86.5
86.87
87.23
87.61
87.99
88.36
88.74
89.11
89.5
89.87
90.24
90.61
90.99
91.36
91.75
92.11
92.5
92.87
93.23
93.61
93.99
94.36
94.74
95.12
95.5
95.87
96.24
96.62
96.99
97.36
97.73
98.11
98.51
98.86
99.23
99.61
99.98
100.36
100.74
101.11
101.49
101.86
102.23
102.61
103.0
103.36
103.74
104.12
104.51
104.87
105.23
105.61
105.99
106.36
106.75
107.12
107.5
107.87
108.25
108.64
109.02
109.37
109.75
110.11
110.49
110.87
111.24
111.61
111.99
112.36
112.74
113.11
113.5
113.87
114.23
114.61
114.99
115.36
115.75
116.11
116.49
116.87
117.23
117.61
118.0
118.36
118.75
119.12
119.5
119.87
120.23
120.61
121.0
121.36
121.75
122.11
122.49
122.87
123.23
123.61
123.99
124.36
124.74
125.11
125.5
125.87
126.23
126.61
127.0
127.36
127.75
128.11
128.49
128.87
129.23
129.61
130.0
130.36
130.75
131.11
131.49
131.87
132.23
132.61
133.0
133.36
133.75
134.11
134.49
134.87
135.23
135.61
135.99
136.36
136.75
137.11
137.5
137.87
138.23
138.61
139.0
139.36
139.75
140.11
140.49
140.87
141.23
141.61
141.99
142.36
142.75
143.11
143.5
143.87
144.23
144.61
145.0
145.36
145.75
146.11
146.49
146.86
147.23
147.61
147.99
148.36
148.75
149.11
149.5
149.87
150.23
150.61
151.0
151.36
151.75
152.11
152.49
152.87
153.23
153.61
153.99
154.36
154.75
155.12
155.5
155.87
156.23
156.61
156.99
157.36
157.71
158.1
158.49
158.86
159.23
159.6
159.98
160.36
160.73
161.1
161.5
161.87
162.23
162.6
162.99
163.36
163.75
164.11
164.5
164.87
165.23
165.6
165.97
166.36
166.74
167.11
167.5
167.86
168.23
168.61
168.98
169.36
169.74
170.1
170.49
170.87
171.23
171.61
171.98
172.36
172.74
173.11
173.5
173.87
174.23
174.61
174.99
175.36
175.74
176.11
176.5
176.87
177.23
177.61
177.99
178.36
178.75
179.11
179.49
179.87
180.23
180.61
180.99
181.36
181.74
182.11
182.49
182.87
183.23
183.61
183.99
184.36
184.74
185.1
185.49
185.87
186.23
186.61
186.99
187.36
187.74
188.11
188.5
188.87
189.23
189.61
189.99
190.36
190.74
191.11
191.49
191.87
192.23
192.61
192.98
193.35
193.74
194.1
194.49
194.86
195.23
195.61
195.98
196.36
196.74
197.1
197.5
197.86
198.23
198.6
198.98
199.35
199.73
200.1
200.49
200.87
201.23
201.6
201.99
202.35
202.74
203.11
203.49
203.87
204.23
204.61
205.0
205.38
205.74
206.11
206.48
206.86
207.23
207.61
207.99
208.36
208.74
209.11
209.49
209.85
210.23
210.61
211.0
211.38
211.74
212.12
212.51
212.87
213.24
213.61
214.0
214.36
214.73
215.11
215.48
215.84
216.23
216.61
216.98
217.35
217.75
218.11
218.49
218.84
219.23
219.61
219.99
220.35
220.74
221.11
221.49
221.85
222.23
222.61
222.96
223.35
223.74
224.11
224.49
224.85
225.23
225.61
225.98
226.35
226.75
227.13
227.5
227.87
228.26
228.64
229.01
229.36
229.74
230.1
230.48
230.86
231.23
231.61
231.99
232.35
232.72
233.1
233.49
233.86
234.23
234.61
234.99
235.35
235.74
236.1
236.48
236.87
237.23
237.61
237.99
238.35
238.74
239.11
239.49
239.87
240.23
240.61
240.98
241.35
241.74
242.1
242.48
242.86
243.23
243.61
243.99
244.35
244.73
245.11
245.49
245.86
246.23
246.6
246.99
247.35
247.74
248.1
248.49
248.86
249.23
249.6
249.98
250.35
250.74
251.11
251.49
251.87
252.23
252.61
252.99
253.36
253.75
254.11
254.49
254.86
255.23
255.61
255.99
256.36
256.75
257.11
257.5
257.88
258.24
258.62
259.0
259.36
259.75
260.12
260.5
260.87
261.24
261.62
262.0
262.37
262.76
263.12
263.51
263.89
264.25
264.63
265.02
265.38
265.77
266.13
266.51
266.89
267.25
267.64
268.02
268.38
268.77
269.14
269.52
269.9
270.26
270.65
271.03
271.39
271.78
272.15
272.53
272.91
273.27
273.65
274.04
274.4
274.79
275.16
275.54
275.92
276.28
276.67
277.04
277.41
277.79
278.16
278.55
278.92
279.3
279.67
280.05
280.43
280.81
281.18
281.56
281.94
282.32
282.7
283.07
283.44
283.82
284.2
284.58
284.96
285.33
285.71
286.09
286.47
286.84
287.22
287.6
287.98
288.36
288.74
289.11
289.49
