0.15
0.64
1.1
1.59
2.1
2.57
3.05
3.52
4.0
4.48
4.95
5.43
5.91
6.38
6.86
7.33
7.81
8.29
8.76
9.24
9.72
10.19
10.67
11.14
11.62
12.09
12.57
13.05
13.53
14.0
14.48
14.95
15.43
15.9
16.38
16.86
17.33
17.81
18.29
18.76
19.24
19.71
20.19
20.67
21.14
21.62
22.1
22.57
23.05
23.52
24.0
24.48
24.95
25.43
25.91
26.38
26.86
27.33
27.81
28.29
28.76
29.24
29.72
30.19
30.67
31.14
31.62
32.1
32.57
33.05
33.53
34.0
34.48
34.95
35.43
35.91
36.38
36.86
37.33
37.81
38.29
38.76
39.24
39.71
40.19
40.67
41.14
41.62
42.1
42.57
43.05
43.52
44.0
44.48
44.95
45.43
45.91
46.38
46.86
47.34
47.82
48.29
48.77
49.25
49.72
50.2
50.68
51.15
51.62
52.09
52.58
53.06
53.53
54.01
54.47
54.96
55.43
55.91
56.4
56.87
57.36
57.82
58.29
58.77
59.24
59.72
60.21
60.68
61.15
61.62
62.1
62.58
63.05
63.52
64.0
64.48
64.95
65.43
65.91
66.38
66.86
67.33
67.81
68.29
68.76
69.24
69.71
70.19
70.67
71.14
71.62
72.1
72.57
73.05
73.52
74.0
74.48
74.95
75.43
75.91
76.38
76.86
77.33
77.81
78.29
78.76
79.24
79.72
80.19
80.67
81.15
81.62
82.1
82.57
83.05
83.52
84.0
84.48
84.95
85.43
85.91
86.38
86.86
87.33
87.81
88.28
88.76
89.24
89.72
90.19
90.67
91.14
91.62
92.1
92.57
93.05
93.53
94.0
94.48
94.95
95.43
95.9
96.38
96.86
97.33
97.81
98.29
98.76
99.24
99.71
100.19
100.67
101.14
101.62
102.1
102.57
103.05
103.52
104.0
104.48
104.95
105.43
105.9
106.38
106.86
107.33
107.81
108.29
108.77
109.24
109.72
110.2
110.67
111.15
111.62
112.1
112.57
113.04
113.53
114.01
114.48
114.96
115.42
115.9
116.38
116.86
117.34
117.82
118.31
118.77
119.25
119.72
120.2
120.67
121.15
121.63
122.1
122.58
123.05
123.53
124.0
124.48
124.95
125.43
125.91
126.38
126.86
127.34
127.81
128.29
128.76
129.24
129.72
130.19
130.67
131.15
131.62
132.09
132.57
133.05
133.53
134.0
134.48
134.96
135.43
135.91
136.38
136.86
137.34
137.81
138.29
138.77
139.25
139.72
140.22
140.67
141.15
141.63
142.11
142.58
143.06
143.53
144.03
144.49
144.98
145.45
145.91
146.38
146.86
147.34
147.81
148.29
148.76
149.24
149.72
150.19
150.67
151.14
151.62
152.1
152.57
153.05
153.52
154.0
154.48
154.95
155.43
155.91
156.38
156.86
157.34
157.81
158.29
158.76
159.24
159.72
160.19
160.67
161.14
161.62
162.1
162.57
163.05
163.53
164.0
164.48
164.95
165.43
165.91
166.38
166.86
167.34
167.81
168.29
168.76
169.24
169.72
170.19
170.67
171.14
171.62
172.09
172.57
173.05
173.53
174.0
174.48
174.95
175.43
175.91
176.38
176.86
177.34
177.81
178.29
178.76
179.24
179.71
180.19
180.67
181.14
181.62
182.1
182.57
183.05
183.53
184.0
184.48
184.95
185.43
185.91
186.38
186.86
187.33
187.81
188.29
188.76
189.24
189.72
190.19
190.67
191.14
191.62
192.1
192.57
193.05
193.53
194.0
194.48
194.95
195.43
195.91
196.38
196.86
197.33
197.81
198.29
198.76
199.24
199.71
