0.39
0.88
1.37
1.85
2.35
2.84
3.34
3.82
4.31
4.81
5.31
5.78
6.27
6.77
7.26
7.74
8.23
8.73
9.23
9.71
10.21
10.71
11.19
11.67
12.16
12.65
13.13
13.63
14.13
14.64
15.13
15.61
16.11
16.61
17.11
17.61
18.1
18.6
19.08
19.58
20.06
20.56
21.04
21.54
22.02
22.53
23.01
23.51
24.0
24.5
25.0
25.47
25.95
26.45
26.94
27.42
27.91
28.4
28.9
29.38
29.86
30.36
30.85
31.34
31.84
32.32
32.81
33.3
33.78
34.29
34.78
35.26
35.77
36.26
36.74
37.23
37.72
38.22
38.71
39.21
39.71
40.19
40.68
41.17
41.66
42.16
42.65
43.15
43.65
44.13
44.61
45.11
45.6
46.1
46.58
47.08
47.58
48.06
48.55
49.04
49.54
50.04
50.55
51.03
51.52
52.02
52.53
53.0
53.51
54.0
54.48
54.97
55.47
55.97
56.46
56.95
57.44
57.93
58.43
58.92
59.41
59.91
60.4
60.88
61.37
61.87
62.35
62.84
63.33
63.83
64.33
64.82
65.3
65.82
66.31
66.8
67.27
67.77
68.26
68.75
69.24
69.73
70.22
70.7
71.18
71.67
72.17
72.66
73.16
73.65
74.13
74.62
75.11
75.6
76.1
76.58
77.09
77.57
78.06
78.54
79.02
79.52
80.01
80.5
81.0
81.48
81.97
82.46
82.96
83.45
83.95
84.44
84.94
85.42
85.91
86.4
86.89
87.38
87.87
88.37
88.86
89.36
89.85
90.34
90.82
91.31
91.81
92.29
92.79
93.29
93.78
94.27
94.75
95.25
95.74
96.24
96.72
97.22
97.7
98.21
98.69
99.18
99.67
100.17
100.65
101.15
101.64
102.14
102.62
103.12
103.61
104.1
104.59
105.09
105.58
106.07
106.54
107.04
107.54
108.03
108.53
108.99
109.5
110.0
110.52
111.03
111.52
112.02
112.5
113.0
113.49
113.99
114.48
114.97
115.47
115.95
116.44
116.93
117.42
117.91
118.39
118.88
119.37
119.87
120.36
120.86
121.35
121.85
122.34
122.84
123.32
123.82
124.31
124.81
125.29
125.79
126.28
126.77
127.26
127.75
128.24
128.74
129.22
129.71
130.2
130.7
131.19
131.68
132.18
132.68
133.18
133.68
134.17
134.65
135.14
135.62
136.12
136.61
137.1
137.59
138.09
138.57
139.06
139.55
140.02
140.54
141.03
141.52
142.02
142.51
142.99
143.49
143.97
144.47
144.95
145.44
145.94
146.42
146.92
147.4
147.88
148.38
148.87
149.36
149.86
150.34
150.83
151.32
151.81
152.29
152.8
153.29
153.79
154.28
154.77
155.25
155.75
156.25
156.74
157.24
157.73
158.21
158.7
159.19
159.68
160.17
160.66
161.15
161.65
162.15
162.64
163.14
163.63
164.12
164.61
165.1
165.58
166.08
166.57
167.06
167.56
168.05
168.54
169.04
169.53
170.03
170.51
171.01
171.5
172.0
172.49
172.98
173.47
173.96
174.45
174.94
175.44
175.95
176.44
176.95
177.44
177.93
178.41
178.91
179.39
179.89
180.39
180.87
181.34
181.83
182.33
182.82
183.33
183.8
184.29
184.76
185.24
185.74
186.23
186.72
187.22
187.7
188.18
188.66
189.12
189.59
190.07
190.57
191.05
191.53
191.99
192.49
192.95
193.44
193.91
194.39
194.87
