0.27
0.68
1.12
1.54
1.96
2.38
2.79
3.2
3.62
4.04
4.45
4.87
5.28
5.7
6.11
6.52
6.95
7.37
7.79
8.2
8.61
9.04
9.45
9.87
10.28
10.69
11.11
11.53
11.94
12.36
12.78
13.21
13.63
14.03
14.45
14.88
15.28
15.7
16.11
16.53
16.94
17.36
17.78
18.2
18.62
19.04
19.45
19.87
20.28
20.7
21.12
21.53
21.95
22.37
22.78
23.2
23.61
24.02
24.45
24.87
25.28
25.7
26.11
26.52
26.93
27.36
27.78
28.2
28.61
29.03
29.44
29.86
30.27
30.69
31.11
31.53
31.95
32.37
32.77
33.19
33.61
34.03
34.45
34.86
35.28
35.71
36.12
36.53
36.94
37.35
37.77
38.19
38.61
39.03
39.44
39.85
40.27
40.69
41.11
41.53
41.94
42.37
42.78
43.2
43.62
44.02
44.45
44.87
45.29
45.7
46.11
46.53
46.95
47.36
47.79
48.2
48.62
49.04
49.45
49.86
50.28
50.69
51.12
51.53
51.95
52.37
52.78
53.2
53.61
54.04
54.45
54.86
55.28
55.71
56.12
56.53
56.94
57.36
57.77
58.19
58.62
59.04
59.46
59.87
60.29
60.71
61.12
61.53
61.95
62.37
62.78
63.19
63.6
64.03
64.45
64.87
65.28
65.7
66.11
66.53
66.95
67.36
67.78
68.21
68.62
69.05
69.45
69.86
70.27
70.69
71.11
71.52
71.95
72.36
72.77
73.19
73.61
74.03
74.44
74.85
75.28
75.7
76.12
76.53
76.95
77.37
77.79
78.2
78.62
79.04
79.45
79.86
80.27
80.69
81.11
81.54
81.94
82.38
82.8
83.2
83.62
84.03
84.45
84.86
85.27
85.7
86.11
86.53
86.95
87.36
87.78
88.2
88.61
89.02
89.44
89.83
90.27
90.69
91.1
91.53
91.94
92.35
92.77
93.18
93.61
94.03
94.44
94.87
95.28
95.7
96.12
96.53
96.95
97.37
97.78
98.2
98.61
99.03
99.44
99.87
100.28
100.69
101.1
101.5
101.93
102.36
102.78
103.19
103.62
104.03
104.44
104.88
105.29
105.7
106.12
106.52
106.94
107.35
107.77
108.2
108.61
109.03
109.45
109.87
110.28
110.7
111.11
111.53
111.95
112.36
112.78
113.19
113.61
114.03
114.45
114.87
115.28
115.7
116.12
116.54
116.95
117.37
117.78
118.19
118.61
119.03
119.45
119.87
120.28
120.7
121.11
121.53
121.95
122.36
122.78
123.21
123.61
124.03
124.45
124.87
125.29
125.7
126.12
126.53
126.94
127.36
127.77
128.2
128.61
129.03
129.45
129.87
130.28
130.7
131.11
131.53
131.95
132.36
132.78
133.21
133.61
134.03
134.45
134.87
135.28
135.7
136.12
136.54
136.95
137.37
137.79
138.2
138.62
139.03
139.45
139.87
140.28
140.7
141.11
141.52
141.95
142.36
142.78
143.2
143.61
144.04
144.45
144.86
145.28
145.69
146.12
146.53
146.95
147.37
147.78
148.19
148.61
149.04
149.45
149.87
150.28
150.7
151.11
151.53
151.95
152.36
152.77
153.19
153.6
154.02
154.44
154.86
155.28
155.69
156.11
156.53
156.95
157.37
157.78
158.19
158.62
159.04
159.44
159.87
160.28
160.69
161.13
161.55
161.95
162.39
162.81
163.21
163.63
164.07
164.47
164.89
165.33
