0.05
0.7
1.36
2.03
2.69
3.35
4.0
4.67
5.33
5.98
6.65
7.29
7.94
8.61
9.24
9.92
10.56
11.22
11.88
12.54
13.2
13.86
14.52
15.17
15.84
16.49
17.15
17.81
18.47
19.13
19.79
20.45
21.11
21.77
22.45
23.09
23.75
24.41
25.09
25.72
26.4
27.04
27.73
28.36
29.05
29.68
30.35
31.0
31.66
32.32
32.97
33.64
34.3
34.95
35.61
36.27
36.94
37.59
38.26
38.91
39.57
40.23
40.88
41.55
42.21
42.87
43.54
44.19
44.85
45.51
46.16
46.82
47.49
48.14
48.81
49.46
50.12
50.78
51.44
52.1
52.76
53.42
54.08
54.74
55.4
56.05
56.71
57.37
58.03
58.69
59.35
60.01
60.67
61.33
61.99
62.65
63.31
63.97
64.63
65.29
65.95
66.6
67.26
67.92
68.58
69.24
69.9
70.56
71.22
71.88
72.54
73.2
73.86
74.52
75.2
75.83
76.52
77.15
77.8
78.47
79.14
79.79
80.48
81.11
81.8
82.43
83.07
83.75
84.41
85.07
85.75
86.38
87.05
87.73
88.34
89.02
89.68
90.34
91.0
91.66
92.32
92.98
93.64
94.3
94.96
95.62
96.28
96.93
97.59
98.25
98.91
99.57
100.23
100.89
101.55
102.21
102.87
103.53
104.19
104.85
105.51
106.16
106.82
107.48
108.14
108.8
109.46
110.12
110.78
111.44
112.1
112.76
113.42
114.08
114.74
115.39
116.06
116.71
117.37
118.03
118.69
119.35
120.01
120.67
121.33
121.99
122.65
123.31
123.97
124.63
125.28
125.95
126.61
127.26
127.91
128.58
129.27
129.9
130.57
131.22
131.91
132.54
133.23
133.86
134.54
135.18
135.85
136.49
137.15
137.81
138.47
139.13
139.79
140.45
141.11
141.77
142.43
143.09
143.75
144.4
145.06
145.72
146.38
147.04
147.7
148.36
149.03
149.68
150.34
151.0
151.67
152.32
152.98
153.64
154.31
154.96
155.62
156.28
156.95
157.61
158.25
158.92
159.6
160.24
160.91
161.59
162.22
162.91
163.53
164.22
164.89
165.52
166.18
166.85
167.48
168.15
168.8
169.46
170.12
170.78
171.44
172.1
172.76
173.42
174.08
174.74
175.4
176.05
176.73
177.4
178.02
178.72
179.35
180.0
180.62
