0.06
0.52
0.98
1.45
1.91
2.36
2.83
3.29
3.75
4.22
4.68
5.13
5.6
6.06
6.52
6.99
7.45
7.91
8.37
8.83
9.29
9.75
10.21
10.68
11.14
11.6
12.06
12.52
12.98
13.44
13.91
14.37
14.83
15.29
15.75
16.22
16.68
17.14
17.6
18.06
18.52
18.99
19.45
19.91
20.37
20.83
21.29
21.76
22.21
22.68
23.14
23.6
24.06
24.52
24.98
25.45
25.91
26.36
26.83
27.29
27.75
28.2
28.67
29.14
29.6
30.06
30.52
30.99
31.45
31.91
32.37
32.83
33.29
33.75
34.21
34.68
35.14
35.6
36.06
36.52
36.98
37.45
37.91
38.37
38.83
39.29
39.75
40.22
40.68
41.14
41.6
42.07
42.52
42.99
43.45
43.91
44.38
44.83
45.29
45.75
46.21
46.68
47.14
47.58
48.05
48.52
48.97
49.44
49.91
50.37
50.83
51.29
51.76
52.22
52.67
53.14
53.6
54.06
54.52
54.98
55.44
55.91
56.37
56.83
57.29
57.75
58.21
58.68
59.14
59.59
60.05
60.52
60.97
61.45
61.9
62.36
62.83
63.28
63.74
64.21
64.67
65.14
65.59
66.06
66.53
66.98
67.44
67.9
68.36
68.83
69.29
69.75
70.22
70.67
71.13
71.6
72.05
72.52
72.98
73.44
73.91
74.37
74.83
75.29
75.75
76.21
76.68
77.14
77.6
78.06
78.52
78.99
79.45
79.91
80.37
80.84
81.29
81.75
82.21
82.68
83.14
83.6
84.06
84.52
84.98
85.45
85.91
86.37
86.83
87.29
87.75
88.22
88.68
89.14
89.6
90.07
90.52
90.99
91.45
91.91
92.37
92.83
93.29
93.76
94.22
94.68
95.14
95.6
96.06
96.52
96.98
97.45
97.91
98.37
98.83
99.3
99.75
100.22
100.68
101.14
101.6
102.05
102.52
102.99
103.44
103.91
104.37
104.83
105.29
105.75
106.21
106.68
107.14
107.6
108.06
108.52
108.98
109.45
109.91
110.37
110.83
111.29
111.75
112.21
112.68
113.14
113.6
114.06
114.52
114.98
115.45
115.91
116.37
116.83
117.29
117.75
118.21
118.68
119.14
119.6
120.06
120.53
120.98
121.45
121.91
122.37
122.83
123.29
123.75
124.22
124.68
125.14
125.6
126.06
126.52
126.99
127.45
127.91
128.37
128.83
129.29
129.76
130.22
130.68
131.14
131.6
132.08
132.54
132.98
133.44
133.91
134.37
134.83
135.29
135.75
136.2
136.67
137.13
137.59
138.06
138.52
138.98
139.44
139.9
140.37
140.83
141.29
141.76
142.21
142.68
143.14
143.6
144.06
144.52
144.98
145.44
145.91
146.37
146.83
147.29
147.75
148.21
148.67
149.14
149.59
150.06
150.52
150.98
151.44
151.9
152.36
152.83
153.29
153.76
154.21
154.67
155.14
155.59
156.05
156.52
156.98
157.45
157.9
158.37
158.83
159.29
159.75
160.21
160.67
161.14
161.59
162.06
162.52
162.98
163.45
163.91
164.37
164.83
165.29
165.76
166.22
166.68
167.14
167.6
168.06
168.52
168.99
169.45
169.91
170.37
170.83
171.29
171.76
172.22
172.68
173.14
173.6
174.06
174.52
174.99
175.45
175.91
176.37
176.83
177.29
177.75
178.22
178.68
179.14
179.6
180.06
180.53
180.99
181.44
181.91
182.37
182.83
183.29
183.76
184.22
184.68
185.14
185.6
186.07
186.53
186.99
187.45
187.91
188.37
188.83
189.29
189.76
190.22
190.68
191.17
191.64
192.1
192.56
