0.08
0.57
1.1
1.58
2.04
2.53
3.03
3.51
4.01
4.49
4.99
5.48
5.98
6.46
6.96
7.45
7.94
8.42
8.92
9.41
9.91
10.39
10.89
11.38
11.88
12.36
12.86
13.34
13.84
14.33
14.83
15.31
15.81
16.3
16.79
17.28
17.78
18.26
18.76
19.25
19.75
20.23
20.74
21.21
21.71
22.19
22.7
23.18
23.68
24.16
24.67
25.15
25.65
26.13
26.63
27.12
27.62
28.1
28.6
29.08
29.58
30.06
30.57
31.05
31.55
32.03
32.53
33.02
33.52
34.0
34.5
35.0
35.48
35.96
36.47
36.95
37.45
37.93
38.43
38.92
39.42
39.9
40.4
40.88
41.38
41.87
42.37
42.85
43.35
43.84
44.33
44.82
45.32
45.8
46.3
46.79
47.29
47.77
48.27
48.75
49.25
49.74
50.23
50.72
51.23
51.7
52.2
52.69
53.19
53.67
54.17
54.65
55.15
55.64
56.13
56.62
57.12
57.6
58.1
58.59
59.09
59.57
60.07
60.55
61.05
61.54
62.03
62.53
63.02
63.5
64.0
64.49
64.98
65.47
65.98
66.45
66.96
67.44
67.94
68.42
68.92
69.4
69.91
70.39
70.88
71.37
71.87
72.36
72.85
73.34
73.84
74.33
74.82
75.31
75.81
76.29
76.78
77.27
77.77
78.26
78.75
79.24
79.74
80.23
80.72
81.2
81.7
82.17
82.69
83.18
83.67
84.16
84.65
85.14
85.64
86.13
86.63
87.11
87.61
88.09
88.59
89.07
89.57
90.06
90.56
91.04
91.54
92.02
92.52
93.01
93.51
93.99
94.49
94.97
95.48
95.96
96.46
96.94
97.44
97.93
98.43
98.91
99.41
99.89
100.39
100.88
101.38
101.86
102.36
102.85
103.34
103.83
104.33
104.81
105.31
105.8
106.3
106.78
107.28
107.76
108.26
108.75
109.25
109.73
110.23
110.71
111.21
111.7
112.2
112.68
113.18
113.66
114.17
114.65
115.14
115.63
116.13
116.61
117.11
117.6
118.1
118.58
119.08
119.57
120.07
120.55
121.04
121.51
122.03
122.51
123.01
123.5
124.0
124.48
124.98
125.47
125.96
126.44
126.95
127.43
127.93
128.41
128.92
129.4
129.9
130.38
130.88
131.37
131.86
132.34
132.85
133.34
133.83
134.32
134.82
135.3
135.8
136.28
136.78
137.27
137.76
138.26
138.76
139.24
139.73
140.22
140.72
141.21
141.7
142.2
142.69
143.18
143.67
144.16
144.65
145.15
145.64
146.13
146.62
147.11
147.6
148.09
148.59
149.08
149.57
150.06
150.55
151.04
151.54
152.03
152.53
153.0
153.51
153.99
154.49
154.97
155.47
155.95
156.45
156.94
157.43
157.92
158.43
158.91
159.4
159.88
160.39
160.87
161.36
161.85
162.35
162.84
163.33
163.81
164.32
164.81
165.3
165.79
166.29
166.77
167.27
167.75
168.25
168.74
169.24
169.72
170.22
170.71
171.21
171.69
172.19
172.67
173.17
173.66
174.16
174.64
175.13
175.62
176.12
176.61
177.1
177.59
178.09
178.57
179.07
179.55
180.06
180.54
181.03
181.52
182.02
182.51
183.0
183.48
183.98
184.45
184.95
185.44
185.91
