0.42
0.97
1.55
2.1
2.62
3.21
3.74
4.32
4.89
5.42
5.97
6.54
7.05
7.62
8.14
8.71
9.24
9.81
10.42
11.0
11.54
12.09
12.65
13.21
13.76
14.28
14.86
15.4
15.96
16.51
17.06
17.59
18.17
18.72
19.26
19.82
20.41
20.96
21.5
22.08
22.63
23.2
23.74
24.31
24.87
25.44
25.96
26.51
27.09
27.62
28.19
28.72
29.29
29.84
30.41
30.95
31.52
32.08
32.63
33.2
33.73
34.28
34.86
35.43
35.96
36.52
37.07
37.63
38.18
38.74
39.3
39.85
40.4
40.96
41.52
42.07
42.63
43.18
43.74
44.29
44.85
45.41
45.96
46.52
47.07
47.63
48.18
48.74
49.29
49.85
50.41
50.96
51.52
52.07
52.63
53.18
53.74
54.29
54.85
55.41
55.96
56.52
57.07
57.63
58.18
58.74
59.29
59.85
60.4
60.96
61.52
62.07
62.63
63.18
63.74
64.29
64.85
65.41
65.96
66.52
67.07
67.63
68.19
68.74
69.29
69.85
70.41
70.96
71.52
72.08
72.63
73.19
73.73
74.28
74.83
75.39
75.95
76.49
77.02
77.61
78.17
78.7
79.28
79.83
80.4
80.97
81.53
82.06
82.62
83.17
83.7
84.28
84.84
85.39
85.96
86.5
87.07
87.61
88.15
88.72
89.29
89.85
90.41
90.97
91.52
92.07
92.63
93.18
93.74
94.3
94.85
95.4
95.96
96.52
97.07
97.63
98.18
98.74
99.29
99.85
100.4
100.96
101.52
102.07
102.63
103.19
103.74
104.29
104.85
105.41
105.96
106.52
107.07
107.63
108.18
108.74
109.29
109.85
110.41
110.96
111.52
112.08
112.63
113.18
113.74
114.3
114.85
115.41
115.96
116.52
117.07
117.63
118.18
118.74
119.3
119.85
120.41
120.96
121.52
122.07
122.63
123.19
123.75
124.3
124.85
125.41
125.96
126.51
127.07
127.66
128.25
128.83
129.42
130.03
130.61
131.19
131.77
132.34
132.93
133.54
134.13
134.72
135.31
135.89
136.48
137.07
137.68
138.25
138.83
139.43
140.01
140.6
141.19
141.79
142.37
142.95
143.54
144.14
144.72
145.31
145.92
146.5
147.1
147.68
148.25
148.83
149.43
150.01
150.59
151.15
151.76
152.32
152.91
153.47
154.04
154.6
155.18
155.73
156.29
156.84
157.4
157.96
158.51
159.06
159.62
160.17
160.73
161.29
161.84
162.4
162.95
163.51
164.07
164.62
165.18
165.73
166.29
166.84
167.4
167.95
168.51
169.07
169.62
170.18
170.73
171.29
171.84
172.4
172.96
173.5
174.09
174.64
175.17
175.71
176.26
176.82
177.38
177.93
178.52
179.08
179.61
180.13
180.68
181.27
181.83
182.36
182.93
183.5
184.09
184.64
185.23
185.8
186.32
186.9
187.43
187.98
188.54
189.08
189.65
190.2
190.73
191.29
191.84
192.4
192.95
193.51
194.07
194.62
195.17
195.73
196.29
196.84
197.4
197.95
198.51
199.06
199.62
200.18
200.73
201.29
201.84
202.4
202.95
203.51
204.06
204.62
205.18
205.73
206.29
206.84
207.4
207.95
208.51
209.07
209.62
210.18
210.73
211.29
211.84
212.4
212.95
213.51
214.07
214.62
215.18
215.73
216.29
216.84
217.4
217.96
218.51
219.07
219.62
220.18
220.73
221.29
221.84
222.4
222.96
223.51
224.07
224.62
225.18
225.73
226.29
226.85
227.4
227.96
228.51
229.07
229.62
230.17
230.73
231.29
231.85
232.4
232.95
233.51
234.07
234.62
235.18
235.73
236.29
236.84
237.4
237.96
238.51
239.06
239.62
240.18
240.73
241.29
241.84
242.4
242.96
243.51
244.07
244.62
245.18
245.73
246.29
246.85
247.4
247.95
248.51
249.07
249.62
250.18
250.73
251.29
251.85
252.4
252.96
253.52
254.07
254.62
255.18
255.74
256.29
256.84
257.4
257.96
258.52
259.07
259.62
260.18
260.74
261.29
261.85
262.4
262.96
263.51
264.07
264.63
265.18
265.74
266.29
266.85
267.41
267.96
268.51
269.07
269.63
270.18
270.74
271.3
271.86
272.4
272.97
273.53
274.07
274.61
275.15
275.7
276.18
276.67
277.15
