0.08
0.64
1.24
1.79
2.36
2.95
3.54
4.11
4.65
5.23
5.8
6.38
6.96
7.54
8.12
8.69
9.27
9.85
10.42
11.0
11.58
12.15
12.73
13.31
13.89
14.46
15.04
15.62
16.19
16.77
17.35
17.92
18.5
19.09
19.66
20.24
20.81
21.42
21.99
22.55
23.11
23.7
24.28
24.85
25.43
26.01
26.59
27.17
27.73
28.31
28.88
29.47
30.04
30.62
31.19
31.8
32.34
32.93
33.51
34.08
34.65
35.24
35.8
36.41
36.96
37.55
38.12
38.67
39.26
39.85
40.44
41.0
41.57
42.16
42.71
43.32
43.88
44.47
45.06
45.63
46.19
46.83
47.48
48.08
48.74
49.37
49.94
50.5
51.09
51.67
52.25
52.85
53.41
53.98
54.57
55.13
55.71
56.29
56.89
57.44
58.05
58.6
59.18
59.74
60.32
60.9
61.48
62.05
62.64
63.22
63.79
64.36
64.87
65.4
65.96
66.53
67.07
67.63
68.17
68.71
69.28
69.85
70.43
71.0
71.58
72.16
72.74
73.31
73.89
74.47
75.04
75.62
76.2
76.77
77.35
77.93
78.51
79.09
79.66
80.24
80.81
81.39
81.97
82.55
83.13
83.7
84.28
84.86
85.43
86.03
86.61
87.16
87.73
88.31
88.89
89.47
90.04
90.63
91.21
91.79
92.35
92.93
93.49
94.1
94.66
95.24
95.79
96.36
96.96
97.54
98.1
98.7
99.27
99.85
100.42
101.01
101.58
102.16
102.72
103.29
103.89
104.46
105.03
105.62
106.2
106.78
107.33
107.92
108.51
109.08
109.66
110.23
110.81
111.39
111.96
112.56
113.12
113.7
114.27
114.86
115.43
115.99
116.59
117.17
117.73
118.33
118.9
119.47
120.07
120.63
121.2
121.79
122.38
122.94
123.51
124.07
124.67
125.25
125.82
126.4
126.98
127.55
128.12
128.71
129.31
129.87
130.43
131.03
131.6
132.16
132.75
133.33
133.9
134.47
135.05
135.61
136.21
136.78
137.36
137.93
138.51
139.09
139.67
140.24
140.82
141.4
141.98
142.55
143.13
143.71
144.28
144.86
145.44
146.01
146.59
147.16
147.75
148.32
148.9
149.48
150.05
150.66
151.23
151.79
152.35
152.94
153.51
154.09
154.66
155.25
155.83
156.41
156.97
157.55
158.11
158.71
159.28
159.86
160.45
161.02
161.59
162.17
162.74
163.33
163.89
164.47
165.06
165.64
166.2
166.78
167.37
167.94
168.51
169.09
169.7
170.27
170.81
171.4
171.96
172.55
173.12
173.71
174.28
174.85
175.43
176.02
176.59
177.17
177.73
178.32
178.89
179.47
180.05
180.63
181.2
181.78
182.35
182.94
183.51
184.1
184.67
185.25
185.82
186.41
186.96
187.56
188.14
188.72
189.29
189.86
190.44
191.01
191.6
192.17
192.75
193.32
193.9
194.48
195.05
195.63
196.21
196.78
197.36
197.95
198.52
199.09
199.67
200.25
200.83
201.4
201.98
202.56
203.13
203.71
204.28
204.87
205.44
206.03
206.61
207.16
207.74
208.32
208.9
209.48
210.05
210.64
211.23
211.79
212.36
212.94
213.51
214.1
214.67
215.25
215.83
216.41
216.98
217.55
218.12
218.71
219.28
219.86
220.46
221.02
221.6
222.17
222.74
223.33
223.9
224.49
225.06
225.64
226.21
226.79
227.34
227.95
228.51
229.1
229.68
230.25
230.82
231.41
232.01
232.56
233.13
233.7
234.29
234.84
235.44
236.02
236.58
237.17
237.74
238.33
238.92
239.48
240.07
240.63
241.21
241.79
242.36
242.93
243.52
244.08
244.68
245.27
245.82
