0.07
0.54
1.02
1.52
1.98
2.49
2.98
3.46
3.96
4.43
4.92
5.42
5.92
6.38
6.89
7.37
7.86
8.35
8.83
9.33
9.81
10.31
10.81
11.31
11.81
12.33
12.8
13.3
13.75
14.22
14.69
15.2
15.69
16.16
16.65
17.14
17.65
18.14
18.61
19.13
19.6
20.09
20.55
21.04
21.51
22.0
22.5
23.0
23.49
23.99
24.45
24.95
25.46
25.94
26.41
26.92
27.4
27.9
28.37
28.87
29.33
29.83
30.3
30.8
31.3
31.79
32.26
32.75
33.25
33.74
34.21
34.73
35.2
35.7
36.16
36.66
37.15
37.63
38.11
38.6
39.1
39.6
40.06
40.56
41.07
41.55
42.02
42.53
43.01
43.5
43.97
44.46
44.94
45.42
45.92
46.41
46.9
47.39
47.87
48.37
48.86
49.34
49.82
50.34
50.81
51.3
51.78
52.28
52.77
53.26
53.73
54.24
54.71
55.19
55.68
56.17
56.66
57.15
57.62
58.14
58.62
59.11
59.58
60.08
60.57
61.06
61.52
62.02
62.51
63.0
63.48
63.98
64.46
64.95
65.43
65.95
66.42
66.91
67.39
67.88
68.38
68.87
69.34
69.85
70.32
70.8
71.29
71.78
72.27
72.76
73.24
73.76
74.24
74.72
75.19
75.7
76.18
76.67
77.14
77.63
78.12
78.61
79.11
79.61
80.1
80.57
81.06
81.58
82.05
82.52
82.99
83.5
83.99
84.48
84.94
85.46
85.94
86.44
86.9
87.39
87.89
88.38
88.85
89.36
89.84
90.33
90.8
91.29
91.8
92.28
92.74
93.25
93.73
94.22
94.7
95.19
95.71
96.2
96.66
97.18
97.64
98.16
98.63
99.16
99.65
100.15
100.62
101.08
101.54
102.04
102.51
103.0
103.49
103.96
104.45
104.97
105.45
105.93
106.41
106.9
107.37
107.86
108.35
108.87
109.34
109.83
110.31
110.81
111.29
111.78
112.26
112.76
113.25
113.74
114.21
114.71
115.21
115.7
116.17
116.67
117.15
117.63
118.12
118.61
119.09
119.59
120.06
120.58
121.06
121.55
122.02
122.53
123.02
123.5
123.97
124.47
124.95
125.44
125.92
126.42
126.91
127.39
127.87
128.38
128.86
129.34
129.82
130.33
130.82
131.31
131.78
132.29
132.76
133.24
133.72
134.22
134.71
135.2
135.68
136.19
136.68
137.16
137.65
138.14
138.62
139.11
139.58
140.09
140.57
141.05
141.53
142.04
142.53
143.0
143.48
143.99
144.48
144.96
145.44
145.94
146.43
146.92
147.39
147.9
148.37
148.86
149.34
149.83
150.32
150.81
151.28
151.79
152.29
152.77
153.24
153.76
154.23
154.73
155.2
155.69
156.17
156.65
157.14
157.63
158.13
158.59
159.08
159.58
160.07
160.56
161.05
161.54
162.03
162.51
162.99
163.5
163.98
164.47
164.95
165.44
165.94
166.43
166.9
167.41
167.88
168.36
168.85
169.34
169.83
170.32
170.8
171.31
171.8
172.28
172.76
173.26
173.75
174.24
174.72
175.2
175.69
176.17
176.65
177.15
177.65
178.12
178.6
179.12
179.59
180.08
180.56
181.06
181.55
182.04
182.51
183.0
183.49
183.97
184.46
184.95
185.44
185.92
186.4
186.89
187.41
187.89
188.37
188.87
189.37
189.85
190.32
190.8
191.3
191.78
192.27
192.74
193.23
193.73
194.23
194.72
195.19
195.68
196.18
196.65
197.15
197.64
198.11
198.59
199.08
199.58
200.08
200.55
201.06
201.54
202.04
202.53
202.99
203.49
203.97
204.47
204.96
205.43
205.92
206.43
206.91
207.4
207.87
208.35
208.86
209.35
209.82
210.33
210.81
211.31
211.77
212.27
212.75
213.25
213.73
214.21
