0.21
0.62
1.06
1.5
1.93
2.38
2.81
3.25
3.69
4.13
4.56
5.0
5.44
5.88
6.31
6.75
7.19
7.63
8.06
8.5
8.94
9.38
9.82
10.26
10.69
11.13
11.57
12.01
12.44
12.88
13.32
13.76
14.2
14.64
15.08
15.52
15.95
16.39
16.83
17.27
17.71
18.15
18.58
19.02
19.46
19.9
20.33
20.77
21.21
21.65
22.08
22.52
22.96
23.4
23.84
24.28
24.71
25.16
25.59
26.03
26.47
26.9
27.34
27.78
28.21
28.66
29.1
29.54
29.97
30.41
30.85
31.29
31.72
32.16
32.6
33.04
33.47
33.91
34.35
34.79
35.22
35.66
36.1
36.54
36.98
37.42
37.85
38.29
38.73
39.17
39.6
40.04
40.48
40.92
41.36
41.8
42.24
42.67
43.11
43.55
43.99
44.42
44.86
45.3
45.74
46.18
46.61
47.05
47.49
47.93
48.37
48.8
49.24
49.68
50.12
50.56
51.0
51.43
51.87
52.31
52.75
53.18
53.61
54.05
54.49
54.94
55.37
55.82
56.25
56.69
57.13
57.56
58.0
58.44
58.88
59.32
59.75
60.19
60.63
61.07
61.5
61.94
62.38
62.82
63.26
63.7
64.15
64.58
65.01
65.45
65.88
66.33
66.76
67.2
67.64
68.08
68.51
68.95
69.39
69.83
70.27
70.71
71.14
71.58
72.02
72.46
72.89
73.33
73.77
74.21
74.65
75.08
75.52
75.96
76.4
76.83
77.27
77.71
78.14
78.58
79.02
79.46
79.9
80.34
80.78
81.22
81.65
82.09
82.53
82.97
83.4
83.84
84.28
84.72
85.15
85.59
86.03
86.47
86.9
87.35
87.78
88.22
88.66
89.1
89.54
89.98
90.41
90.85
91.29
91.73
92.16
92.6
93.04
93.48
93.91
94.35
94.79
95.23
95.66
96.1
96.54
96.98
97.42
97.86
98.29
98.73
99.17
99.61
100.04
100.48
100.92
101.36
101.79
102.23
102.67
103.11
103.55
103.99
104.42
104.86
105.29
105.74
106.17
106.61
107.06
107.5
107.94
108.37
108.81
109.24
109.68
110.12
110.55
110.99
111.43
111.87
112.31
112.75
113.19
113.62
114.06
114.5
114.94
115.38
115.82
116.25
116.69
117.13
117.56
118.0
118.44
118.88
119.31
119.75
120.2
120.65
121.09
121.53
121.97
122.41
122.83
123.29
123.71
124.15
124.58
125.01
125.43
125.86
126.29
126.73
127.19
127.63
128.07
128.51
128.93
129.39
129.83
130.27
130.69
131.14
131.58
132.02
132.46
132.9
133.33
133.77
134.21
134.64
135.08
135.52
135.96
136.4
136.84
137.28
137.71
138.15
138.59
139.03
139.46
139.9
140.34
140.78
141.21
141.65
142.09
142.53
142.97
143.4
143.84
144.28
144.72
145.16
145.59
146.03
146.47
146.91
147.34
147.78
148.22
148.66
149.1
149.54
149.97
150.41
150.85
151.29
151.72
152.16
152.6
153.04
153.47
153.91
154.35
154.79
155.23
155.67
156.11
156.54
156.98
157.42
157.86
158.3
158.73
159.17
159.61
160.05
160.52
160.97
161.4
161.83
162.27
162.69
163.1
163.52
163.94
164.38
164.82
165.26
165.72
166.16
166.58
167.02
167.46
167.92
168.34
168.8
169.24
169.68
170.11
170.55
171.0
171.42
171.87
172.31
172.74
173.18
173.62
174.06
174.51
174.94
175.38
175.81
176.25
176.68
177.12
177.56
177.99
178.43
178.87
179.31
179.74
180.18
180.62
181.06
181.5
181.94
182.38
182.85
183.3
183.74
184.17
184.58
185.01
185.45
185.89
186.33
186.76
187.2
187.64
188.08
188.51
188.95
189.39
189.83
190.26
190.7
191.14
191.58
192.01
192.46
192.89
193.33
193.77
194.21
194.65
195.08
195.52
195.96
196.39
196.83
197.28
197.75
198.19
198.65
199.13
199.61
200.11
200.59
201.05
201.53
