0.41
0.91
1.42
1.91
2.42
2.93
3.42
3.93
4.43
4.93
5.42
5.89
6.34
6.79
7.26
7.73
8.17
8.63
9.09
9.55
10.0
10.47
10.92
11.37
11.84
12.31
12.75
13.21
13.67
14.15
14.59
15.04
15.5
15.96
16.42
16.89
17.33
17.8
18.25
18.71
19.16
19.61
20.09
20.54
21.0
21.46
21.9
22.38
22.83
23.29
23.75
24.21
24.66
25.13
25.58
26.04
26.49
26.96
27.41
27.88
28.33
28.79
29.23
29.7
30.16
30.62
31.07
31.53
31.99
32.45
32.91
33.36
33.81
34.28
34.74
35.2
35.65
36.11
36.57
37.03
37.48
37.95
38.4
38.86
39.32
39.78
40.24
40.7
41.15
41.61
42.07
42.52
42.98
43.44
43.9
44.36
44.81
45.27
45.73
46.19
46.64
47.11
47.56
48.03
48.48
48.94
49.4
49.86
50.31
50.77
51.23
51.69
52.14
52.61
53.07
53.52
53.98
54.44
54.9
55.35
55.81
56.26
56.73
57.18
57.64
58.1
58.56
59.02
59.47
59.93
60.39
60.85
61.3
61.76
62.22
62.68
63.13
63.59
64.05
64.51
64.97
65.42
65.89
66.34
66.8
67.26
67.72
68.18
68.62
69.09
69.55
70.01
70.46
70.92
71.38
71.84
72.3
72.76
73.21
73.67
74.13
74.59
75.05
75.5
75.96
76.42
76.87
77.34
77.8
78.25
78.71
79.17
79.62
80.08
80.54
81.0
81.46
81.91
82.37
82.83
83.29
83.75
84.21
84.66
85.13
85.58
86.04
86.49
86.95
87.41
87.87
88.33
88.79
89.24
89.7
90.16
90.62
91.08
91.54
91.99
92.45
92.91
93.36
93.83
94.28
94.74
95.2
95.66
96.11
96.57
97.03
97.49
97.95
98.41
98.87
99.32
99.78
100.24
100.69
101.15
101.6
102.07
102.54
102.99
103.44
103.9
104.36
104.82
105.28
105.74
106.2
106.65
107.11
107.57
108.02
108.48
108.94
109.39
109.85
110.31
110.77
111.22
111.68
112.14
112.6
113.06
113.52
113.98
114.44
114.89
115.35
115.81
116.27
116.72
117.18
117.64
118.1
118.56
119.01
119.47
119.93
120.39
120.85
121.3
121.77
122.22
122.68
123.14
123.6
124.05
124.51
124.97
125.43
125.88
126.35
126.8
127.26
127.72
128.19
128.64
129.09
129.55
130.01
130.47
130.92
131.39
131.84
132.31
132.75
133.22
133.67
134.13
134.57
135.04
135.5
135.94
136.42
136.87
137.33
137.78
138.24
138.7
139.16
139.63
140.09
140.53
141.0
141.45
141.91
142.38
142.83
143.29
143.75
144.21
144.67
145.12
145.58
146.04
146.49
146.96
147.41
147.87
148.32
148.79
149.24
149.7
150.16
150.62
151.08
151.53
152.0
152.45
152.91
153.37
153.83
154.28
154.74
155.2
155.66
156.11
156.56
157.03
157.49
157.95
158.41
158.86
159.32
159.78
160.23
160.69
161.16
161.61
162.07
162.53
162.99
163.44
163.9
164.35
164.82
165.28
165.73
166.19
166.65
167.11
167.57
168.03
168.48
168.94
169.39
169.86
170.32
170.77
171.23
171.69
172.14
172.61
173.06
173.52
173.97
174.44
174.89
175.35
175.81
176.27
176.72
177.19
177.64
178.1
178.56
179.02
179.48
179.93
180.39
180.85
181.31
181.77
182.22
182.68
183.14
183.6
184.06
184.51
184.98
185.43
185.89
186.34
186.8
187.26
187.72
188.18
188.64
189.09
189.55
190.01
190.47
190.92
191.38
191.84
192.3
192.76
193.22
193.67
194.13
194.59
195.05
195.51
195.97
196.43
196.88
