0.15
0.6
1.07
1.51
1.97
2.43
2.88
3.31
3.78
4.22
4.68
5.16
5.62
6.06
6.53
7.0
7.45
7.92
8.38
8.84
9.3
9.74
10.22
10.66
11.11
11.57
12.01
12.49
12.95
13.41
13.87
14.31
14.79
15.24
15.7
16.17
16.63
17.08
17.54
17.97
18.44
18.87
19.32
19.8
20.26
20.7
21.18
21.64
22.09
22.54
23.02
23.48
23.94
24.38
24.85
25.32
25.76
26.22
26.7
27.16
27.61
28.08
28.52
29.0
29.46
29.92
30.37
30.82
31.29
31.74
32.19
32.63
33.07
33.55
33.99
34.47
34.93
35.39
35.85
36.3
36.76
37.22
37.68
38.14
38.6
39.06
39.51
39.97
40.43
40.89
41.35
41.81
42.26
42.72
43.18
43.64
44.09
44.55
45.01
45.47
45.93
46.39
46.84
47.3
47.76
48.22
48.67
49.14
49.59
50.05
50.51
50.97
51.42
51.9
52.34
52.8
53.25
53.71
54.17
54.63
55.09
55.54
56.0
56.46
56.92
57.38
57.84
58.29
58.75
59.21
59.67
60.13
60.58
61.04
61.5
61.96
62.41
62.87
63.33
63.79
64.25
64.71
65.16
65.62
66.08
66.54
66.99
67.45
67.91
68.37
68.83
69.28
69.74
70.2
70.66
71.12
71.58
72.03
72.49
72.95
73.41
73.86
74.32
74.78
75.24
75.7
76.16
76.61
77.07
77.53
77.99
78.45
78.9
79.36
79.82
80.28
80.74
81.19
81.65
82.11
82.57
83.02
83.48
83.94
84.4
84.86
85.32
85.77
86.23
86.69
87.15
87.61
88.06
88.52
88.98
89.44
89.89
90.35
90.81
91.27
91.73
92.19
92.64
93.1
93.56
94.02
94.49
94.93
95.39
95.87
96.31
96.78
97.28
97.77
98.25
98.77
99.25
99.73
100.23
100.73
101.22
101.75
102.25
102.72
103.18
103.64
104.1
104.55
105.01
105.47
105.93
106.38
106.84
107.3
107.76
108.22
108.68
109.13
109.59
110.05
110.51
110.96
111.42
111.88
112.34
112.8
113.25
113.71
114.17
114.63
115.09
115.55
116.01
116.46
116.91
117.37
117.83
118.29
118.75
119.21
119.67
120.12
120.58
121.04
121.5
121.95
122.42
122.87
123.33
123.79
124.25
124.7
125.16
125.62
126.08
126.54
127.0
127.46
127.91
128.37
128.83
129.28
129.75
130.2
130.66
131.12
131.58
132.03
132.49
132.95
133.41
133.86
134.32
134.78
135.24
135.7
136.15
136.61
137.07
137.53
137.99
138.45
138.9
139.36
139.82
140.28
140.74
141.19
141.65
142.11
142.57
143.02
143.48
143.94
144.4
144.86
145.32
145.77
146.23
146.69
147.15
147.6
148.06
148.54
148.99
149.44
149.92
150.37
150.82
151.28
151.73
152.19
152.65
153.1
153.56
154.02
154.49
154.96
155.4
155.85
156.31
156.76
157.23
157.68
158.15
158.61
159.07
159.52
159.98
160.45
160.9
161.35
161.81
162.27
162.73
163.2
163.65
164.1
164.56
165.01
165.48
165.94
166.4
166.84
167.31
167.78
168.23
168.68
169.14
169.59
170.06
170.52
170.97
171.42
171.89
172.34
172.82
173.27
173.73
174.18
174.64
175.07
175.54
176.0
176.45
176.91
177.39
177.88
178.38
178.86
179.38
179.86
180.34
180.84
181.35
181.84
182.37
182.87
183.33
183.79
184.25
184.71
185.16
185.62
186.08
186.54
187.0
187.45
187.91
188.37
188.83
189.29
189.74
190.2
190.66
191.12
191.57
192.03
192.49
192.95
193.41
193.86
194.32
194.78
195.24
195.7
196.15
196.61
197.07
197.53
197.99
198.44
198.9
199.36
199.82
200.28
200.74
201.19
201.65
202.11
202.56
203.03
203.48
203.94
204.4
204.86
205.31
205.77
206.23
206.69
207.15
207.61
208.06
208.52
208.98
209.44
209.89
210.36
210.81
211.27
211.73
212.19
212.64
213.1
213.56
214.02
214.48
214.93
215.4
215.85
216.32
216.77
217.22
217.68
218.14
218.6
219.06
