0.49
1.1
1.74
2.38
3.01
3.65
4.29
4.94
5.56
6.21
6.84
7.5
8.12
8.76
9.4
10.05
10.67
11.31
11.95
12.6
13.23
13.86
14.5
15.15
15.78
16.42
17.06
17.71
18.33
18.99
19.64
20.27
20.89
21.53
22.16
22.82
23.44
24.08
24.72
25.38
25.99
26.63
27.27
27.92
28.55
29.18
29.82
30.48
31.1
31.74
32.38
33.04
33.65
34.29
34.93
35.56
36.2
36.85
37.48
38.13
38.76
39.4
40.04
40.69
41.31
41.95
42.59
43.24
43.87
44.5
45.14
45.78
46.42
47.06
47.69
48.35
48.97
49.61
50.25
50.9
51.52
52.16
52.8
53.45
54.08
54.72
55.35
56.0
56.63
57.27
57.91
58.56
59.19
59.83
60.46
61.12
61.75
62.38
63.02
63.64
64.29
64.93
65.57
66.2
66.84
67.49
68.12
68.78
69.4
70.03
70.67
71.33
71.95
72.59
73.23
73.88
74.5
75.14
75.78
76.43
77.06
77.7
78.33
78.96
79.61
80.25
80.89
81.53
82.16
82.8
83.44
84.09
84.72
85.35
85.99
86.63
87.27
87.91
88.55
89.2
89.82
90.46
91.1
91.75
92.38
93.01
93.65
94.3
94.93
95.57
96.21
96.85
97.48
98.13
98.76
99.41
100.04
100.68
101.31
101.97
102.6
103.23
103.87
104.51
105.14
105.78
106.42
107.08
107.7
108.34
108.97
109.62
110.25
110.89
111.52
112.18
112.8
113.44
114.08
114.73
115.35
115.99
116.63
117.29
117.91
118.55
119.18
119.84
120.46
121.11
121.73
122.39
123.03
123.65
124.29
124.95
125.57
126.2
126.84
127.49
128.12
128.76
129.4
130.04
130.68
131.31
131.95
132.58
133.23
133.87
134.5
135.16
135.78
136.42
137.06
137.7
138.33
138.97
139.61
140.27
140.89
141.53
142.16
142.83
143.44
144.08
144.72
145.37
145.99
146.63
147.27
147.91
148.55
149.19
149.82
150.47
151.1
151.74
152.38
153.03
153.66
154.29
154.93
155.58
156.21
156.85
157.48
158.13
158.76
159.4
160.04
160.68
161.31
161.95
162.59
163.25
163.87
164.51
165.14
165.79
166.42
167.06
167.7
168.34
168.97
169.61
170.25
170.9
171.53
172.16
172.8
173.45
174.08
174.72
175.36
176.0
176.63
177.28
177.93
178.54
179.17
179.83
180.46
181.1
181.74
182.38
183.01
183.65
184.29
184.93
185.57
186.22
186.84
187.48
188.12
188.76
189.4
190.04
190.67
191.33
191.95
192.59
193.23
193.85
194.5
195.14
195.78
196.42
197.06
197.71
198.35
198.99
199.64
200.25
200.89
201.53
202.16
202.8
203.44
204.09
204.72
205.35
205.99
206.65
207.27
207.91
208.55
209.2
209.82
210.46
211.1
211.76
212.38
213.01
213.65
214.31
214.93
215.57
216.21
216.86
217.48
218.12
218.76
219.4
220.04
