0.09
0.52
0.95
1.38
1.81
2.24
2.67
3.09
3.52
3.95
4.38
4.81
5.24
5.66
6.09
6.52
6.95
7.38
7.81
8.24
8.67
9.09
9.52
9.95
10.38
10.81
11.24
11.67
12.09
12.52
12.95
13.38
13.81
14.24
14.66
15.09
15.52
15.95
16.4
16.82
17.24
17.67
18.09
18.52
18.95
19.38
19.81
20.24
20.66
21.09
21.52
21.95
22.38
22.81
23.24
23.67
24.09
24.52
24.95
25.38
25.81
26.24
26.66
27.09
27.52
27.95
28.38
28.81
29.24
29.67
30.1
30.53
30.95
31.38
31.81
32.25
32.67
33.1
33.53
33.95
34.35
34.77
35.2
35.64
36.06
36.49
36.94
37.36
37.78
38.24
38.66
39.11
39.52
39.94
40.37
40.78
41.22
41.64
42.09
42.51
42.96
43.4
43.81
44.22
44.67
45.09
45.52
45.96
46.39
46.81
47.24
47.67
48.1
48.52
48.94
49.38
49.81
50.24
50.67
51.09
51.52
51.95
52.38
52.81
53.24
53.66
54.08
54.52
54.95
55.38
55.81
56.24
56.67
57.09
57.52
57.95
58.38
58.81
59.24
59.66
60.1
60.53
60.94
61.38
61.81
62.24
62.67
63.1
63.52
63.95
64.38
64.81
65.24
65.66
66.09
66.53
66.95
67.38
67.81
68.24
68.67
69.09
69.52
69.95
70.38
70.81
71.24
71.67
72.09
72.52
72.95
73.38
73.81
74.24
74.67
75.1
75.52
75.95
76.38
76.81
77.24
77.66
78.09
78.52
78.95
79.38
79.81
80.24
80.67
81.09
81.52
81.95
82.38
82.81
83.24
83.67
84.09
84.52
84.95
85.38
85.81
86.24
86.67
87.1
87.53
87.96
88.38
88.81
89.24
89.66
90.09
90.52
90.95
91.38
91.8
92.23
92.66
93.09
93.52
93.95
94.38
94.81
95.23
95.66
96.09
96.52
96.95
97.38
97.8
98.24
98.66
99.09
99.52
99.95
100.38
100.81
101.23
101.66
102.09
102.52
102.95
103.38
103.8
104.23
104.66
105.09
105.52
105.95
106.38
106.81
107.23
107.66
108.09
108.52
108.95
109.38
109.81
110.23
110.66
111.09
111.52
111.95
112.38
112.8
113.23
113.66
114.09
114.52
114.95
115.38
115.8
116.23
116.67
117.09
117.52
117.95
118.37
118.8
119.23
119.65
120.09
120.51
120.94
121.37
121.8
122.23
122.66
123.09
123.52
123.94
124.37
124.8
125.23
125.66
126.08
126.52
126.95
127.37
127.8
128.23
128.66
129.09
129.51
129.94
130.38
130.8
131.23
131.66
132.09
132.52
132.94
133.37
133.8
134.23
134.66
135.09
135.52
135.94
136.37
136.8
137.23
137.66
138.09
138.52
138.95
139.37
139.8
140.23
140.66
141.09
141.52
141.95
142.37
142.82
143.24
143.67
144.09
144.52
144.95
145.38
145.8
146.23
146.66
147.09
147.52
147.95
148.37
148.8
149.23
149.66
150.09
150.52
150.95
151.37
151.8
152.23
152.66
153.09
153.52
153.95
154.37
154.8
155.23
155.66
156.09
156.52
156.95
157.38
157.8
158.23
158.66
159.09
159.52
159.94
160.38
160.8
161.23
161.66
162.09
162.52
162.94
163.37
163.8
164.23
164.66
165.09
165.52
165.94
166.37
166.8
167.23
167.66
168.09
168.52
168.95
169.37
169.81
170.23
170.66
171.09
171.52
171.95
172.37
172.8
173.23
173.66
174.09
174.52
174.95
175.37
175.8
176.23
176.66
177.09
177.52
177.95
178.38
178.8
179.23
179.66
180.09
180.51
180.94
181.37
181.8
182.23
182.66
183.09
183.52
183.94
184.37
184.8
185.23
185.66
186.09
186.52
186.95
187.37
187.8
188.23
188.66
189.09
189.52
189.94
190.37
190.8
191.23
191.66
192.09
192.52
192.94
193.37
193.8
194.23
194.66
195.09
195.52
195.94
196.37
196.8
197.23
197.66
198.09
198.52
198.95
199.37
199.8
200.23
200.66
201.08
201.51
201.94
202.37
202.8
203.23
203.65
204.08
204.51
204.94
205.37
205.8
206.23
206.65
207.08
207.51
207.94
208.37
208.8
209.23
209.65
210.08
210.51
210.94
211.37
211.8
212.23
212.66
213.08
213.51
213.94
214.37
214.8
215.23
215.66
216.08
216.51
216.94
217.37
217.8
218.23
218.66
219.06
219.49
219.92
220.37
220.8
221.23
221.66
222.08
222.51
222.94
223.37
223.8
224.23
224.66
225.09
225.51
225.94
226.37
226.81
227.23
227.66
228.09
228.51
228.95
229.37
229.8
230.23
230.67
231.09
231.51
231.94
232.37
232.8
233.23
233.66
234.08
234.51
234.94
235.37
235.8
236.23
236.65
237.08
237.51
237.94
238.37
238.8
239.23
239.65
240.08
240.51
240.94
241.37
241.8
242.23
242.66
243.08
243.51
243.94
244.37
244.8
245.23
245.66
246.08
246.51
246.94
247.37
247.8
248.23
248.65
249.08
249.51
249.94
250.37
250.8
251.23
251.65
252.08
252.51
252.94
253.37
253.8
254.23
254.65
255.08
255.51
255.94
256.37
256.8
257.23
257.65
258.08
258.51
258.94
259.37
259.8
260.23
260.65
261.08
261.51
261.94
262.37
262.8
263.22
263.65
264.08
264.51
264.94
265.37
265.8
266.23
266.65
267.08
267.51
267.94
268.37
268.8
269.22
269.65
270.08
270.51
270.94
271.37
271.8
272.23
272.65
273.08
273.51
273.94
274.37
274.8
275.23
275.65
276.08
276.51
276.94
277.37
277.8
278.23
278.66
279.08
279.51
279.94
280.37
280.8
281.23
281.65
282.08
282.51
282.94
283.37
283.8
284.23
284.66
285.08
285.51
285.94
286.37
286.8
287.23
287.66
288.08
288.51
288.94
289.37
289.79
290.22
290.65
291.08
291.51
291.94
292.37
292.79
293.22
293.65
294.08
294.51
294.94
295.36
295.79
296.22
296.65
297.08
297.51
297.94
298.36
298.79
299.22
299.65
300.08
300.51
300.94
301.37
301.79
302.22
302.65
303.08
303.51
303.93
304.36
304.79
305.22
305.65
306.08
306.51
306.94
307.36
307.79
308.22
308.65
309.08
309.51
309.93
310.36
310.79
311.22
311.65
312.08
312.51
312.93
313.36
313.79
314.22
314.65
315.08
315.51
315.93
316.36
316.79
317.22
317.65
318.08
318.5
318.93
319.36
319.79
320.22
320.65
321.08
321.51
321.93
322.36
322.79
323.24
