0.33
1.06
1.77
2.5
3.2
3.94
4.65
5.39
6.11
6.82
7.56
8.29
9.0
9.71
10.43
11.16
11.9
12.63
13.34
14.03
14.77
15.5
16.19
16.93
17.68
18.39
19.14
19.86
20.57
21.28
22.0
22.72
23.46
24.19
24.89
25.63
26.33
27.07
27.76
28.52
29.21
29.93
30.65
31.39
32.12
32.86
33.57
34.26
35.01
35.72
36.45
37.16
37.9
38.61
39.35
40.06
40.79
41.5
42.24
42.95
43.68
44.4
45.13
45.85
46.57
47.29
48.02
48.73
49.47
50.18
50.91
51.63
52.36
53.07
53.8
54.52
55.25
55.97
56.7
57.41
58.14
58.86
59.59
60.3
61.03
61.75
62.48
63.19
63.91
64.69
65.43
66.21
66.99
67.71
68.48
69.28
70.03
70.78
71.56
72.35
73.14
73.93
74.7
75.49
76.29
77.11
77.92
78.72
79.55
80.35
81.14
81.94
82.76
83.6
84.4
85.21
86.01
86.83
87.65
88.43
89.28
90.08
90.9
91.71
92.52
93.32
94.13
94.94
95.73
96.57
97.37
98.18
98.98
99.81
100.6
101.37
102.12
102.84
103.56
104.27
105.0
105.72
106.45
107.17
107.89
108.61
109.34
110.05
110.78
111.5
112.21
112.95
113.68
114.39
115.13
115.84
116.57
117.28
118.02
118.73
119.46
120.18
120.91
121.62
122.36
123.07
123.8
124.52
125.25
125.96
126.69
127.41
128.14
128.88
129.68
130.5
131.36
132.17
132.98
133.79
134.61
135.41
136.21
137.03
137.84
138.65
139.46
140.25
141.09
141.89
142.7
143.51
144.34
145.14
145.95
146.77
147.57
148.38
149.2
149.99
150.78
151.62
152.43
153.24
154.04
154.86
155.67
156.48
157.29
158.11
158.93
159.73
160.52
161.35
162.15
163.0
163.81
164.62
165.41
166.22
167.04
167.84
168.64
169.46
170.27
171.08
171.9
172.71
173.52
174.33
175.14
175.95
176.77
177.57
178.38
179.19
180.01
180.81
181.62
182.44
183.26
184.06
184.86
185.68
186.49
187.3
188.11
188.93
189.74
190.55
191.36
192.17
192.98
193.8
194.6
195.41
196.23
197.0
197.83
198.66
199.48
200.25
201.06
201.91
202.7
203.49
204.29
205.13
205.95
206.76
207.58
208.38
209.19
210.01
210.78
211.6
212.42
213.24
214.05
214.87
215.68
216.47
217.31
218.11
218.92
219.74
220.55
221.35
222.17
222.98
223.78
224.6
225.41
226.22
227.04
227.84
228.64
229.46
230.28
231.09
231.91
232.71
233.51
234.33
235.13
235.94
236.79
237.58
238.41
239.17
239.9
240.66
241.38
242.15
242.89
243.66
244.41
245.18
245.96
246.75
247.5
248.3
249.11
249.9
250.63
251.37
252.07
252.79
253.52
254.23
254.93
255.65
256.42
257.15
257.88
258.57
259.24
259.95
260.6
261.29
262.0
262.68
263.39
264.09
264.79
265.48
266.19
266.91
267.6
268.32
269.02
269.74
270.43
271.12
271.83
272.56
273.27
273.94
274.65
275.4
276.09
276.82
277.56
278.31
279.01
279.76
280.51
281.22
281.97
282.69
283.39
284.12
284.87
285.62
286.31
