0.64
1.43
2.22
3.01
3.8
4.57
5.37
6.16
6.97
7.73
8.57
9.34
10.13
10.92
11.72
12.49
13.26
14.05
14.85
15.62
16.4
17.21
18.01
18.81
19.56
20.37
21.2
21.97
22.79
23.54
24.33
25.13
25.91
26.7
27.49
28.29
29.06
29.86
30.65
31.44
32.23
33.02
33.81
34.6
35.39
36.18
36.96
37.76
38.55
39.34
40.13
40.92
41.7
42.49
43.28
44.07
44.86
45.65
46.44
47.23
48.02
48.81
49.6
50.39
51.18
51.97
52.76
53.55
54.34
55.13
55.92
56.7
57.5
58.28
59.07
59.86
60.65
61.45
62.23
63.02
63.81
64.6
65.39
66.18
66.97
67.69
68.15
68.55
68.94
69.34
69.74
70.13
70.53
70.92
71.31
71.71
72.1
72.49
72.88
73.29
73.69
74.08
74.48
74.86
75.26
75.66
76.04
76.44
76.85
77.24
77.63
78.02
78.42
78.82
79.2
79.6
80.0
80.39
80.8
81.19
81.57
81.98
82.36
82.75
83.14
83.52
83.93
84.32
84.71
85.11
85.51
85.9
86.3
86.7
87.12
87.5
87.89
88.29
88.68
89.09
89.47
89.88
90.26
90.66
91.05
91.44
91.84
92.24
92.63
93.02
93.41
93.81
94.2
94.6
94.99
95.4
95.79
96.19
96.57
96.97
97.36
97.76
98.15
98.55
98.94
99.34
99.73
100.13
100.52
100.92
101.31
101.72
102.1
102.51
102.89
103.29
103.68
104.08
104.47
104.88
105.26
105.66
106.05
106.45
106.84
107.24
107.63
108.03
108.42
108.81
109.21
109.61
110.0
110.4
110.78
111.19
111.57
111.97
112.36
112.76
113.16
113.55
113.95
114.34
114.75
115.13
115.53
115.92
116.32
116.71
117.1
117.5
117.9
118.29
118.68
119.08
119.48
119.87
120.26
120.65
121.05
121.44
121.84
122.23
122.63
123.02
123.41
123.81
124.2
124.61
125.0
125.39
125.79
126.18
126.58
126.97
127.38
127.76
128.16
128.55
128.96
129.34
129.74
130.13
130.53
130.92
131.32
131.71
132.11
132.5
132.89
133.29
133.69
134.08
134.47
134.86
135.26
135.65
136.05
136.44
136.84
137.23
137.64
138.03
138.42
138.82
139.21
139.6
139.99
140.39
140.79
141.18
141.58
141.97
142.37
142.76
143.16
143.54
143.94
144.34
144.75
145.13
145.53
145.92
146.31
146.71
147.1
147.5
147.89
148.29
148.68
149.07
149.48
149.86
150.26
150.65
151.05
151.45
151.84
152.23
152.61
153.02
153.42
153.81
154.21
154.6
155.0
155.39
155.79
156.18
156.58
156.97
157.36
157.76
158.16
158.55
158.95
159.34
159.73
160.13
160.52
160.92
161.32
161.71
162.1
162.5
162.89
163.28
163.67
164.08
164.48
164.87
165.26
165.66
166.05
166.45
166.84
167.24
167.63
168.03
168.42
168.81
169.21
169.6
170.01
170.39
170.79
171.18
171.57
171.97
172.37
172.76
173.16
173.55
173.95
174.34
174.73
175.13
175.52
175.92
176.31
176.71
177.12
177.51
177.89
178.29
178.69
179.09
179.48
179.88
180.3
180.69
181.06
181.45
181.86
182.24
182.63
183.02
183.42
183.83
184.22
184.62
185.03
185.42
185.81
186.18
186.58
186.96
187.35
187.75
188.14
188.52
188.92
189.34
189.74
190.13
190.53
190.92
191.32
191.71
192.11
192.5
192.89
193.29
193.69
194.08
194.48
194.87
195.27
195.66
196.05
196.44
196.84
197.24
197.63
198.02
198.42
198.82
199.21
199.61
200.0
200.4
200.79
201.19
201.58
201.98
202.38
202.77
203.17
203.55
203.95
204.34
204.74
205.14
205.53
205.92
206.32
206.71
207.11
207.5
207.9
208.3
208.69
209.08
209.47
209.87
210.27
210.66
211.05
211.45
211.84
212.23
212.63
213.03
213.42
213.81
214.21
214.61
215.0
215.4
215.8
216.19
216.58
216.97
217.37
217.76
218.16
218.55
218.96
219.35
219.74
220.13
220.54
220.92
221.32
221.71
222.1
222.5
222.9
223.29
223.69
224.08
224.48
224.87
225.26
225.65
226.06
226.45
226.85
227.24
227.66
228.05
228.46
228.86
229.25
229.64
230.06
230.49
230.95
231.38
231.83
232.27
232.69
233.16
233.59
234.07
234.55
235.02
235.47
235.94
236.41
236.88
237.37
237.84
238.31
238.76
239.23
239.72
240.18
