1.592919
3.716811
5.840703
7.964595
10.088487
12.212379
14.336271
16.460163
18.584055
20.707947
22.831839
24.955731
27.079623
29.203515
31.327407
33.451299
35.586588
37.705291
39.836033
41.949068
44.068247
46.192139
48.316031
50.439923
52.563815
54.690464
56.815275
58.939167
61.063059
63.186951
65.310843
67.439604
69.569769
71.699861
73.820863
75.938835
78.06314
80.189556
82.309645
84.432461
86.556889
88.681317
90.805745
92.930173
95.054601
97.176716
99.29806
101.419404
103.540748
105.669973
107.793341
109.919191
112.046811
114.168779
116.291707
118.415583
120.539459
122.663335
124.787211
126.911087
129.034963
131.159382
133.283379
135.407175
137.531079
