5.338616
7.275557
9.132602
11.045039
12.899074
14.788834
16.678594
18.579782
20.500136
22.375136
24.217922
26.107682
27.997442
29.887202
31.799818
33.689578
35.568268
37.454338
39.344098
41.233858
43.123618
45.013378
46.903138
48.792898
50.682658
52.591286
54.477868
56.351904
58.243724
60.141044
62.023484
63.898484
65.798018
67.726539
69.636368
71.66663
74.06663
76.192046
78.03385
79.754881
81.513742
83.281711
85.046411
86.811111
88.55662
90.295732
92.054035
93.818735
95.564244
97.31615
99.08085
100.832666
102.584482
104.336298
106.057808
107.822508
109.568017
111.319923
113.084623
114.842881
116.594697
118.444541
120.196357
121.971331
123.710443
125.449555
127.22776
128.986066
130.737882
132.489698
134.241514
135.99333
137.707871
139.447262
141.388926
143.758104
146.424864
148.862038
151.105026
153.412924
155.715443
158.001155
160.234244
162.68499
165.146524
167.184898
168.956324
170.70814
172.459956
174.211772
175.950988
177.706167
179.451676
181.197185
182.961885
184.713791
186.452903
188.192015
189.950318
191.705497
193.451013
195.202829
196.954645
198.706461
200.484237
202.262013
204.029982
205.804489
207.543895
209.734611
212.315235
214.895859
216.845349
218.654163
