4.125
5.69205
7.273608
8.868344
10.452552
11.993783
13.529793
15.090876
16.651859
18.202753
19.729083
21.277655
22.836091
24.379545
25.910655
27.446665
29.000107
30.536211
32.087203
33.638097
35.179037
36.695723
38.226925
39.758035
41.301485
42.835075
44.371085
45.932168
47.493151
49.036605
50.590047
52.148483
53.696863
55.264296
56.807746
58.341336
59.884786
61.418376
62.961826
64.488066
66.014396
67.560296
69.093886
70.608121
72.120216
73.663666
75.192326
76.720986
78.25709
79.803274
81.31751
82.84617
84.37728
85.91329
87.4444
88.98286
90.5238
92.06725
93.59836
95.13437
96.66796
98.21634
99.803435
101.414245
103.015119
104.594063
106.165267
107.72625
109.284686
110.843122
112.416939
114.003829
115.606511
117.182979
118.759343
120.315364
121.871286
123.429722
125.003539
126.567102
128.103206
129.624606
131.165636
132.714016
134.247606
135.806239
137.34489
138.895882
140.446776
141.995156
143.543536
145.091916
146.640296
148.166626
149.707656
151.241246
152.784696
154.333076
155.866666
157.417658
158.961112
160.499572
162.038032
163.576492
165.122392
166.663332
168.216774
169.77521
170.934049
172.087894
173.626354
175.179796
176.738232
178.304309
179.946463
181.613127
183.279791
185.006407
186.733023
188.423917
190.090581
191.757245
193.423909
195.045529
196.700701
198.333353
199.954973
201.582109
203.214761
204.825489
206.463771
208.096423
209.729075
211.329075
212.953564
214.586216
216.207836
217.818646
219.426692
221.070753
222.692373
224.313993
225.943887
227.576539
229.198159
230.819779
232.421623
233.997975
235.575299
237.154243
238.733187
240.312131
241.935623
243.504247
245.083191
246.646721
248.220505
249.799449
251.400279
252.989679
254.584693
256.206313
257.895071
259.516691
261.106304
262.701848
264.312576
265.901976
267.512704
269.123432
270.802701
272.408065
274.016111
275.605583
277.195055
278.805783
280.395255
281.984655
283.584655
285.184655
286.784655
288.417526
290.020533
291.609933
293.215329
294.810061
296.423626
298.080048
