1.840443
4.275557
6.720439
9.181347
11.629846
14.07127
16.514303
18.960959
21.408273
23.858629
26.302212
28.750721
31.198936
33.645535
36.095291
38.541261
40.98787
43.43342
45.863244
48.303811
50.75197
53.199169
55.651522
58.097674
60.544149
62.992107
65.442266
67.88518
70.333582
72.785867
75.230107
77.674154
80.123004
82.571055
85.016396
87.470896
89.922873
92.361454
94.807764
97.255899
99.703275
102.151406
104.596327
107.047675
109.491858
111.94019
114.386731
116.836736
119.285902
121.731015
124.17767
126.62314
129.082126
131.529655
133.975324
136.42309
138.870151
141.316875
143.765375
146.211935
148.659811
