3.363073
5.283069
7.203065
9.123061
11.043057
12.963053
14.883049
16.803045
18.719366
20.638137
22.558133
24.478129
26.398125
28.318121
30.238117
32.158113
34.078109
35.998105
37.918101
39.838097
41.758093
43.678089
45.598085
47.521312
49.442385
51.362381
53.282377
55.202373
57.122369
59.042365
60.962361
62.882357
64.802353
66.722349
68.642345
70.562341
72.482337
74.402333
76.322329
78.242325
80.162321
82.082317
84.002313
85.922309
87.842305
89.762301
91.682297
93.602293
95.522289
97.442285
99.362281
101.282277
103.202273
105.122269
107.042265
108.962261
110.882257
112.802253
114.722249
116.642245
118.562241
120.482237
122.402233
124.322229
