4.033592
6.047052
8.031989
10.055875
12.104518
14.141576
16.174947
18.35453
21.460881
24.0312925
26.2714795
28.4423545
30.6476035
32.9149315
35.1694075
37.3865495
39.6598995
42.2283305
44.8608825
47.0163405
49.2947145
51.6038985
53.8846145
56.0799265
58.2752385
60.4705505
62.6658625
64.8478295
66.9897615
69.1612945
71.3426945
73.5240945
75.7054945
77.8867205
80.0678885
82.2490565
84.4302245
86.6118755
88.7936875
90.9755025
93.1573185
95.3391315
97.5209585
99.7027755
101.8845875
104.0663995
106.2482115
108.4300385
110.6118555
112.7936675
114.9754795
117.1573065
119.3391235
121.5209355
123.7027625
125.8845795
128.0663915
130.2482035
132.4300305
134.6118475
136.7936595
138.9754715
141.1572985
143.3387825
145.5208105
147.7027465
149.8845635
152.0663755
154.2481875
156.4305005
158.6119695
160.7936145
162.9754305
165.1577445
167.3392405
169.5207985
171.7026905
173.8845395
176.0663515
178.2481785
180.4299955
182.6117145
184.7935885
186.9754465
189.1572635
191.3395345
193.5215565
195.1577025
196.7937135
198.9754095
201.1572365
203.3390535
205.5208655
207.7026775
209.8845045
212.0663215
214.2481335
216.4299455
218.6117725
220.7935895
222.9754015
225.1572135
227.3390405
229.5208575
231.7026845
233.8845015
236.0662985
238.2481085
240.4299245
242.6122385
244.7937075
246.9753525
249.1571685
251.3394825
253.5209515
255.7026085
257.8844255
260.0661445
262.2480185
264.4298765
266.6116935
268.7934125
270.9753045
273.1571565
275.3389725
277.5207885
279.7026045
281.8844205
284.0662365
286.2480525
288.4298685
290.6116845
292.7935005
294.9753165
297.1571325
299.3389455
301.5207575
303.7025695
305.8843815
308.0661935
310.2480205
312.4298375
314.6116495
316.7934615
318.9752885
321.1571055
323.3388245
325.5205905
327.7025085
329.8844505
332.0662005
334.2479965
336.4298135
338.6121265
340.7941475
342.9754365
345.1570695
347.3388815
349.5207085
351.7025255
353.8843375
356.0661495
358.2479765
360.4298085
