4.80799
6.263652
7.726644
9.173016
10.5983155
12.0387125
13.474701
14.9125335
16.347339
17.7915495
19.229598
20.658927
22.096838
23.537745
24.963653
26.400332
27.830601
29.252502
30.671989
32.100167
33.514775
34.925644
36.349705
37.769086
39.179865
40.5958575
42.0196045
43.4536225
44.8976185
46.3302645
47.7566525
49.2031275
50.6341625
52.0558565
53.4807985
54.9082455
56.352957
57.78518
59.224369
60.669058
62.121355
63.55815
64.9747125
66.499023025
67.890023275
69.297501775
70.817335275
72.200247275
73.747240525
75.122570525
76.660517275
78.071327525
79.616175775
81.074436275
82.508077775
83.944188275
85.396779275
86.846620275
88.272697775
89.693466275
91.136032775
92.561225275
93.989144275
95.402708775
96.836176775
98.237670775
99.656581775
101.095447775
102.515039275
103.936306275
105.345124775
106.768313775
108.181442775
109.602209775
111.030786775
112.468015775
113.913154775
115.336346775
116.776852775
118.202738775
119.640494775
121.066870775
122.491070775
123.930394775
125.381613775
126.827106275
128.253210775
129.693494275
131.118533775
132.528772275
133.937116025
135.405349025
136.949342275
138.332705275
139.715060525
141.241902775
142.637764275
144.176473025
145.705884525
147.147090525
148.599982525
150.026814525
151.481165025
152.871750525
154.318236025
155.751998525
157.184313025
158.621958025
160.054064525
161.472950525
162.861638525
164.250326525
165.650296525
167.055907525
168.461518525
169.876053525
171.306586525
172.731675525
174.151452525
175.587777025
177.023815025
178.444645025
179.871449025
181.288538025
182.732150025
184.154061025
185.589012025
187.017590025
188.432976025
189.872284525
191.325683525
192.758878525
194.186005525
195.622034525
197.050671525
198.497558525
199.939467025
201.374726025
202.814143025
204.229892025
205.676318025
207.126135025
208.579619025
210.030385525
211.516108525
212.991381025
214.465011525
215.917245525
217.391202525
218.849014525
220.298723525
221.726671025
223.137974525
224.563093525
225.980207525
227.400345525
228.826299525
230.242127525
231.659268025
233.067284025
234.496596025
235.911378025
237.326160025
238.786875025
240.247590025
241.714035025
243.191940025
244.669845025
246.139558025
247.605175025
249.070792025
250.549553525
252.007798525
253.458681525
254.924965525
256.378356525
257.852331025
259.314322525
260.757858025
262.206475025
263.759383025
265.241569525
266.697938025
268.169344525
269.620965525
271.106214025
272.603743025
274.076989525
275.520296025
276.973230525
278.428395025
279.948092025
281.406127025
282.832561525
284.289554025
285.715800525
287.134981025
288.563891525
290.014654525
291.436750525
292.862226525
294.287178025
