1.564035
3.66365
5.738127
7.824243
9.899445
12.015313
14.099226
16.151422
18.22262
20.304322
22.386586
24.455678
26.545996
28.635427
30.714789
32.787167
34.87521
36.960897
39.043621
41.124856
43.21106
45.296154
47.378081
49.460153
51.540402
53.627083
55.707782
57.783675
59.871105
61.955456
64.037763
66.112803
68.203575
70.280926
72.36254
74.446423
76.522877
78.612769
80.700162
82.777722
84.863492
86.946231
89.03031
91.114813
93.194508
95.279005
97.359198
99.43918
101.523869
103.607732
105.691435
107.758128
109.836542
111.917045
113.997004
116.082947
118.166268
120.247188
122.331193
124.413616
126.495811
128.576884
130.661048
132.740818
134.822795
136.907477
138.98333
141.059396
143.148675
145.236189
147.316852
149.383285
151.477219
153.556885
155.63085
157.716711
