4.999929
6.818085
8.636241
10.456998
12.278622
14.100246
15.92187
17.743494
19.565118
21.386742
23.208366
25.02999
26.851614
28.673238
30.500058
32.32861
34.157162
35.980518
37.802142
39.623766
41.44539
43.267014
45.088638
46.910262
48.731886
50.555242
52.383794
54.212346
56.040898
57.868584
59.692806
61.51443
63.336054
65.157678
66.979302
68.800926
70.62255
72.444174
74.26753
76.096082
77.924634
79.753186
81.579139
83.399028
85.224116
87.049204
88.874292
90.69938
92.524468
94.349556
96.174644
97.999732
99.82482
101.648175
103.466331
105.289686
107.122631
108.958195
110.793759
112.629323
114.459628
116.282984
118.104608
119.926232
121.747856
123.56948
125.391104
127.212728
129.034352
130.863794
132.695842
134.52789
136.354718
138.179806
140.004894
141.829982
143.65507
145.485378
147.317426
149.149474
150.9789
152.807452
154.636004
156.464556
158.293108
160.12166
161.945016
163.76664
165.588264
167.409888
169.231512
171.060954
172.893002
174.72505
176.551878
178.376966
180.202054
182.027142
183.85397
185.686018
187.518066
189.350114
191.182162
193.01421
194.845384
196.672204
198.493828
200.315452
202.137076
203.9587
205.780324
207.60368
209.432232
