8.91891
12.16215
15.438711
18.693058
21.969619
25.246488
28.51225
31.75549
35.032051
38.286398
41.562959
44.817306
48.106878
51.361225
54.615572
57.892133
61.14648
64.423041
67.677388
70.953949
74.224844
77.490148
80.755452
84.020756
87.28606
90.551364
93.816668
97.081972
100.347276
103.61258
106.877884
109.326862
111.77584
115.041144
118.306448
121.571752
124.837056
128.10236
131.367664
134.632968
137.898272
141.163576
144.42888
147.694184
150.959488
154.224792
157.490096
160.7554
164.020704
167.286008
170.551312
173.816616
177.08192
180.347224
183.612528
186.877832
190.143136
193.40844
196.673744
199.939048
203.204352
206.469656
209.76874
213.028756
216.305317
219.576212
222.841516
226.10682
229.372124
232.637428
235.902732
239.168036
242.427824
245.682171
248.958732
252.213004
255.478308
258.743612
262.008916
265.2996125
268.6446755
272.0504695
275.4679985
278.8423595
282.1989995
285.5447375
288.6087455
291.8519855
295.0219875
