4.030705
6.333965
8.637225
10.940485
13.243745
15.547005
17.86195
20.169642
22.477334
24.785026
27.092718
29.40041
31.708102
34.015794
36.323486
38.631178
40.93887
43.246562
45.554254
47.85973
50.166314
52.474006
54.781698
57.08939
59.397082
61.704774
64.012466
66.320158
68.62785
70.935542
73.243234
75.550926
77.858618
80.16631
82.474002
84.781694
87.089386
89.397078
91.70477
94.012462
96.320154
98.627846
100.935538
103.24323
105.550922
107.858614
110.166306
112.473998
114.78169
117.089382
119.397074
121.704766
124.012458
126.32015
128.627842
130.935534
133.243226
135.550918
137.85861
140.166302
142.473994
144.781686
147.089378
149.39707
151.704762
154.012454
156.320146
158.627838
160.93553
163.243222
165.550914
167.858606
