4.538131
6.554927
8.571723
10.588519
12.605315
14.622111
16.638907
18.655703
20.672499
22.689295
24.706091
26.722887
28.739683
30.756479
32.773275
34.790071
36.806867
38.823663
40.840459
42.857255
44.874051
46.890847
48.907643
50.924439
52.941235
54.958031
56.974827
58.991623
61.008419
63.025215
65.042011
67.058807
69.075603
71.092399
73.109195
75.125991
77.142787
79.159583
81.176379
83.193175
85.209971
87.226767
89.243563
91.260359
93.277155
95.293951
97.310747
99.327543
101.344339
103.361135
105.377931
107.394727
109.411523
111.428319
113.445115
115.461911
117.478707
119.495503
121.512299
123.529095
125.545891
127.562687
129.579483
131.596279
