5.342607
7.293819
9.214001
11.137866
13.073338
15.00881
16.944282
18.891559
20.842771
22.793983
24.710356
26.615116
28.554715
30.505927
32.457139
34.408351
36.347758
38.28323
40.207095
42.127091
44.047087
45.97869
47.914162
49.861439
51.812651
53.752058
55.68753
57.623002
59.558474
61.493946
63.429418
65.36489
67.300362
69.235834
71.171306
73.106778
75.04225
76.977722
78.942146
81.353856
83.28238
85.233592
87.249477
89.001297
90.762777
92.527477
94.292177
96.056877
97.821577
99.586277
101.350977
103.115677
104.880377
106.645077
108.409777
110.174477
111.939177
113.703877
115.468577
117.233277
118.556802
119.880327
121.645027
123.409727
125.174427
126.939127
128.703827
130.468527
132.226831
133.975475
135.727295
137.491995
139.256695
141.021395
142.786095
144.550795
146.335247
148.096871
149.848691
151.600511
153.391547
155.162975
156.914795
158.676419
160.457651
162.209471
163.961291
165.726089
167.503865
169.281641
171.003861
172.775099
174.539799
176.304499
178.069199
179.833899
181.598599
183.363299
185.127999
186.871104
188.614209
190.378909
192.143609
193.908309
195.673009
197.437709
199.202409
200.947921
202.696565
204.467852
206.245628
208.003937
209.830081
211.759393
213.815315
215.857972
217.850619
219.817827
221.785035
223.752243
225.719451
227.686659
229.653867
231.621075
233.588283
235.555491
237.522699
239.489907
241.457115
243.424323
245.391531
247.383333
249.338738
251.305946
253.273154
255.240362
257.20757
259.174778
261.141986
263.109194
265.076402
267.04361
269.010818
270.978026
272.945234
274.912442
276.891845
