1.407291
3.283679
5.160067
7.036455
8.912078
10.787446
12.662814
14.538182
16.41355
18.288918
20.164286
22.039654
23.915022
25.79039
27.665758
29.541126
31.416494
33.291862
35.16723
37.042598
38.917966
40.793334
42.667787
44.542553
46.417525
48.292497
50.167469
52.042441
53.917413
55.792385
57.667443
59.542759
61.418075
63.293391
65.168707
67.044023
68.919339
70.794655
72.669971
74.545287
76.420603
78.295919
80.171208
82.046488
83.921768
85.797048
87.672328
89.547608
91.422888
93.298168
95.173448
97.048728
98.924008
100.799288
102.674568
104.549848
106.425128
108.300408
110.175688
112.050968
113.926248
115.801528
117.676808
119.552088
121.427368
123.302648
125.177928
127.053208
128.928488
130.803768
132.679048
134.554328
136.429608
138.304888
140.180168
142.054827
143.929279
145.803731
147.678819
149.554119
151.429419
153.304719
155.180019
157.055319
158.930619
160.805919
162.681219
164.556519
166.431819
168.307119
170.182419
172.057719
173.933019
175.808319
177.683619
179.558919
181.434219
183.309519
