4.660168
7.019975
9.38468
11.752175
14.083145
16.2169055
18.6291495
21.0299965
23.4240535
25.8485415
28.2546005
30.6667185
33.0728935
35.5110075
37.9173085
40.3729735
42.7972095
45.2400005
47.6889765
50.1201435
52.5142005
54.9213715
57.2975995
59.6507555
61.9753495
64.3282895
66.6812295
69.0341695
71.3756815
73.7057655
76.0765215
78.4297985
80.7486785
83.0903025
85.4323655
87.7624495
90.0760615
92.4063695
94.7886615
97.1648895
99.5068415
101.8837605
104.2488025
106.6134945
108.9493465
111.2914095
113.604909
115.981137
118.311333
120.619871
122.92239
125.247656
127.561792
129.870102
132.183699
134.480809
136.794741
139.119446
141.456542
143.786626
146.11671
148.446794
150.760072
153.063188
155.376466
157.70655
159.979176
162.32673
164.634406
166.958888
169.267739
171.582901
173.8992025
176.2292865
178.5099095
180.8399935
183.1532715
185.4777535
187.7860635
190.0557975
192.3634735
194.6711495
196.9788255
199.2755195
201.5777045
204.0060145
206.3589545
208.5846495
210.8982465
213.2589195
215.5230555
217.9076345
220.2723265
223.608237
227.346525
231.01505
234.598723
238.264721
241.94303
245.621778
249.258126
252.815422
256.45177
259.968381
263.473272
266.967769
270.339341
273.696459
277.076727
280.456995
283.549052
286.305228
288.730429
291.106897
293.426223
295.723333
298.053641
300.379093
302.687738
304.980268
307.278232
309.631172
311.984112
314.337052
316.696492
319.03229
321.357438
323.710594
326.082152
328.406966
330.783194
333.159422
335.462466
337.770142
340.056048
342.352839
344.677656
346.97435
349.287628
351.5871785
353.8948545
356.1811645
358.4778585
360.7745525
363.0495735
365.3353825
367.6159045
369.8536985
372.1412745
374.416657
376.75872
379.044432
381.35233
383.6768675
385.9634965
388.2441195
390.5799175
392.9328575
395.2049295
397.4858635
399.7502135
402.0359255
404.3002755
406.5756075
408.8347675
411.1213035
413.3965405
415.6822525
417.9471965
420.1910635
422.4877575
424.7414265
427.000436
429.270668
431.551882
433.859558
436.167234
