6.951194
8.786082
10.613802
12.481926
14.323819
16.164605
17.984227
19.75837
21.58757
23.394635
25.232137
27.066246
28.897139
30.726522
32.549878
34.36252
36.194674
38.021781
39.857458
41.680802
43.494343
45.309804
47.133547
48.945585
50.772374
52.589308
54.408578
56.221385
58.049299
59.879169
61.70117
63.466117
65.278133
67.099307
68.924182
70.738605
72.547708
74.358319
76.172035
77.982968
79.794883
81.608235
83.435821
85.23759
87.049973
88.852139
90.669414
92.462937
94.282262
96.0981
97.89058
99.671245
101.574547
103.376313592
105.191090592
106.981006592
108.845136592
110.669142592
112.475075592
114.252031592
116.066520592
117.881693592
119.704776592
121.520722592
123.331310592
125.153596592
126.955799592
128.721109592
130.542586592
132.347902592
134.169559592
135.964994592
137.782101592
139.605810592
141.420812592
143.215310592
145.018362592
146.826350592
148.639771592
150.422622592
152.269055592
154.109880592
155.951483592
157.775780592
159.633755592
161.481529592
163.312310592
165.062462592
166.870449592
168.686021592
170.509716592
172.305109592
174.123658592
175.934278592
177.753999592
179.508043592
181.308523592
183.117952592
184.919469592
186.678417592
188.462179592
190.257453592
192.064854592
193.870102592
195.669955592
197.499168592
199.304845592
201.065051592
202.844728592
204.644846592
206.442097592
208.147703592
209.894420592
211.674281592
213.463803592
215.226214592
216.985793592
218.776208592
220.549222592
222.294540592
224.063019592
225.857067592
227.636454592
229.436921592
