2.312128
4.624256
7.203878
9.600282
12.140764
14.596004
17.471108
21.157736
23.632215
25.547615
27.463015
29.370892
31.264576
33.166695
35.109686
37.040411
38.979062
40.953918
42.939026
44.905288
46.873113
48.843553
50.813993
52.73574
54.702183
56.688935
58.675687
60.621066
62.590337
64.572169
66.554001
68.485436
70.460972
72.450613
74.433881
76.393939
78.352724
80.313504
82.274284
84.251465
86.234113
88.216761
90.199409
92.160271
94.127107
96.103842
98.066071
100.022855
101.979639
103.936423
105.893207
107.841371
109.785356
111.736568
113.68778
115.619755
117.566151
119.536591
121.483742
123.443995
125.411203
127.378411
129.342604
131.295031
133.253426
135.191345
137.121377
139.079897
141.011325
142.954542
144.893949
146.829421
148.78568
150.742868
152.68269
154.608672
156.531748
158.454824
160.370997
162.277542
164.182371
166.093955
168.005539
169.898216
171.833093
173.789877
175.742482
177.693694
179.641942
181.589202
183.536462
185.483722
187.430982
189.345797
191.261221
193.171303
195.090941
197.014781
198.938621
200.858426
202.775164
204.691328
206.587689
208.477449
210.335033
212.189404
214.034136
215.923462
217.885446
219.869344
221.847092
223.754428
225.699808
227.65898
229.619756
231.589412
233.555872
235.52889
237.897932
240.531914
242.614927
244.522715
246.447186
248.377218
250.28265
252.208562
254.144034
256.066168
258.019184
259.98078
261.932788
263.894384
265.852573
267.808561
269.764549
271.734418
273.695033
275.640335
277.594558
279.552942
281.500613
283.433583
285.380913
287.355848
289.285081
291.195141
293.105201
295.015261
296.920776
298.834472
300.752549
302.665279
304.5631
306.465609
308.366034
310.248874
312.13724
314.06534
315.97415
317.845168
319.701519
321.561979
323.413307
325.253377
327.090783
328.943537
330.793607
333.225017
