5.92104
7.4974205
9.0712375
10.6653925
12.23569
13.7994525
15.39182
16.960444
18.529068
20.150511
21.719201
23.2904545
24.8693985
26.444522
28.0120045
29.5909485
31.1803485
32.763381
34.347996
35.9192
37.487824
39.056448
40.647414
42.226358
43.805302
45.392088
46.9514985
48.5408985
49.7129555
51.299002
52.899002
54.499002
56.030812
57.652432
59.206826
60.801815
62.3743755
63.948259
65.5055715
67.0856115
68.668644
70.258044
71.81648
73.421301
74.979934
76.580779
78.1482615
79.737802
81.319461
82.893379
84.451815
86.047227
87.626781
89.221922
90.7829545
92.3568415
93.9359915
95.5281475
97.1124595
98.6810835
100.2600955
101.8313165
103.3999405
104.994799
106.589657
108.158281
109.7119185
111.2908625
112.4989085
114.079513
115.626008
117.242334
118.811782
120.398877
121.983492
123.5472545
125.1420905
126.7212405
128.2898645
129.8649385
131.4551755
133.0445755
134.6184925
136.1731575
137.7789815
139.3527995
140.923097
142.5073695
144.0944645
145.6786725
147.2346935
148.8456445
150.4142685
151.9727705
153.5729725
155.1521175
156.7235215
158.3211765
159.8798785
161.4537965
163.0511465
164.6300905
166.2090345
167.7958205
169.3773785
170.9520965
172.5207205
174.1049265
175.6838705
177.2628145
178.8474295
180.4058655
181.99287675
183.55784925
185.14243125
186.70740375
188.31813175
189.91327275
191.47177475
193.01080075
194.60020075
