1.319646
3.082663
4.846843
6.611413
8.376113
10.141983
11.906392
13.670184
15.433976
17.197768
18.96156
20.725352
22.489144
24.252936
26.016437
27.779841
29.543245
31.306649
33.070053
34.834723
36.598549
38.361953
40.125357
41.888761
43.653626
45.417517
47.181119
48.944787
50.708455
52.472123
54.235791
56.000812
57.764931
59.528599
61.292267
63.055935
64.819696
66.583488
68.34728
70.111072
71.874864
73.638656
75.402643
77.166695
78.930747
80.694799
82.458851
84.222903
85.98676
87.750552
89.514344
91.278136
93.041928
94.804847
96.568447
98.332371
100.096295
101.860219
103.624143
105.388067
107.151991
108.915915
110.679839
112.443763
114.207687
115.971611
117.735535
119.499459
121.263383
123.027307
124.791231
126.555155
128.324251
