3.789468
5.684202
7.578936
9.47367
11.368404
13.263138
15.157872
17.052606
18.94734
20.842074
22.736808
24.631542
26.526276
28.42101
30.315744
32.210478
34.105212
35.999946
37.89468
39.789414
41.684148
43.578882
45.473616
47.36835
49.263084
51.157818
53.052552
54.947286
56.84202
58.736754
60.631488
62.526222
64.420956
66.31569
68.210424
70.105158
71.999892
73.894626
75.78936
77.684094
79.578828
81.473562
83.368296
85.26303
87.157764
89.052498
90.947232
92.841966
94.7367
96.631434
98.526168
100.420902
102.315636
104.21037
106.105104
107.999838
109.894572
111.789306
113.68404
115.578774
117.473508
119.368242
121.262976
123.15771
125.052444
126.947178
128.841912
130.736646
132.63138
134.526114
136.420848
138.315582
140.210316
142.10505
143.999784
145.894518
147.789252
149.683986
151.57872
153.473454
155.368188
157.262922
