5.076907
6.923055
8.769203
10.615351
12.461499
14.307647
16.153795
17.999943
19.846091
21.692239
23.539884
25.392201
27.240239
29.086387
30.932535
32.778683
34.624831
36.470979
38.317127
40.163275
42.009423
43.855571
45.701719
47.547867
49.394015
51.240163
53.086311
54.932459
56.778607
58.624755
60.470903
62.317051
64.163199
66.009347
67.857307
69.682873
71.521959
73.368107
75.214255
77.060403
78.906551
80.752699
82.598847
84.448943
86.296407
88.145867
89.993119
91.839267
93.685415
95.531563
97.377711
99.223859
101.070007
102.916155
104.762303
106.608451
108.454599
110.300747
112.146895
113.993043
115.839191
117.685339
119.531487
121.377635
123.223783
125.069931
126.916079
128.762227
130.608375
132.454523
134.300671
136.146819
