1.941324
4.529756
7.112344
9.692984
12.273624
14.854264
17.434904
20.015544
22.596184
25.176824
27.757464
30.338104
32.918744
35.499384
38.080024
40.660664
43.241304
45.821944
48.402584
50.983224
53.563864
56.144504
58.725144
61.305784
63.886424
66.467064
69.047704
71.628344
74.208984
76.789624
79.370264
81.952155
84.533212
87.113852
89.694492
92.275132
94.855772
97.436412
100.017052
102.597692
105.178332
107.761474
110.342948
112.923588
115.504228
118.084868
120.666759
123.247816
125.828456
128.411598
130.993072
133.573712
136.154352
138.734992
141.315632
143.896272
146.476912
149.052986
151.632104
154.212744
