1.767558
4.124302
6.481046
8.813784
11.164335
13.523491
15.882647
18.241803
20.600959
22.960115
25.319271
27.678427
30.037583
32.396739
34.755895
37.115051
39.473613
41.831977
44.190341
46.548705
48.907069
51.265433
53.623797
55.982161
58.340525
60.698889
63.057253
65.415617
67.774206
70.13287
72.492452
74.85234
77.212228
79.572116
81.932004
84.291892
86.65178
89.011668
91.371556
93.731444
96.091332
98.45122
100.810772
103.170212
105.529652
107.889092
110.248532
112.607972
114.967412
117.326852
119.686292
122.045732
124.405172
126.764612
129.12362
131.482484
133.841348
136.200212
138.559076
140.91794
143.276804
145.635668
147.994532
150.353396
152.71226
155.071124
157.430219
159.789391
162.148563
164.507735
166.866907
169.226079
171.585251
173.944423
176.303595
178.662767
181.021939
183.381111
185.740283
188.099419
190.458543
192.817667
195.176791
197.535915
199.895039
202.254163
204.613287
206.972483
209.331703
211.690923
214.050143
216.409363
218.768613
221.127873
223.487133
225.846393
228.205653
230.564913
232.924173
235.283433
237.642693
240.001953
242.361213
244.720473
247.079733
