4.790331075
5.912154075
7.031034075
8.138106075
9.213169075
10.323011075
11.424244075
12.522636075
13.619772075
14.709440075
15.794180075
16.875270075
17.952710075
19.008231075
20.056714075
21.086474075
22.215926075
23.319122075
24.405422075
25.517264075
26.634840075
27.752416075
28.840793075
29.912231075
30.981267075
32.050303075
33.115784075
34.180080075
35.242612075
36.297569075
37.350197075
38.402825075
39.455453075
40.508081075
41.560709075
42.613337075
43.661663075
44.708555075
45.755447075
46.802339075
47.849231075
48.896123075
49.943015075
50.989907075
52.037654075
53.091168075
54.159928075
55.226006075
56.290302075
57.357265075
58.425117075
59.492969075
60.560821075
61.628673075
62.696525075
63.764377075
64.832229075
65.901866075
66.972098075
68.042330075
69.112562075
70.182794075
71.249456075
72.314928075
73.380400075
74.445872075
75.511344075
76.580386075
77.650618075
78.720850075
79.795589075
80.880334075
81.966302075
83.023818075
84.071850075
85.123329075
86.175957075
87.228585075
88.281213075
89.335578075
90.394602075
91.458898075
92.523194075
93.587490075
94.651786075
95.714318075
96.771879075
97.827979075
98.884079075
99.940179075
100.994542075
102.048326075
103.102110075
104.155894075
105.209678075
106.263462075
107.314654075
108.364982075
109.415310075
110.465638075
111.515966075
112.566294075
113.618347075
114.680323075
115.752950075
116.826774075
117.889051075
118.947479075
120.005907075
121.064335075
122.124518075
123.185286075
124.249582075
125.315054075
126.384096075
127.454328075
128.524560075
129.594792075
130.665024075
131.735256075
132.809985075
133.898150075
134.999720075
136.104432075
137.209144075
138.310061075
139.405954075
140.500594075
141.584158075
142.380964075
143.163568075
144.217387075
145.274655075
146.331923075
147.390934075
148.450526075
149.510118075
150.569710075
151.629302075
152.688894075
153.748486075
154.808078075
155.867670075
156.929908075
157.993028075
159.052629075
160.111057075
161.188304075
162.271824075
163.355344075
164.435207075
165.518423075
166.586948075
167.650068075
168.713188075
169.776308075
170.845656075
171.922495075
173.001139075
174.079783075
175.162084075
176.253008075
177.350150075
178.452334075
179.555782075
180.659230075
181.765540075
182.872804075
183.980068075
185.087332075
186.202330075
187.319906075
188.433597075
189.534548075
190.626083075
191.715751075
192.805419075
193.909241075
195.017781075
196.110316075
197.193838075
198.276134075
199.353879075
200.430107075
201.501838075
202.567618075
203.631914075
204.696210075
205.760506075
206.824802075
207.889098075
208.950748075
210.011516075
211.072284075
212.133052075
213.193820075
214.254588075
215.315356075
216.376124075
217.436892075
218.497660075
219.558428075
220.619196075
221.679964075
222.740732075
223.801500075
224.862268075
225.923036075
226.983804075
228.048991075
229.115651075
230.182311075
231.248971075
232.315631075
233.382291075
234.448951075
235.515611075
236.582271075
237.648931075
238.715591075
239.782251075
240.848911075
241.915571075
242.982231075
244.048891075
245.118230075
246.192959075
247.292464075
248.399728075
249.501283075
250.584276075
251.642243075
252.699806075
253.759398075
254.818990075
255.874226075
256.923696075
257.971728075
259.019760075
260.067792075
261.115824075
262.163856075
263.211888075
264.259920075
265.307952075
266.355984075
267.409200075
268.472931075
