1.383606
3.228975
5.075122
6.921466
8.76781
10.614154
12.460498
14.306842
16.153186
17.99953
19.845874
21.692218
23.538313
25.384325
27.230337
29.076349
30.922361
32.768373
34.614385
36.460397
38.306409
40.152421
41.998433
43.844445
45.690457
47.536469
49.382481
51.228493
53.074589
54.920713
56.766837
58.612961
60.459085
62.305209
64.151333
65.997457
67.84374
69.690076
71.536412
73.382748
75.229084
77.075177
78.921189
80.767201
82.613213
84.459225
86.305237
88.151249
89.997261
91.843273
93.689285
95.535297
97.381447
99.227643
101.073839
102.920035
104.766231
106.612427
108.458623
110.304819
112.150952
113.997064
115.843176
117.689288
119.5354
121.381512
123.227624
125.073736
126.91995
128.766198
130.612446
132.458694
134.304942
136.15119
137.997438
139.843686
141.689934
143.536182
145.38243
147.228678
149.074926
150.921174
152.767422
154.61367
