3.230759
5.076907
6.923055
8.769203
10.615351
12.461499
14.307647
16.153795
17.999943
19.846091
21.692239
23.538387
25.384535
27.230683
29.076831
30.922979
32.769127
34.615275
36.461423
38.307571
40.153719
41.999867
43.846015
45.692163
47.538311
49.384459
51.230607
53.076755
54.922903
56.769051
58.615199
60.461347
62.307495
64.153643
65.999791
67.845939
69.692087
71.538235
73.384383
75.230531
77.076679
78.922827
80.768975
82.615123
84.461271
86.307419
88.153567
89.999715
91.845863
93.692011
95.538159
97.384307
99.230455
101.076603
102.922751
104.768899
106.615047
108.461195
110.307343
112.153491
113.999639
115.845787
117.691935
119.538083
121.384231
123.230379
125.076527
126.922675
128.768823
130.614971
132.461119
134.307267
136.153415
137.999563
139.845711
141.691859
143.538007
145.384155
147.230303
149.076451
150.922599
152.768747
154.614895
156.461043
