1.363635
3.180714
4.998464
6.813923
8.63027
10.448298
12.264971
14.080408
15.899314
17.714689
19.526125
21.34212
23.163127
24.979802
26.793672
28.612887
30.431055
32.246965
34.066514
35.883386
37.700105
39.515928
41.331629
43.148012
44.964588
46.781164
48.597314
50.414612
52.23081
54.048064
55.864139
57.681486
59.497898
61.314709
63.131198
64.948903
66.766405
68.58249
70.399999
72.217674
74.034302
75.851497
77.668792
79.484698
81.302577
83.119494
84.935702
86.754402
88.571921
90.388357
92.204558
94.020501
95.837764
97.654016
99.471048
101.289065
103.105301
104.923887
106.738324
108.556369
110.374896
112.191441
114.008729
115.826437
117.644382
119.460789
121.278478
123.096333
124.914311
126.732109
128.54742
130.36516
132.183811
134.001741
135.819329
137.636757
139.453926
141.271583
143.089904
144.907805
146.725735
148.543637
150.360569
152.179178
153.995561
155.81309
157.631322
