4.799993
6.512943
8.199414
9.88067
11.576912
13.28814
14.999368
16.710596
18.415449
20.095923
21.789421
23.477655
25.168994
26.869469
28.568129
30.250316
31.933203
33.62469
35.343549
37.036301
38.73958
40.44519
42.164742
43.854671
45.544982
47.230818
48.926805
50.604056
52.288602
53.981718
55.681438
57.360732
59.038325
60.733886
62.425826
64.111663
65.80315
67.500913
69.200025
70.893299
72.612959
74.325917
76.035776
77.713429
79.430202
81.120991
82.823096
84.495994
86.176007
87.846782
89.557191
91.251241
92.953734
94.641435
96.351921
98.036819
99.738048
101.423123
103.099683
104.776243
106.493147
108.245864
110.030687
111.78777
113.54859
115.313481
117.099993
118.838013
120.545895
122.254076
123.928241
125.607497
127.292297
128.980652
130.654337
132.333261
134.012165
135.681595
137.334948
138.989408
140.636779
142.288395
143.9506
145.665998
147.349921
149.041655
150.684026
152.343322
154.021206
155.701282
157.326923
159.003131
160.667578
162.347512
164.020617
165.736273
167.43544
169.118471
170.799727
172.484973
174.178251
175.865729
177.546551
179.248016
180.930875
182.602472
