1.694115
3.952935
6.211755
8.470575
10.729395
12.988215
15.247035
17.505855
19.764675
22.023495
24.282315
26.541135
28.799955
31.058775
33.317595
35.576415
37.835235
40.094055
42.352875
44.611695
46.870515
49.129335
51.388155
53.646975
55.905795
58.164615
60.423435
62.682255
64.941075
67.199895
69.458715
71.717535
73.976355
76.235175
78.493995
80.752815
83.011635
85.270455
87.529275
89.788095
92.046915
94.305735
96.564555
98.823375
101.082195
103.341015
105.599835
107.858655
110.117475
112.376295
114.635115
116.893935
119.152755
121.411575
123.670395
125.929215
128.188035
130.446855
132.705675
134.964495
137.223315
139.482135
141.740955
143.999775
