1.648347
3.846143
6.043939
8.272491
10.446537
12.623249
14.816286
17.007561
19.200336
21.391109
23.599067
25.81003
27.98122
30.158632
32.377434
34.57439
36.740998
38.924887
41.126483
43.328318
45.506009
47.686348
49.882914
52.09593
54.277685
56.460271
58.660619
60.848939
63.038475
65.236276
67.425566
69.61135
71.821374
74.018229
76.206504
78.381662
80.598817
82.78517
84.956863
87.13621
89.33152
91.545827
93.741444
95.92922
98.107336
100.314638
102.516755
104.682475
106.827741
109.000319
111.221997
113.412569
115.588453
117.784554
119.973108
