1.552497
3.622493
5.692489
7.762485
9.83171
11.900678
13.969646
16.038614
18.107579
20.176543
22.245507
24.314471
26.383435
28.452399
30.521363
32.590327
34.659291
36.728255
38.797219
40.866183
42.935147
45.004111
47.073075
49.142039
51.211003
53.279967
55.348931
57.417895
59.486859
61.555823
63.624787
65.693751
67.762715
69.831679
71.900643
73.969607
76.038571
78.107535
80.176499
82.245463
84.314427
86.383391
88.452355
90.521319
92.590283
94.659247
96.728211
98.797175
100.866139
102.935103
105.004067
107.073031
109.141995
111.210959
113.279923
115.348887
117.417851
119.486815
121.555779
123.624743
125.693707
127.762671
129.831635
131.900599
133.969563
136.038527
138.107491
140.176455
142.245419
144.314383
146.383347
148.452311
150.521275
152.590239
154.659203
156.728167
158.797131
160.866095
162.935059
165.004023
167.072987
169.141951
171.210915
173.279879
175.348843
177.417807
179.486771
181.555735
183.624699
185.693663
187.762627
189.831591
191.900555
