1.8
4.199982
6.599958
8.999934
11.39991
13.799886
16.199862
18.599838
20.999814
23.39979
25.799766
28.199742
30.599718
32.999694
35.39967
37.799646
40.199622
42.599598
44.999574
47.39955
49.799526
52.199502
54.599478
56.999454
59.39943
61.799406
64.199382
66.599358
68.999334
71.39931
73.799286
76.199262
78.599238
80.999214
83.39919
85.799166
88.199142
90.599118
92.999094
95.39907
97.799046
100.199022
102.598998
104.998974
107.39895
109.798926
112.198902
114.598878
116.998854
119.39883
121.798806
124.198782
126.598758
128.998734
131.39871
133.798686
136.198662
138.598638
140.998614
143.39859
145.798566
148.198542
150.598518
