7.586205
10.344825
13.103445
15.854955
18.604095
21.353235
24.102375
26.851515
29.600655
32.349795
35.098935
37.855185
40.613805
43.372425
46.131045
48.889665
51.648285
54.406905
57.165525
59.924145
62.682765
65.441385
68.200005
70.958625
73.711311
76.462019
79.212727
81.963435
84.714143
87.507079
90.277797
93.018726
95.770255
98.527283
101.284311
104.041339
106.798367
109.555395
111.623166
113.690937
116.456381
119.237867
121.991735
124.745603
127.499471
130.253339
133.007207
135.761075
138.514943
141.284333
144.04219
146.794478
149.546766
152.299054
155.051342
157.839759
160.605275
163.338029
166.083674
168.835962
171.597766
174.362742
177.117017
179.867725
182.618433
185.369141
188.119849
190.876491
193.635111
196.393731
199.152351
201.919323
204.689079
207.423489
210.175484
212.937268
215.699052
218.452529
221.209171
223.967791
226.726411
229.472026
232.23706
235.010012
237.782964
240.528649
243.278199
246.032067
248.785935
