4.090887
5.909059
7.727231
9.545403
11.363575
13.181747
14.999919
16.818091
18.636263
20.454435
22.272607
24.090779
25.908951
27.727123
29.545295
31.363467
33.181639
34.999811
36.817983
38.636155
40.454327
42.272499
44.090671
45.908843
47.727015
49.545187
51.363359
53.181531
54.999703
56.817875
58.636047
60.454219
62.272391
64.090563
65.908735
67.726907
69.545079
71.363251
73.181423
74.999595
76.817767
78.635939
80.454111
82.272283
84.090455
85.908627
87.726799
89.544971
91.363143
93.181315
94.999487
96.817659
98.635831
100.454003
102.272175
104.090347
105.908519
107.726691
109.544863
111.363035
113.181207
114.999379
116.817551
118.635723
120.453895
122.272067
124.090239
125.908411
127.726583
129.544755
131.362927
133.181099
134.999271
136.817443
138.635615
140.453787
142.271959
144.090131
145.908303
147.726475
149.544647
151.362819
153.180991
154.999163
156.817335
158.635507
160.453679
162.271851
164.090023
165.908195
167.726367
169.544539
171.362711
173.180883
174.999055
176.817227
178.635399
180.453571
182.271743
184.089915
185.908087
187.726259
189.544431
191.362603
193.180775
194.998947
196.817119
198.635291
200.453463
202.271635
204.089807
205.907979
207.726151
209.544323
