2.017221
4.506849
6.996477
9.486105
11.975733
14.465361
16.954989
19.444617
21.934245
24.423873
26.913501
29.403129
31.27035
33.137571
35.627199
38.116827
40.606455
43.096083
45.585711
48.075339
50.564967
53.054595
55.544223
58.033851
60.523479
63.013107
65.502735
67.992363
70.481991
72.971619
75.461247
77.950875
80.440503
82.930131
85.419759
87.909387
90.399015
92.888643
95.378271
97.867899
100.357527
102.847155
105.336783
107.826411
110.316039
112.805667
115.295295
117.784923
120.274551
122.764179
125.253807
127.743435
130.233063
132.722691
135.212319
137.701947
140.191575
142.681203
145.170831
147.660459
150.152671
152.644883
155.137095
157.629307
160.121519
162.613731
165.105943
167.598155
170.090367
172.582579
175.074791
177.567003
180.059215
182.551427
185.043639
187.535851
190.028063
192.518337
195.007965
197.497593
199.987221
202.476849
204.966477
207.456105
209.945733
212.435361
214.924989
217.414617
219.904245
222.393873
224.883501
227.373129
229.862757
232.352385
234.842013
237.331641
239.821269
242.310897
