1.538463
3.551284
5.551284
7.551284
9.551284
11.551284
13.551284
15.551284
17.551284
19.551284
21.551284
23.551284
25.551284
27.551284
29.551284
31.551284
33.551284
35.551284
37.551284
39.551284
41.551284
43.551284
45.551284
47.551284
49.551284
51.551284
53.551284
55.551284
57.551284
59.551284
61.551284
63.551284
65.551284
67.551284
69.551284
71.551284
73.551284
75.551284
77.551284
79.551284
81.551284
83.551284
85.551284
87.551284
89.551284
91.551284
93.551284
95.551284
97.551284
99.551284
101.551284
103.551284
105.551284
107.551284
109.551284
111.551284
113.551284
115.551284
117.551284
119.551284
121.551284
123.551284
125.551284
127.551284
129.551284
131.551284
133.551284
135.551284
137.551284
139.551284
141.551284
143.551284
145.551284
147.551284
149.551284
151.551284
153.551284
155.551284
157.551284
159.551284
161.551284
163.551284
165.551284
167.551284
169.551284
171.551284
173.551284
175.551284
177.551284
179.551284
181.551284
183.551284
185.551284
187.551284
189.551284
191.551284
193.551284
195.551284
197.551284
199.551284
201.551284
203.551284
205.551284
207.551284
209.551284
211.551284
