1.709892
3.761176
5.81246
7.863744
9.915028
11.966312
14.017596
16.06888
18.120164
20.171448
22.222732
24.274016
26.3253
28.376584
30.427868
32.479152
34.530436
36.58172
38.633004
40.684288
42.735572
44.786856
46.83814
48.889424
50.940708
52.991992
55.043276
57.09456
59.145844
61.197128
63.248412
65.299696
67.35098
69.402264
71.453548
73.504832
75.556116
77.6074
79.658684
81.709968
83.761252
85.812536
87.86382
89.915104
91.966388
94.017672
96.068956
98.12024
100.171524
102.222808
104.274092
106.325376
108.37666
110.427944
112.479228
114.530512
116.581796
118.63308
120.684364
122.735648
124.786932
126.838216
128.8895
130.940784
132.992068
135.043352
137.094636
139.14592
141.197204
143.248488
145.299772
147.364316
149.394163
151.42379
153.45769
155.504628
157.555912
159.607196
161.65848
163.709764
165.761048
167.812332
169.863616
171.955385
174.020164
176.071448
178.122732
180.174016
182.2253
184.276584
186.327868
188.379152
190.430436
192.48172
194.533004
196.584288
198.635572
200.686856
202.73814
