3.407212
5.327212
7.247212
9.167212
11.087212
13.007212
14.927212
16.847212
18.767212
20.687212
22.607212
24.527212
26.447212
28.367212
30.287212
32.207212
34.127212
36.047212
37.967212
39.887212
41.807212
43.727212
45.647212
47.567212
49.487212
51.407212
53.327212
55.247212
57.167212
59.087212
61.007212
62.927212
64.847212
66.767212
68.687212
70.607212
72.527212
74.447212
76.367212
78.287212
80.207212
82.127212
84.047212
85.967212
87.887212
89.807212
91.727212
93.647212
95.567212
97.487212
99.407212
101.327212
103.247212
105.167212
107.087212
109.007212
110.927212
112.847212
114.767212
116.687212
118.607212
120.527212
122.447212
124.367212
126.287212
128.207212
130.127212
132.047212
133.967212
135.887212
137.807212
139.727212
141.647212
143.567212
145.487212
147.407212
149.327212
151.247212
153.167212
155.087212
157.007212
158.927212
160.847212
162.767212
164.687212
166.607212
168.527212
170.447212
172.367212
174.287212
176.207212
178.127212
180.047212
181.967212
183.887212
185.807212
187.727212
189.647212
191.567212
193.487212
195.407212
197.327212
199.247212
201.167212
203.087212
205.007212
206.927212
208.847212
210.767212
212.687212
214.607212
216.527212
218.447212
220.367212
222.287212
224.207212
226.127212
228.047212
229.967212
