4.09691
7.875246
11.653582
15.431918
19.210254
22.98859
26.766926
30.545262
34.323598
38.101934
41.88027
45.658606
49.436942
53.215278
56.993614
60.77195
64.550286
68.328622
72.106958
75.885294
79.66363
83.441966
87.220302
90.998638
94.776974
98.55531
102.333646
106.111982
109.890318
113.668654
117.44699
121.225326
125.003662
128.781998
132.560334
136.33867
140.117006
143.895342
147.673678
151.452014
155.23035
159.008686
162.787022
166.565358
170.343694
174.12203
177.900366
181.678702
185.457038
189.235374
193.01371
196.792046
200.570382
204.348718
208.127054
211.90539
215.683726
