1.208015
4.227246
7.284939
10.284939
13.284939
16.280281
19.257048
22.220012
25.182976
28.14594
31.113505
34.090272
37.053236
40.018953
42.992929
45.966905
48.933583
51.878367
54.823151
57.754631
60.664048
63.627012
66.589976
69.55294
72.515904
75.478868
78.441832
81.404796
84.377019
87.372361
90.353729
93.335097
96.307319
99.252103
102.196887
105.144391
108.100055
111.055719
114.011383
116.967047
119.922711
122.878375
125.812412
128.725938
131.63503
134.544122
137.453214
140.362306
143.271398
146.220894
149.183858
152.11972
155.020103
157.938116
160.864944
163.791772
166.7186
169.645428
172.599358
175.562322
178.471739
181.363307
184.254875
187.146443
190.05586
193.00979
195.936618
198.863446
201.755014
204.646582
207.546965
210.464978
213.365361
216.292189
219.210202
222.093164
