2.3357145
5.3357145
8.3357145
11.3357145
14.3357145
17.3357145
20.3357145
23.3357145
26.3357145
29.3357145
32.3357145
35.3357145
38.3357145
41.3357145
44.3357145
47.3357145
50.3357145
53.3357145
56.3357145
59.3357145
62.3357145
65.3357145
68.3357145
71.3357145
74.3357145
77.3357145
80.3357145
83.3357145
86.3357145
89.3357145
92.3357145
95.3357145
98.3357145
101.3357145
104.3357145
107.3357145
110.3357145
113.3357145
116.3357145
119.3357145
122.3357145
125.3357145
128.3357145
131.3357145
134.3357145
137.3357145
140.3357145
143.3357145
146.3357145
149.3357145
152.3357145
155.3357145
158.3357145
161.3357145
164.3357145
167.3357145
170.3357145
173.3357145
176.3357145
179.3357145
182.3357145
185.3357145
188.3357145
191.3357145
194.3357145
197.3357145
200.3357145
203.3357145
206.3357145
209.3357145
212.3357145
215.3357145
218.3357145
221.3357145
