1.46484375
3.33984375
5.21484375
7.08984375
8.96484375
10.83984375
12.71484375
14.58984375
16.46484375
18.33984375
20.21484375
22.08984375
23.96484375
25.83984375
27.71484375
29.58984375
31.46594175
33.34240575
35.21886975
37.09533375
38.97179775
40.84826175
42.72472575
44.60118975
46.47765375
48.35411775
50.23058175
52.10704575
53.98350975
55.85997375
57.73643775
59.61180375
61.48680375
63.36180375
65.23680375
67.11180375
68.98680375
70.86180375
72.73680375
74.61180375
76.48680375
78.36180375
80.23680375
82.11180375
83.98680375
85.86180375
87.73680375
89.61180375
91.48680375
93.36180375
95.23680375
97.11180375
98.98680375
100.86180375
102.73680375
104.61180375
106.48680375
108.36180375
110.23680375
112.11180375
113.98680375
115.86180375
117.73680375
119.61180375
121.48680375
123.36180375
125.23680375
127.11180375
128.98680375
130.86180375
132.73680375
134.61180375
136.48680375
138.36180375
140.23680375
142.11180375
143.98680375
145.86180375
147.73680375
149.61180375
151.48680375
153.36180375
155.23680375
157.11180375
158.98680375
160.86180375
162.73680375
164.61180375
166.48680375
168.36180375
170.23680375
172.11180375
173.98680375
175.86180375
177.73680375
179.61180375
181.48680375
183.36180375
185.23680375
187.11180375
188.98680375
190.86180375
192.73680375
194.61180375
196.48680375
198.36180375
200.23680375
