1.507936
3.412696
5.317456
7.222216
9.126976
11.031736
12.936496
14.841256
16.746016
18.650776
20.555536
22.460296
24.365056
26.269816
28.174576
30.079336
31.984096
33.888856
35.793616
37.698376
39.603136
41.507896
43.412656
45.317416
47.222176
49.126936
51.031696
52.936456
54.841216
56.745976
58.650736
60.555496
62.460256
64.365016
66.269776
68.174536
70.079296
71.984056
73.888816
75.793576
77.698336
79.603096
81.507856
83.412616
85.317376
87.222136
89.126896
91.031656
92.936416
94.841176
96.745936
98.650696
100.555456
102.460216
104.364976
106.269736
108.174496
110.079256
111.984016
113.888776
115.793536
117.698296
119.603056
121.507816
123.412576
125.317336
127.222096
129.126856
131.031616
132.936376
134.841136
136.745896
138.650656
140.555416
142.460176
144.364936
146.269696
148.174456
150.079216
151.983976
153.888736
155.793496
157.698256
159.603016
161.507776
163.412536
165.317296
167.222056
169.126816
171.031576
172.936336
174.841096
176.745856
178.650616
180.555376
182.460136
184.364896
186.269656
188.174416
190.079176
191.983936
193.888696
195.793456
197.698216
199.602976
201.507736
203.412496
205.317256
207.222016
209.126776
211.031536
212.936296
214.841056
216.745816
218.650576
220.555336
222.460096
224.364856
