2.742438
4.647198
6.551958
8.456718
10.361478
12.266238
14.170998
16.075758
17.980518
19.885278
21.790038
23.694798
25.599558
27.504318
29.409078
31.313838
33.218598
35.123358
37.028118
38.932878
40.837638
42.742398
44.647158
46.551918
48.456678
50.361438
52.266198
54.170958
56.075718
57.980478
59.885238
61.789998
63.694758
65.599518
67.504278
69.409038
71.313798
73.218558
75.123318
77.028078
78.932838
80.837598
82.742358
84.647118
86.551878
88.456638
90.361398
92.266158
94.170918
96.075678
97.980438
99.885198
101.789958
103.694718
105.599478
107.504238
109.408998
111.313758
113.218518
115.123278
117.028038
118.932798
120.837558
122.742318
124.647078
126.551838
128.456598
130.361358
132.266118
134.170878
136.075638
137.980398
139.885158
141.789918
143.694678
145.599438
147.504198
149.408958
151.313718
153.218478
155.123238
157.027998
158.932758
160.837518
162.742278
164.647038
166.551798
168.456558
170.361318
172.266078
174.170838
176.075598
177.980358
179.885118
181.789878
183.694638
185.599398
187.504158
189.408918
191.313678
193.218438
195.123198
197.027958
198.932718
200.837478
202.742238
204.646998
206.551758
208.456518
210.361278
212.266038
214.170798
216.075558
217.980318
219.885078
221.789838
