1.521065
3.472285
5.423505
7.374725
9.325945
11.277165
13.228385
15.179605
17.130825
19.082045
21.033265
22.984485
24.935705
26.886925
28.838145
30.789365
32.740585
34.691805
36.643025
38.594245
40.545465
42.496685
44.447905
46.399125
48.350345
50.301565
52.252785
54.204005
56.155225
58.106445
60.057665
62.008885
63.960105
65.911325
67.862545
69.813765
71.764985
73.716205
75.667425
77.618645
79.569865
81.521085
83.472305
85.423525
87.374745
89.325965
91.277185
93.228405
95.179625
97.130845
99.082065
101.033285
102.984505
104.935725
106.886945
108.838165
110.789385
112.740605
114.691825
116.643045
118.594265
120.545485
122.496705
124.447925
126.399145
128.350365
130.301585
132.252805
134.204025
136.155245
138.106465
140.057685
142.008905
143.960125
145.911345
147.862565
149.813785
151.765005
153.716225
155.667445
157.618665
159.569885
161.521105
163.472325
165.423545
167.374765
169.325985
171.277205
173.228425
175.179645
177.130865
179.082085
181.033305
182.984525
184.935745
186.886965
188.838185
190.789405
192.740625
194.691845
196.643065
198.594285
200.545505
202.496725
