1.9214216
4.478161
7.004477
9.530793
12.057109
14.583425
17.109741
19.636057
22.162373
24.688689
27.215005
29.741321
32.267637
34.793953
37.320269
39.846585
42.372901
44.899217
47.425533
49.951849
52.478165
55.004481
57.530797
60.057113
62.583429
65.109745
67.636061
70.162377
72.688693
75.215009
77.741325
80.267641
82.793957
85.320273
87.846589
90.372905
92.899221
95.425537
97.951853
100.478169
103.004485
105.530801
108.057117
110.583433
113.109749
115.636065
118.162381
120.688697
123.215013
125.741329
128.267645
130.793961
133.320277
135.846593
138.372909
140.899225
143.425541
145.951857
148.478173
151.004489
153.530805
156.057121
158.583437
161.109753
163.636069
166.162385
168.688701
171.215017
173.741333
176.267649
178.793965
181.320281
183.846597
186.372913
188.899229
191.425545
193.951861
196.478177
199.004493
201.530809
204.057125
206.583441
209.109757
211.636073
214.162389
216.688705
219.215021
221.741337
224.267653
226.793969
229.320285
231.846601
234.372917
236.899233
239.425549
241.951865
244.478181
247.004497
