1.50933515625
3.42027
5.32503
7.22979
9.13455
11.03931
12.94407
14.84883
16.75359
18.65835
20.56311
22.46787
24.37263
26.27739
28.18215
30.08691
31.99167
33.89643
35.80119
37.70595
39.61071
41.51547
43.42023
45.32499
47.22975
49.13451
51.03927
52.94403
54.84879
56.75355
58.65831
60.56307
62.46783
64.37259
66.27735
68.18211
70.08687
71.99163
73.89639
75.80115
77.70591
79.61067
81.51543
83.42019
85.32495
87.22971
89.13447
91.03923
92.94399
94.84875
96.75351
98.65827
100.56303
102.46779
104.37255
106.27731
108.18207
110.08683
111.99159
113.89635
115.80111
117.70587
119.61063
121.51539
123.42015
125.32491
127.22967
129.13443
131.03919
132.94395
134.84871
136.75347
138.65823
140.56299
142.46775
144.37251
146.27727
148.18203
150.08679
151.99155
153.89631
155.80107
157.70583
159.61059
161.51535
163.42011
165.32487
167.22963
169.13439
171.03915
172.94391
174.84867
176.75343
178.65819
180.56295
182.46771
184.37247
186.27723
188.18199
190.08675
191.99151
193.89627
195.80103
197.70579
