0.623737779167
2.959694
5.28979
7.619886
9.949982
12.280078
14.610174
16.94027
19.270366
21.600462
23.930558
26.260654
28.59075
30.920846
33.250942
35.581038
37.911134
40.24123
42.571326
44.901422
47.231518
49.561614
51.89171
54.221806
56.551902
58.881998
61.212094
63.54219
65.872286
68.202382
70.532478
72.862574
75.19267
77.522766
79.852862
82.182958
84.513054
86.84315
89.173246
91.503342
93.833438
96.163534
98.49363
100.823726
103.153822
105.483918
107.814014
110.14411
112.474206
114.804302
117.134398
119.464494
121.79459
124.124686
126.454782
128.784878
131.114974
133.44507
135.775166
138.105262
140.435358
142.765454
145.09555
147.425646
149.755742
152.085838
154.415934
156.74603
159.076126
161.406222
163.736318
166.066414
168.39651
170.726606
173.056702
175.386798
177.716894
180.04699
182.377086
184.707182
187.037278
189.367374
191.69747
194.027566
196.357662
