1.949999
4.092855
6.235711
8.378567
10.521423
12.664279
14.807135
16.949991
19.092847
21.235703
23.378559
25.521415
27.664271
29.807127
31.949983
34.092839
36.235695
38.378551
40.521407
42.664263
44.807119
46.949975
49.092831
51.235687
53.378543
55.521399
57.664255
59.807111
61.949967
64.092823
66.235679
68.378535
70.521391
72.664247
74.807103
76.949959
79.092815
81.235671
83.378527
85.521383
87.664239
89.807095
91.949951
94.092807
96.235663
98.378519
100.521375
102.664231
104.807087
106.949943
109.092799
111.235655
113.378511
115.521367
117.664223
119.807079
121.949935
124.092791
126.235647
128.378503
130.521359
132.664215
134.807071
136.949927
139.092783
141.235639
143.378495
145.521351
147.664207
149.807063
151.949919
154.092775
156.235631
158.378487
160.521343
162.664199
164.807055
166.949911
169.092767
171.235623
173.378479
175.521335
177.664191
179.807047
181.949903
184.092759
186.235615
188.378471
190.521327
192.664183
194.807039
196.949895
199.092751
201.235607
203.378463
205.521319
207.664175
209.807031
