2.018634
4.62733
7.236026
9.844722
12.453418
15.062114
17.67081
20.279506
22.888202
25.496898
28.105594
30.71429
33.322986
35.931682
38.540378
41.149074
43.75777
46.366466
48.975162
51.583858
54.192554
56.80125
59.409946
62.018642
64.627338
67.236034
69.84473
72.453426
75.062122
77.670818
80.279514
82.88821
85.496906
88.105602
90.714298
93.322994
95.93169
98.540386
101.149082
103.757778
106.366474
108.97517
111.583866
114.192562
116.801258
119.409954
122.01865
124.627346
127.236042
129.844738
132.453434
135.06213
137.670826
140.279522
142.888218
145.496914
148.10561
150.714306
153.323002
155.931698
158.540394
161.14909
163.757786
166.366482
168.975178
171.583874
174.19257
176.801266
179.409962
182.018658
