0.659341
2.505493
4.351645
6.197797
8.043949
9.890101
11.736253
13.582405
15.428557
17.274709
19.120861
20.967013
22.813165
24.659317
26.505469
28.351621
30.197773
32.043925
33.890077
35.736229
37.582381
39.428533
41.274685
43.120837
44.966989
46.813141
48.659293
50.505445
52.351597
54.197749
56.043901
57.890053
59.736205
61.582357
63.428509
65.274661
67.120813
68.966965
70.813117
72.659269
74.505421
76.351573
78.197725
80.043877
81.890029
83.736181
85.582333
87.428485
89.274637
91.120789
92.966941
94.813093
96.659245
98.505397
100.351549
102.197701
104.043853
105.890005
107.736157
109.582309
111.428461
113.274613
115.120765
116.966917
118.813069
120.659221
122.505373
124.351525
126.197677
128.043829
129.889981
131.736133
133.582285
135.428437
137.274589
139.120741
140.966893
142.813045
144.659197
146.505349
148.351501
150.197653
152.043805
153.889957
155.736109
157.582261
159.428413
161.274565
163.120717
164.966869
166.813021
168.659173
170.505325
172.351477
174.197629
176.043781
177.889933
179.736085
181.582237
183.428389
185.274541
187.120693
188.966845
190.812997
192.659149
194.505301
196.351453
198.197605
200.043757
201.889909
203.736061
205.582213
207.428365
