1.9891307
4.52359
7.076782
9.629974
12.183166
14.736358
17.28955
19.842742
22.395934
24.949126
27.502318
30.05551
32.608702
35.161894
37.715086
40.268278
42.82147
45.374662
47.927854
50.481046
53.034238
55.58743
58.140622
60.693814
63.247006
65.800198
68.35339
70.906582
73.459774
76.012966
78.566158
81.11935
83.672542
86.225734
88.778926
91.332118
93.88531
96.438502
98.991694
101.544886
104.098078
106.65127
109.204462
111.757654
114.310846
116.864038
119.41723
121.970422
124.523614
127.076806
129.629998
132.18319
134.736382
137.289574
139.842766
142.395958
144.94915
147.502342
150.055534
152.608726
155.161918
157.71511
160.268302
162.821494
165.374686
167.419234
169.294234
171.169234
173.044234
174.919234
176.794234
178.669234
180.544234
182.419234
184.294234
186.169234
188.044234
189.919234
191.794234
193.669234
195.544234
197.419234
199.294234
201.169234
203.044234
204.919234
206.794234
208.669234
210.544234
212.419234
214.294234
216.169234
218.044234
