3.037036
6.110808
9.18458
12.258352
15.332124
18.405896
21.479668
24.55344
27.627212
30.700984
33.774756
36.848528
39.9223
42.996072
46.069844
49.143616
52.217388
55.29116
58.364932
61.438704
64.512476
67.586248
70.66002
73.733792
76.807564
79.881336
82.955108
86.02888
89.102652
92.176424
95.250196
98.323968
101.39774
104.471512
107.545284
110.619056
113.692828
116.7666
119.840372
122.914144
125.987916
129.061688
132.13546
135.209232
138.283004
141.356776
144.430548
147.50432
150.578092
153.651864
156.725636
159.799408
162.87318
165.946952
169.020724
172.094496
175.168268
178.24204
181.315812
184.389584
187.463356
190.537128
193.6109
196.684672
199.758444
202.832216
205.905988
208.97976
212.053532
215.127304
218.201076
