2.292993
5.489757
8.733001
11.976245
15.219489
18.462733
21.705977
24.949221
28.192465
31.435709
34.678953
37.922197
41.165441
44.408685
47.651929
50.895173
54.138417
57.381661
60.624905
63.868149
67.111393
70.354637
73.597881
76.841125
80.084369
83.327613
86.570857
89.814101
93.057345
96.300589
99.543833
102.787077
106.030321
109.273565
112.516809
115.760053
119.003297
122.246541
125.489785
128.733029
131.976273
135.219517
138.462761
141.706005
144.949249
148.192493
151.435737
154.678981
157.922225
161.165469
164.408713
167.651957
170.895201
174.138445
177.381689
180.624933
183.868177
187.111421
190.354665
193.597909
196.841153
200.084397
203.327641
206.570885
209.814129
213.057373
216.300617
219.543861
222.787105
226.030349
229.273593
