0.121794908333
2.827952
5.577092
8.326232
11.013518
13.725639
16.464599
19.219278
21.886956
24.608152
27.364402
30.171703
32.923039
35.666712
38.422962
41.19114
43.952946
46.711566
49.446675
52.173947
54.901219
57.628491
60.355763
63.130603
65.897242
68.667823
71.442391
74.193175
76.912787
79.636207
82.363479
85.162943
87.93779
90.672899
93.400171
96.127443
98.878226
101.636846
104.395466
107.154086
109.877639
112.589503
115.324611
118.067467
120.753182
123.488814
126.247434
129.006054
131.764674
134.523294
137.23542
139.932048
142.67517
145.43379
148.157343
150.869207
153.616138
156.374758
159.086884
161.761042
164.473163
167.200435
169.882254
172.580524
175.289328
177.998132
180.706936
183.41574
186.124544
188.833348
191.542152
194.250956
196.95976
199.668564
202.377368
205.086172
207.794976
210.517631
213.244903
215.995686
218.730795
221.481578
224.223686
226.976802
229.711911
232.462694
235.221314
238.028615
240.852143
243.651047
246.517397
249.408965
