1.7836575
3.5836575
5.3836575
7.1836575
8.9836575
10.7836575
12.6336575
14.5086575
16.3581475
18.1948825
20.0071275
21.8071275
23.6571275
25.5321275
27.4071275
29.2821275
31.1571275
33.0321275
34.9071275
36.7821275
38.6571275
40.5321275
42.3816175
44.2183525
45.9844435
47.7152125
49.4686065
51.233313
52.9980195
54.762726
56.5509615
58.3509615
60.1509615
61.9509615
63.7160105
65.463584
67.2225795
68.987286
70.7519925
72.516699
74.2814055
76.046112
77.7993965
79.54697
81.2833405
83.0141095
84.7448785
86.4756475
88.2525705
90.0525705
91.8770605
93.7137955
95.5141595
97.296338
99.0668685
100.831575
102.5848595
104.332433
106.0868325
107.844645
109.6024575
111.36027
113.1089985
114.853185
116.5774375
118.291723
120.0060085
121.720294
123.4345795
125.148865
126.8523685
128.550481
130.2485935
131.946706
133.6512635
135.3590435
137.0888455
138.8296585
140.5571575
142.2779995
143.9988415
145.7196835
147.4405255
149.1613675
150.8670565
152.565169
154.2632815
155.961394
157.6595065
159.357619
161.0557315
162.753844
164.4584015
166.1661815
167.8892875
169.6200565
171.3508255
173.0815945
174.8585175
176.6585175
178.4235665
180.17114
181.9232555
183.677642
185.4869275
187.4806485
