0.638298
2.820118
5.001938
7.183758
9.365578
11.547398
13.729218
15.911038
18.092858
20.274678
22.456498
24.638318
26.820138
29.001958
31.183778
33.365598
35.547418
37.729238
39.911058
42.092878
44.274698
46.456518
48.638338
50.820158
53.001978
55.183798
57.365618
59.547438
61.729258
63.911078
66.092898
68.274718
70.456538
72.638358
74.820178
77.001998
79.183818
81.365638
83.547458
85.729278
87.911098
90.092918
92.274738
94.456558
96.638378
98.820198
101.002018
103.183838
105.365658
107.547478
109.729298
111.911118
114.092938
116.274758
118.456578
120.638398
122.820218
125.002038
127.183858
129.365678
131.547498
133.729318
135.911138
138.092958
140.274778
142.456598
144.638418
146.820238
149.002058
151.183878
153.365698
155.547518
157.729338
159.911158
162.092978
164.274798
166.456618
168.638438
170.820258
173.002078
175.183898
177.365718
179.547538
181.729358
183.911178
186.092998
188.274818
190.456638
192.638458
194.820278
197.002098
199.183918
201.365738
203.547558
205.729378
207.911198
210.093018
212.274838
214.456658
216.638478
218.820298
