1.50516599167
3.423472
5.343472
7.263472
9.183472
11.103472
13.023472
14.943472
16.863472
18.783472
20.703472
22.623472
24.543472
26.463472
28.383472
30.303472
32.223472
34.143472
36.063472
37.983472
39.903472
41.823472
43.743472
45.663472
47.583472
49.503472
51.423472
53.343472
55.263472
57.183472
59.103472
61.023472
62.943472
64.863472
66.783472
68.703472
70.623472
72.543472
74.463472
76.383472
78.303472
80.223472
82.143472
84.063472
85.983472
87.903472
89.823472
91.743472
93.663472
95.583472
97.503472
99.423472
101.343472
103.263472
105.183472
107.103472
109.023472
110.943472
112.863472
114.783472
116.703472
118.623472
120.543472
122.463472
124.383472
126.303472
128.223472
130.143472
132.063472
133.983472
135.903472
137.823472
139.743472
141.663472
143.583472
145.503472
147.423472
149.343472
151.263472
153.183472
155.103472
157.023472
158.943472
160.863472
162.783472
164.703472
166.623472
168.543472
170.463472
172.383472
174.303472
176.223472
178.143472
180.063472
181.983472
183.903472
185.823472
187.743472
189.663472
191.583472
193.503472
195.423472
197.343472
199.263472
201.183472
203.103472
205.023472
206.943472
208.863472
210.783472
212.703472
214.623472
216.543472
218.463472
220.383472
222.303472
224.223472
226.143472
228.063472
229.983472
231.903472
233.823472
235.743472
