6.647788
9.847788
13.047788
16.247788
19.447788
22.647788
25.847788
29.047788
32.247788
35.447788
38.647788
41.847788
45.047788
48.247788
51.447788
54.647788
57.847788
61.047788
64.247788
67.447788
70.647788
73.847788
77.047788
80.247788
83.447788
86.647788
89.847788
93.047788
96.247788
99.447788
102.647788
105.847788
109.047788
112.247788
115.447788
118.647788
121.847788
125.047788
128.247788
131.447788
134.647788
137.847788
141.047788
144.247788
147.447788
150.647788
153.847788
157.047788
160.247788
163.447788
166.647788
169.847788
173.047788
176.247788
179.447788
182.647788
185.847788
189.047788
192.247788
195.447788
198.647788
201.847788
205.047788
208.247788
211.447788
214.647788
217.847788
