1.72749
3.60249
5.47749
7.35249
9.22749
11.10249
12.97749
14.85249
16.72749
18.60249
20.47749
22.35249
24.22749
26.10249
27.97749
29.85249
31.72749
33.60249
35.47749
37.35249
39.22749
41.10249
42.97749
44.85249
46.72749
48.60249
50.47749
52.35249
54.22749
56.10249
57.97749
59.85249
61.72749
63.60249
65.47749
67.35249
69.22749
71.10249
72.97749
74.85249
76.72749
78.60249
80.47749
82.35249
84.22749
86.10249
87.97749
89.85249
91.72749
93.60249
95.47749
97.35249
99.22749
101.10249
102.97749
104.85249
106.72749
108.60249
110.47749
112.35249
114.22749
116.10249
117.97749
119.85249
121.72749
123.60249
125.47749
127.35249
129.22749
131.10249
132.97749
134.85249
136.72749
138.60249
140.47749
142.35249
144.22749
146.10249
147.97749
149.85249
151.72749
153.60249
155.47749
157.35249
159.22749
161.10249
162.97749
164.85249
166.72749
168.60249
170.47749
172.35249
174.22749
176.10249
177.97749
179.85249
181.72749
183.60249
185.47749
187.35249
189.22749
191.10249
192.97749
194.85249
196.72749
198.60249
200.47749
202.35249
204.22749
206.10249
207.97749
209.85249
211.72749
213.60249
215.47749
217.35249
219.22749
221.10249
222.97749
224.85249
226.72749
228.60249
230.47749
232.35249
234.22749
236.10249
237.97749
239.85249
