0.0957208020833
1.980541
3.900541
5.820541
7.740541
9.660541
11.580541
13.500541
15.420541
17.340541
19.260541
21.180541
23.100541
25.020541
26.940541
28.860541
30.780541
32.700541
34.620541
36.540541
38.460541
40.380541
42.300541
44.220541
46.140541
48.060541
49.980541
51.900541
53.820541
55.740541
57.660541
59.580541
61.500541
63.420541
65.340541
67.260541
69.180541
71.100541
73.020541
74.940541
76.860541
78.780541
80.700541
82.620541
84.540541
86.460541
88.380541
90.300541
92.220541
94.140541
96.060541
97.980541
99.900541
101.820541
103.740541
105.660541
107.580541
109.500541
111.420541
113.340541
115.260541
117.180541
119.100541
121.020541
122.940541
124.860541
126.780541
128.700541
130.620541
132.540541
134.460541
136.380541
138.300541
140.220541
142.140541
144.060541
145.980541
147.900541
149.820541
151.740541
153.660541
155.580541
157.500541
159.420541
161.340541
163.260541
165.180541
167.100541
169.020541
170.940541
172.860541
174.780541
176.700541
178.620541
180.540541
182.460541
184.380541
186.300541
188.220541
190.140541
192.060541
193.980541
195.900541
197.820541
199.740541
201.660541
203.580541
205.500541
207.420541
209.340541
