2.297142
5.039998
7.782854
10.52571
13.268566
16.011422
18.754278
21.497134
24.23999
26.982846
29.725702
32.468558
35.211414
37.95427
40.697126
43.439982
46.182838
48.925694
51.66855
54.411406
57.154262
59.897118
62.639974
65.38283
68.125686
70.868542
73.611398
76.354254
79.09711
81.839966
84.582822
87.325678
90.068534
92.81139
95.554246
98.297102
101.039958
103.782814
106.52567
109.268526
112.011382
114.754238
117.497094
120.23995
122.982806
125.725662
128.468518
131.211374
133.95423
136.697086
139.439942
142.182798
144.925654
147.66851
150.411366
153.154222
155.897078
158.639934
161.38279
164.125646
166.868502
169.611358
172.354214
175.09707
177.839926
180.582782
183.325638
186.068494
