2.925408
4.603728
6.282048
7.960368
9.638688
11.317008
12.995328
14.673648
16.351968
18.030288
19.708608
21.386928
23.065248
24.743568
26.421888
28.100208
29.778528
31.456848
33.135168
34.813488
36.491808
38.170128
39.848448
41.526768
43.205088
44.883408
46.561728
48.240048
49.918368
51.596688
53.275008
54.953328
56.631648
58.309968
59.988288
61.666608
63.344928
65.023248
66.701568
68.379888
70.058208
71.736528
73.414848
75.093168
76.771488
78.449808
80.128128
81.806448
83.484768
85.163088
86.841408
88.519728
90.198048
91.876368
93.554688
95.233008
96.911328
98.589648
100.267968
101.946288
103.624608
105.302928
106.981248
108.659568
110.337888
112.016208
113.694528
115.372848
117.051168
118.729488
120.407808
122.086128
123.764448
125.442768
127.121088
128.799408
130.477728
132.156048
133.834368
135.512688
137.191008
138.869328
140.547648
142.225968
143.904288
145.582608
147.260928
148.939248
150.617568
152.295888
153.974208
155.652528
157.330848
159.009168
160.687488
162.365808
164.044128
165.722448
167.400768
169.079088
170.757408
172.435728
174.114048
175.792368
177.470688
179.149008
180.827328
182.505648
184.183968
185.862288
187.540608
189.218928
190.897248
192.575568
194.253888
195.932208
197.610528
199.288848
200.967168
202.645488
204.323808
206.002128
207.680448
209.358768
211.037088
212.715408
214.393728
216.072048
217.750368
219.428688
221.107008
222.785328
224.463648
226.141968
227.820288
229.498608
