3.749998
5.892854
8.095236
10.287157
12.468977
14.696676
16.893789
19.105912
21.328136
23.55036
25.772584
27.994808
30.171987
32.348893
34.553333
36.765313
38.969685
41.171521
43.373357
45.590484
47.812708
50.034932
52.241865
54.443701
56.645537
58.847373
61.049209
63.258653
65.470633
67.682613
69.894593
72.098965
74.300801
76.510245
78.722225
80.934205
83.146185
85.358165
87.570145
89.782125
91.994105
94.229344
96.449077
98.661057
100.873037
103.085017
105.296997
107.508977
109.713349
111.915185
114.117021
116.303845
118.500677
120.710121
122.922101
125.134081
127.346061
129.558041
131.770021
133.982001
136.193981
138.405961
140.617941
142.829921
145.041901
147.261564
149.483788
151.706012
153.920553
156.132533
158.344513
160.556493
162.768473
164.980453
167.192433
169.404413
171.616393
173.828373
176.032745
178.234581
180.436417
182.645861
184.857841
187.069821
189.281801
191.493781
193.705761
195.917741
198.129721
200.341701
202.553681
204.765661
206.977641
209.189621
211.401601
213.605973
215.815417
218.027397
220.239377
222.451357
224.663337
226.875317
229.087297
231.299277
233.511257
235.723237
237.935217
240.15488
242.377104
244.599328
246.806261
249.015705
251.227685
253.439665
255.651645
257.871308
260.093532
262.308073
264.520053
266.732033
268.944013
271.155993
273.367973
275.579953
277.799616
