2.292993
5.307324
8.307324
11.307324
14.307324
17.307324
20.307324
23.307324
26.307324
29.307324
32.307324
35.307324
38.307324
41.307324
44.307324
47.307324
50.307324
53.307324
56.307324
59.307324
62.307324
65.307324
68.307324
71.307324
74.307324
77.307324
80.307324
83.307324
86.307324
89.307324
92.307324
95.307324
98.307324
101.307324
104.307324
107.307324
110.307324
113.307324
116.307324
119.307324
122.307324
125.307324
128.307324
131.307324
134.307324
137.307324
140.307324
143.307324
146.307324
149.307324
152.307324
155.307324
158.307324
161.307324
164.307324
167.307324
170.307324
173.307324
176.307324
179.307324
182.307324
185.307324
188.307324
191.307324
194.307324
197.307324
200.307324
203.307324
206.307324
209.307324
212.307324
215.307324
218.307324
221.307324
224.307324
227.307324
230.307324
233.307324
236.307324
239.307324
242.307324
245.307324
248.307324
