1.465201
3.369961
5.274721
7.179481
9.084241
10.989001
12.893761
14.798521
16.703281
18.608041
20.512801
22.417561
24.322321
26.227081
28.131841
30.036601
31.941361
33.846121
35.750881
37.655641
39.560401
41.465161
43.369921
45.274681
47.179441
49.084201
50.988961
52.893721
54.798481
56.703241
58.608001
60.512761
62.417521
64.322281
66.227041
68.131801
70.036561
71.941321
73.846081
75.750841
77.655601
79.560361
81.465121
83.369881
85.274641
87.179401
89.084161
90.988921
92.893681
94.798441
96.703201
98.607961
100.512721
102.417481
104.322241
106.227001
108.131761
110.036521
111.941281
113.846041
115.750801
117.655561
119.560321
121.465081
123.369841
125.274601
127.179361
129.084121
130.988881
132.893641
134.798401
136.703161
138.607921
140.512681
142.417441
144.322201
146.226961
148.131721
150.036481
151.941241
153.846001
155.750761
157.655521
159.560281
161.465041
163.369801
165.274561
167.179321
169.084081
170.988841
172.893601
174.798361
176.703121
178.607881
180.512641
182.417401
184.322161
186.226921
188.131681
190.036441
191.941201
193.845961
195.750721
197.655481
199.560241
201.465001
203.369761
205.274521
