1.49897456042
3.395782
5.300542
7.205302
9.110062
11.014822
12.919582
14.824342
16.729102
18.633862
20.538622
22.443382
24.348142
26.252902
28.157662
30.062422
31.967182
33.871942
35.776702
37.681462
39.586222
41.490982
43.395742
45.300502
47.205262
49.110022
51.014782
52.919542
54.824302
56.729062
58.633822
60.538582
62.443342
64.348102
66.252862
68.157622
70.062382
71.967142
73.871902
75.776662
77.681422
79.586182
81.490942
83.395702
85.300462
87.205222
89.109982
91.014742
92.919502
94.824262
96.729022
98.633782
100.538542
102.443302
104.348062
106.252822
108.157582
110.062342
111.967102
113.871862
115.776622
117.681382
119.586142
121.490902
123.395662
125.300422
127.205182
129.109942
131.014702
132.919462
134.824222
136.728982
138.633742
140.538502
142.443262
144.348022
146.252782
148.157542
150.062302
151.967062
153.871822
155.776582
157.681342
159.586102
161.490862
163.395622
165.300382
167.205142
169.109902
171.014662
172.919422
174.824182
176.728942
178.633702
180.538462
182.443222
184.347982
186.252742
188.157502
190.062262
191.967022
193.871782
195.776542
197.681302
199.586062
201.490822
203.395582
205.300342
207.205102
209.109862
211.014622
212.919382
214.824142
216.728902
218.633662
220.538422
222.443182
224.347942
226.252702
