1.25171262083
2.843836
4.443836
6.043836
7.643836
9.243836
10.843836
12.443836
14.043836
15.643836
17.243836
18.843836
20.443836
22.043836
23.643836
25.243836
26.843836
28.443836
30.043836
31.643836
33.243836
34.843836
36.443836
38.043836
39.643836
41.243836
42.843836
44.443836
46.043836
47.643836
49.243836
50.843836
52.443836
54.043836
55.643836
57.243836
58.843836
60.443836
62.043836
63.643836
65.243836
66.843836
68.443836
70.043836
71.643836
73.243836
74.843836
76.443836
78.043836
79.643836
81.243836
82.843836
84.443836
86.043836
87.643836
89.243836
90.843836
92.443836
94.043836
95.643836
97.243836
98.843836
100.443836
102.043836
103.643836
105.243836
106.843836
108.443836
110.043836
111.643836
113.243836
114.843836
116.443836
118.043836
119.643836
121.243836
122.843836
124.443836
126.043836
127.643836
129.243836
130.843836
132.443836
134.043836
135.643836
137.243836
138.843836
140.443836
142.043836
143.643836
145.243836
146.843836
148.443836
150.043836
151.643836
153.243836
154.843836
156.443836
158.043836
159.643836
161.243836
162.843836
164.443836
166.043836
167.643836
169.243836
170.843836
172.443836
174.043836
175.643836
177.243836
178.843836
180.443836
182.043836
183.643836
185.243836
186.843836
188.443836
190.043836
191.643836
193.243836
194.843836
196.443836
198.043836
199.643836
201.243836
202.843836
204.443836
206.043836
207.643836
209.243836
210.843836
212.443836
214.043836
215.643836
217.243836
