4.754029
7.435593
10.117157
12.798721
15.480285
18.161849
20.843413
23.524977
26.206541
28.888105
31.569669
34.251233
36.932797
39.614361
42.295925
44.977489
47.659053
50.340617
53.022181
55.703745
58.385309
61.066873
63.748437
66.430001
69.111565
71.793129
74.474693
77.156257
79.837821
82.519385
85.200949
87.882513
90.564077
93.245641
95.927205
98.608769
101.290333
103.971897
106.653461
109.335025
112.016589
114.698153
117.379717
120.061281
122.742845
125.424409
128.105973
130.787537
133.469101
136.150665
138.832229
141.513793
144.195357
146.876921
149.558485
152.240049
154.921613
157.603177
160.284741
162.966305
165.647869
168.329433
171.010997
173.692561
176.374125
179.055689
181.737253
184.418817
187.100381
189.781945
192.463509
195.145073
197.826637
200.508201
203.189765
205.871329
