0.851064
2.580945
4.320077
6.059209
7.798341
9.537473
11.276605
13.015737
14.754869
16.494001
18.233133
19.972265
21.711397
23.450529
25.189661
26.928793
28.667925
30.407057
32.146189
33.885321
35.624453
37.363585
39.102717
40.841849
42.580981
44.320113
46.059245
47.798377
49.537509
51.276641
53.015773
54.754905
56.494037
58.233169
59.972301
61.711433
63.450565
65.189697
66.928829
68.667961
70.407093
72.146225
73.885357
75.624489
77.363621
79.102753
80.841885
82.581017
84.320149
86.059281
87.798413
89.537545
91.276677
93.015809
94.754941
96.494073
98.233205
99.972337
101.711469
103.450601
105.189733
106.928865
108.667997
110.407129
112.146261
113.885393
115.624525
117.363657
119.102789
120.841921
122.581053
124.320185
126.059317
127.798449
129.537581
131.276713
133.015845
134.754977
136.494109
138.233241
139.972373
141.711505
143.450637
145.189769
146.928901
148.668033
150.407165
152.146297
153.885429
155.624561
157.363693
159.102825
160.841957
162.581089
164.320221
166.059353
167.798485
169.537617
171.276749
173.015881
174.755013
176.494145
178.233277
179.972409
181.711541
183.450673
185.189805
186.928937
188.668069
190.407201
192.146333
193.885465
195.624597
197.363729
199.102861
200.841993
202.581125
204.320257
206.059389
207.798521
209.537653
