1.294965
2.951109
4.583761
6.216413
7.849065
9.481717
11.114369
12.747021
14.379673
16.012325
17.644977
19.277629
20.910281
22.542933
24.175585
25.808237
27.440889
29.073541
30.706193
32.338845
33.971497
35.604149
37.236801
38.869453
40.502105
42.134757
43.767409
45.400061
47.032713
48.665365
50.298017
51.930669
53.563321
55.195973
56.828625
58.461277
60.093929
61.726581
63.359233
64.991885
66.624537
68.257189
69.889841
71.522493
73.155145
74.787797
76.420449
78.053101
79.685753
81.318405
82.951057
84.583709
86.216361
87.849013
89.481665
91.114317
92.746969
94.379621
96.012273
97.644925
99.277577
100.910229
102.542881
104.175533
105.808185
107.440837
109.073489
110.706141
112.338793
113.971445
115.604097
117.236749
118.869401
120.502053
122.134705
123.767357
125.400009
127.032661
128.665313
130.297965
131.930617
133.563269
135.195921
136.828573
138.461225
140.093877
141.726529
143.359181
144.991833
146.624485
148.257137
149.889789
151.522441
153.155093
154.787745
156.420397
158.053049
159.685701
161.318353
162.951005
164.583657
166.216309
167.848961
169.481613
171.114265
172.746917
174.379569
176.012221
177.644873
179.277525
180.910177
182.542829
184.175481
185.808133
187.440785
189.073437
