2.320158
4.928854
7.53755
10.146246
12.754942
15.363638
17.972334
20.58103
23.189726
25.798422
28.407118
31.015814
33.62451
36.233206
38.841902
41.450598
44.059294
46.66799
49.276686
51.885382
54.494078
57.102774
59.71147
62.320166
64.928862
67.537558
70.146254
72.75495
75.363646
77.972342
80.581038
83.189734
85.79843
88.407126
91.015822
93.624518
96.233214
98.84191
101.450606
104.059302
106.667998
109.276694
111.88539
114.494086
117.102782
119.711478
122.320174
124.92887
127.537566
130.146262
132.754958
135.363654
137.97235
140.581046
143.189742
145.798438
148.407134
151.01583
153.624526
156.233222
158.841918
161.450614
164.05931
166.668006
169.276702
171.885398
174.494094
177.10279
179.711486
182.320182
184.928878
187.537574
190.14627
192.754966
195.363662
