2.1480305
4.5242665
6.9005025
9.2767385
11.6529745
14.0292105
16.4054465
18.7816825
21.1579185
23.5341545
25.9103905
28.2866265
30.6628625
33.0390985
35.4153345
37.7915705
40.1678065
42.5440425
44.9202785
47.2965145
49.6727505
52.0489865
54.4252225
56.8014585
59.1776945
61.5539305
63.9301665
66.3064025
68.6826385
71.0588745
73.4351105
75.8113465
78.1875825
80.5638185
82.9400545
85.3162905
87.6925265
90.0687625
92.4449985
94.8212345
97.1974705
99.5737065
101.9499425
104.3261785
106.7024145
109.0786505
111.4548865
113.8311225
116.2073585
118.5835945
120.9598305
123.3360665
125.7123025
128.0885385
130.4647745
132.8410105
135.2172465
137.5934825
139.9697185
142.3459545
144.7221905
147.0984265
149.4746625
151.8508985
154.2271345
156.6033705
158.9796065
161.3558425
163.7320785
166.1083145
168.4845505
170.8607865
173.2370225
175.6132585
177.9894945
180.3657305
182.7419665
185.1182025
187.4944385
189.8706745
192.2469105
194.6231465
196.9993825
199.3756185
201.7518545
204.1280905
206.5043265
208.8805625
211.2567985
213.6330345
216.0092705
