1.961538
4.26923
6.576922
8.884614
11.192306
13.499998
15.80769
18.115382
20.423074
22.730766
25.038458
27.34615
29.653842
31.961534
34.269226
36.576918
38.88461
41.192302
43.499994
45.807686
48.115378
50.42307
52.730762
55.038454
57.346146
59.653838
61.96153
64.269222
66.576914
68.884606
71.192298
73.49999
75.807682
78.115374
80.423066
82.730758
85.03845
87.346142
89.653834
91.961526
94.269218
96.57691
98.884602
101.192294
103.499986
105.807678
108.11537
110.423062
112.730754
115.038446
117.346138
119.65383
121.961522
124.269214
126.576906
128.884598
131.19229
133.499982
135.807674
137.538443
139.269212
141.576904
143.884596
146.192288
148.49998
150.807672
153.115364
155.423056
157.730748
160.03844
162.346132
164.653824
166.961516
169.269208
171.5769
173.884592
176.192284
178.499976
180.807668
183.11536
185.423052
187.730744
190.038436
192.346128
