1.48806225
3.33421425
5.18036625
7.02651825
8.87267025
10.71882225
12.56497425
14.41112625
16.25727825
18.10343025
19.94958225
21.79573425
23.64188625
25.48803825
27.33419025
29.18034225
31.02649425
32.87264625
34.71879825
36.56495025
38.41110225
40.25725425
42.10340625
43.94955825
45.79571025
47.64186225
49.48801425
51.33416625
53.18031825
55.02647025
56.87262225
58.71877425
60.56492625
62.41107825
64.25723025
66.10338225
67.94953425
69.79568625
71.64183825
73.48799025
75.33414225
77.18029425
79.02644625
80.87259825
82.71875025
84.56490225
86.41105425
88.25720625
90.10335825
91.94951025
93.79566225
95.64181425
97.48796625
99.33411825
101.18027025
103.02642225
104.87257425
106.71872625
108.56487825
110.41103025
112.25718225
114.10333425
115.94948625
117.79563825
119.64179025
121.48794225
123.33409425
125.18024625
127.02639825
128.87255025
130.71870225
132.56485425
134.41100625
136.25715825
138.10331025
139.94946225
141.79561425
143.64176625
145.48791825
147.33407025
149.18022225
151.02637425
152.87252625
154.71867825
156.56483025
158.41098225
160.25713425
162.10328625
163.94943825
165.79559025
167.64174225
169.48789425
171.33404625
173.18019825
175.02635025
176.87250225
178.71865425
180.56480625
182.41095825
184.25711025
186.10326225
187.94941425
189.79556625
191.64171825
193.48787025
195.33402225
197.18017425
199.02632625
200.87247825
202.71863025
204.56478225
206.41093425
208.25708625
210.10323825
211.94939025
213.79554225
215.64169425
217.48784625
219.33399825
221.18015025
