1.49448525
3.36948525
5.24448525
7.11948525
8.99448525
10.86948525
12.74448525
14.61948525
16.49448525
18.36948525
20.24448525
22.11948525
23.99448525
25.86948525
27.74448525
29.61948525
31.49448525
33.36948525
35.24448525
37.11948525
38.99448525
40.86948525
42.74448525
44.61948525
46.49448525
48.36948525
50.24448525
52.11948525
53.99448525
55.86948525
57.74448525
59.61948525
61.49448525
63.36948525
65.24448525
67.11948525
68.99448525
70.86948525
72.74448525
74.61948525
76.49448525
78.36948525
80.24448525
82.11948525
83.99448525
85.86948525
87.74448525
89.61948525
91.49448525
93.36948525
95.24448525
97.11948525
98.99448525
100.86948525
102.74448525
104.61948525
106.49448525
108.36948525
110.24448525
112.11948525
113.99448525
115.86948525
117.74448525
119.61948525
121.49448525
123.36948525
125.24448525
127.11948525
128.99448525
130.86948525
132.74448525
134.61948525
136.49448525
138.36948525
140.24448525
142.11948525
143.99448525
145.86948525
147.74448525
149.61948525
151.49448525
153.36948525
155.24448525
157.11948525
158.99448525
160.86948525
162.74448525
164.61948525
166.49448525
168.36948525
170.24448525
172.11948525
173.99448525
175.86948525
177.74448525
179.61948525
181.49448525
183.36948525
185.24448525
187.11948525
188.99448525
190.86948525
192.74448525
194.61948525
196.49448525
198.36948525
200.24448525
202.11948525
203.99448525
205.86948525
207.74448525
209.61948525
211.49448525
213.36948525
215.24448525
217.11948525
218.99448525
220.86948525
222.74448525
224.61948525
