2.068965
4.804074
7.531346
10.258618
12.98589
15.713162
18.440434
21.167706
23.894978
26.62225
29.349522
32.076794
34.804066
37.531338
40.25861
42.985882
45.713154
48.440426
51.167698
53.89497
56.622242
59.349514
62.076786
64.804058
67.53133
70.258602
72.985874
75.713146
78.440418
81.16769
83.894962
86.622234
89.349506
92.076778
94.80405
97.531322
100.258594
102.985866
105.713138
108.44041
111.167682
113.894954
116.622226
119.349498
122.07677
124.804042
127.531314
130.258586
132.985858
135.71313
138.440402
141.167674
143.894946
146.622218
149.34949
152.076762
154.804034
157.531306
160.258578
162.98585
165.713122
168.440394
171.167666
173.894938
176.62221
179.349482
182.076754
184.804026
187.531298
190.25857
192.985842
195.713114
198.440386
201.167658
203.89493
206.622202
209.349474
212.076746
214.804018
217.53129
220.258562
222.985834
225.713106
228.440378
231.16765
233.894922
236.622194
239.349466
242.076738
244.80401
247.531282
250.258554
252.985826
255.713098
