0.561458333333
2.47619
4.38095
6.28571
8.19047
10.09523
11.99999
13.90475
15.79664
17.64992
19.5032
21.35648
23.20976
25.06304
26.91632
28.7696
30.62288
32.47616
34.32944
36.18272
38.036
39.88928
41.74256
43.59584
45.44912
47.3024
49.15568
51.00896
52.86224
54.71552
56.5688
58.42208
60.27536
62.12864
63.98192
65.8352
67.68848
69.54176
71.39504
73.24832
75.1016
76.956676
78.81714
80.677604
82.538068
84.396736
86.250016
88.104372
89.961956
91.81954
93.677124
95.534708
97.392292
99.249876
101.10746
102.965044
104.822628
106.680212
108.537796
110.39538
112.252964
114.110548
115.968132
117.826436
119.6869
121.547364
123.407828
125.268292
127.128756
128.98922
130.849684
132.710148
134.570612
136.431076
138.29154
140.152004
142.012468
143.873655
145.737011
147.600367
149.463723
151.327079
153.190435
155.053791
156.917147
158.780503
160.643859
162.507215
164.370571
166.233927
168.097283
169.960639
171.823995
173.687351
175.550707
177.414063
179.277419
181.140775
183.004131
184.867487
186.730843
188.595286
190.46299
192.330694
194.198398
196.066102
197.933806
199.80151
201.669214
203.536918
205.404622
207.272326
209.14003
211.007734
212.875438
214.743142
216.610846
218.47855
220.346254
222.213958
224.081662
225.949366
227.81707
229.684774
231.552478
233.420182
235.287886
237.15559
239.023294
240.890998
242.758702
244.626406
246.49411
