2.12777884167
4.397437
6.705129
9.012821
11.320513
13.628205
15.935897
18.243589
20.551281
22.858973
25.166665
27.474357
29.782049
32.089741
34.397433
36.705125
39.012817
41.320509
43.628201
45.935893
48.243585
50.551277
52.858969
55.166661
57.474353
59.782045
62.089737
64.397429
66.705121
69.012813
71.320505
73.628197
75.935889
78.243581
80.551273
82.858965
85.166657
87.474349
89.782041
92.089733
94.397425
96.705117
99.012809
101.320501
103.628193
105.935885
108.243577
110.551269
112.858961
115.166653
117.474345
119.782037
122.089729
124.397421
126.705113
129.012805
131.320497
133.628189
135.935881
138.243573
140.551265
142.858957
145.166649
147.474341
149.782033
152.089725
154.397417
156.705109
159.012801
161.320493
163.628185
165.935877
168.243569
170.551261
172.858953
175.166645
177.474337
179.782029
182.089721
184.397413
186.705105
189.012797
191.320489
193.628181
195.935873
198.243565
200.551257
202.858949
205.166641
207.474333
209.782025
212.089717
214.397409
216.705101
219.012793
221.320485
223.628177
225.935869
228.243561
230.551253
232.858945
235.166637
237.474329
239.782021
242.089713
244.397405
246.705097
249.012789
251.320481
253.628173
255.935865
258.243557
260.551249
262.858941
265.166633
267.474325
269.782017
272.089709
274.397401
276.705093
