2.088235
4.088235
6.088235
8.088235
10.088235
12.088235
14.088235
16.088235
18.088235
20.088235
22.088235
24.088235
26.088235
28.088235
30.088235
32.088235
34.088235
36.088235
38.088235
40.088235
42.088235
44.088235
46.088235
48.088235
50.088235
52.088235
54.088235
56.088235
58.088235
60.088235
62.088235
64.088235
66.088235
68.088235
70.088235
72.088235
74.088235
76.088235
78.088235
80.088235
82.088235
84.088235
86.088235
88.088235
90.088235
92.088235
94.088235
96.088235
98.088235
100.088235
102.088235
104.088235
106.088235
108.088235
110.088235
112.088235
114.088235
116.088235
118.088235
120.088235
122.088235
124.088235
126.088235
128.088235
130.088235
132.088235
134.088235
136.088235
138.088235
140.088235
142.088235
144.088235
146.088235
148.088235
150.088235
152.088235
154.088235
156.088235
158.088235
160.088235
162.088235
164.088235
166.088235
168.088235
170.088235
172.088235
174.088235
176.088235
178.088235
180.088235
182.088235
184.088235
186.088235
188.088235
190.088235
192.088235
194.088235
196.088235
198.088235
200.088235
202.088235
204.088235
206.088235
208.088235
210.088235
212.088235
214.088235
216.088235
218.088235
220.088235
222.088235
224.088235
226.088235
228.088235
230.088235
232.088235
234.088235
236.088235
238.088235
240.088235
242.088235
244.088235
246.088235
248.088235
