1.47256134375
3.325265
5.157325
6.989385
8.821445
10.653505
12.485565
14.317625
16.149685
17.981745
19.813805
21.645865
23.477925
25.309985
27.142045
28.974105
30.806165
32.638225
34.470285
36.302345
38.134405
39.966465
41.798525
43.630585
45.462645
47.294705
49.126765
50.958825
52.790885
54.622945
56.455005
58.287065
60.119125
61.951185
63.783245
65.615305
67.447365
69.279425
71.111485
72.943545
74.775605
76.607665
78.439725
80.271785
82.103845
83.935905
85.767965
87.600025
89.432085
91.264145
93.096205
94.928265
96.760325
98.592385
100.424445
102.256505
104.088565
105.920625
107.752685
109.584745
111.416805
113.248865
115.080925
116.912985
118.745045
120.577105
122.409165
124.241225
126.073285
127.905345
129.737405
131.569465
133.401525
135.233585
137.065645
138.897705
140.729765
142.561825
144.393885
146.225945
148.058005
149.890065
151.722125
153.554185
155.386245
157.218305
159.050365
160.882425
162.714485
164.546545
166.378605
168.210665
170.042725
171.874785
173.706845
175.538905
177.370965
179.203025
181.035085
182.867145
184.699205
186.531265
188.363325
190.195385
192.027445
193.859505
195.691565
197.523625
199.355685
201.187745
203.019805
204.851865
206.683925
208.515985
210.348045
212.180105
214.012165
215.844225
217.676285
219.508345
221.340405
223.172465
225.004525
226.836585
228.668645
230.500705
232.332765
234.164825
235.996885
237.828945
239.661005
241.493065
