2.36876768333
5.457595
8.534911
11.612227
14.689543
17.766859
20.844175
23.921491
26.998807
30.076123
33.153439
36.230755
39.308071
42.385387
45.462703
48.540019
51.617335
54.694651
57.771967
60.849283
63.926599
67.003915
70.081231
73.158547
76.235863
79.313179
82.390495
85.467811
88.545127
91.622443
94.699759
97.777075
100.854391
103.931707
107.009023
110.086339
113.163655
116.240971
119.318287
122.395603
125.472919
128.550235
131.627551
134.704867
137.782183
140.859499
143.936815
147.014131
150.091447
153.168763
156.246079
159.323395
162.400711
165.478027
168.555343
171.632659
174.709975
177.787291
180.864607
183.941923
187.019239
190.096555
193.173871
196.251187
199.328503
202.405819
205.483135
208.560451
211.637767
214.715083
217.792399
220.869715
223.947031
227.024347
230.101663
233.178979
