5.031483
7.118439
9.205395
11.292351
13.379307
15.466263
17.553219
19.640175
21.727131
23.814087
25.901043
27.987999
30.074955
32.161911
34.248867
36.335823
38.422779
40.509735
42.596691
44.683647
46.770603
48.857559
50.944515
53.031471
55.118427
57.205383
59.292339
61.379295
63.466251
65.553207
67.640163
69.727119
71.814075
73.901031
75.987987
78.074943
80.161899
82.248855
84.335811
86.422767
88.509723
90.596679
92.683635
94.770591
96.857547
98.944503
101.031459
103.118415
105.205371
107.292327
109.379283
111.466239
113.553195
115.640151
117.727107
119.814063
121.901019
123.987975
126.074931
128.161887
130.248843
132.335799
134.422755
136.509711
138.596667
140.683623
142.770579
144.857535
146.944491
149.031447
151.118403
153.205359
155.292315
157.379271
159.466227
161.553183
163.640139
165.727095
167.814051
169.901007
171.987963
174.074919
176.161875
178.248831
180.335787
182.422743
184.509699
186.596655
188.683611
190.770567
192.857523
194.944479
197.031435
199.118391
201.205347
203.292303
205.379259
207.466215
209.553171
211.640127
213.727083
215.814039
217.900995
219.987951
222.074907
224.161863
226.248819
228.335775
