1.48125
3.35625
5.23125
7.10625
8.98125
10.845348
12.705812
14.566276
16.421352
18.274632
20.127912
21.981192
23.834472
25.687752
27.541032
29.383662
31.228046
33.074198
34.92035
36.766502
38.612654
40.458806
42.304958
44.15111
45.997262
47.843414
49.689566
51.535718
53.38187
55.228022
57.074174
58.920326
60.766478
62.61263
64.458782
66.304934
68.151086
69.997238
71.84339
73.689542
75.535694
77.381846
79.227998
81.07415
82.920302
84.766454
86.612606
88.458758
90.30491
92.151062
93.997214
95.843366
97.689518
99.53567
101.381822
103.227974
105.074126
106.920278
108.76643
110.612582
112.458734
114.304886
116.151038
117.99719
119.843342
121.689494
123.535646
125.381798
127.22795
129.074102
130.920254
132.766406
134.612558
136.45871
138.304862
140.151014
141.997166
143.843318
145.68947
147.535622
149.381774
151.227926
153.074078
154.92023
156.766382
158.612534
160.458686
162.304838
164.15099
165.997142
167.843294
169.689446
171.535598
173.38175
175.227902
177.074054
178.920206
180.766358
182.61251
184.458662
186.304814
188.150966
189.997118
191.84327
193.689422
195.535574
197.381726
199.227878
201.07403
202.920182
204.766334
206.612486
208.458638
210.30479
212.150942
213.997094
215.843246
217.689398
219.53555
221.381702
223.227854
225.074006
226.920158
228.76631
230.612462
232.458614
234.304766
236.150918
237.99707
239.843222
241.689374
243.535526
245.381678
247.22783
249.073982
250.920134
252.766286
254.612438
256.45859
258.304742
260.150894
261.997046
263.843198
265.68935
267.535502
269.381654
271.227806
273.073958
274.92011
276.766262
278.612414
280.458566
282.304718
284.15087
285.997022
287.843174
289.689326
291.535478
293.38163
295.227782
297.073934
298.920086
300.766238
302.61239
304.458542
306.304694
308.150846
309.996998
311.84315
313.689302
315.535454
317.381606
319.227758
321.07391
322.920062
324.766214
326.612366
328.458518
330.30467
332.150822
333.996974
335.843126
337.689278
339.53543
341.381582
343.227734
345.073886
346.920038
348.76619
350.612342
352.458494
354.304646
356.150798
357.99695
359.843102
361.689254
363.535406
365.381558
367.22771
369.073862
370.920014
372.766166
374.612318
376.45847
378.304622
380.150774
381.996926
383.843078
385.68923
387.535382
389.370965
391.203025
393.024675
394.842855
396.650784
398.445195
400.236239
402.027283
403.818327
405.59942
407.367392
409.122436
410.87426
412.626084
