1.459821375
3.334821375
5.209821375
7.084821375
8.959821375
10.834821375
12.709821375
14.584821375
16.459821375
18.334821375
20.209821375
22.084821375
23.959821375
25.834821375
27.709821375
29.584821375
31.459821375
33.334821375
35.209821375
37.084821375
38.959821375
40.834821375
42.709821375
44.584821375
46.459821375
48.334821375
50.209821375
52.084821375
53.959821375
55.834821375
57.709821375
59.584821375
61.459821375
63.334821375
65.209821375
67.084821375
68.959821375
70.834821375
72.709821375
74.584821375
76.459821375
78.334821375
80.209821375
82.084821375
83.959821375
85.834821375
87.709821375
89.584821375
91.459821375
93.334821375
95.209821375
97.084821375
98.959821375
100.834821375
102.709821375
104.584821375
106.459821375
108.334821375
110.209821375
112.084821375
113.959821375
115.834821375
117.709821375
119.584821375
121.459821375
123.334821375
125.209821375
127.084821375
128.959821375
130.834821375
132.709821375
134.584821375
136.459821375
138.334821375
140.209821375
142.084821375
143.959821375
145.834821375
147.709821375
149.584821375
151.459821375
153.334821375
155.209821375
157.084821375
158.959821375
160.834821375
162.709821375
164.584821375
166.459821375
168.334821375
170.209821375
172.084821375
173.959821375
175.834821375
177.709821375
179.584821375
181.459821375
183.334821375
185.209821375
187.084821375
188.959821375
190.834821375
192.709821375
194.584821375
196.459821375
198.334821375
200.209821375
202.084821375
203.959821375
205.834821375
207.709821375
209.584821375
