0.075
2.010484
3.945968
5.881452
7.816936
9.75242
11.687904
13.623388
15.558872
17.494356
19.42984
21.365324
23.300808
25.236292
27.171776
29.10726
31.042744
32.978228
34.913712
36.849196
38.78468
40.720164
42.655648
44.591132
46.526616
48.4621
50.397584
52.333068
54.268552
56.204036
58.13952
60.075004
62.010488
63.945972
65.881456
67.81694
69.752424
71.687908
73.623392
75.558876
77.49436
79.429844
81.365328
83.300812
85.236296
87.17178
89.107264
91.042748
92.978232
94.913716
96.8492
98.784684
100.720168
102.655652
104.591136
106.52662
108.462104
110.397588
112.333072
114.268556
116.20404
118.139524
120.075008
122.010492
123.945976
125.88146
127.816944
129.752428
131.687912
133.623396
135.55888
137.494364
139.429848
141.365332
143.300816
145.2363
147.171784
149.107268
151.042752
152.978236
154.91372
156.849204
158.784688
160.720172
162.655656
164.59114
166.526624
168.462108
170.397592
172.333076
174.26856
176.204044
178.139528
180.075012
182.010496
183.94598
185.881464
187.816948
189.752432
191.687916
193.6234
195.558884
197.494368
199.429852
