1.20361
3.661086
6.135314
8.609542
11.08377
13.557998
16.032226
18.506454
20.980682
23.45491
25.929138
28.403366
30.877594
33.351822
35.82605
38.300278
40.774506
43.248734
45.722962
48.19719
50.671418
53.145646
55.619874
58.094102
60.56833
63.042558
65.516786
67.991014
70.465242
72.93947
75.413698
77.887926
80.362154
82.836382
85.31061
87.784838
90.259066
92.733294
95.207522
97.68175
100.155978
102.630206
105.104434
107.578662
110.05289
112.527118
115.001346
117.475574
119.949802
122.42403
124.898258
127.372486
129.846714
132.320942
134.79517
137.269398
139.743626
142.217854
144.692082
147.16631
149.640538
152.114766
154.588994
157.063222
159.53745
162.011678
164.485906
166.960134
169.434362
171.90859
174.382818
176.857046
179.331274
181.805502
184.27973
186.753958
189.228186
191.702414
194.176642
196.65087
199.125098
201.599326
204.073554
206.547782
209.02201
