2.244705
4.597645
6.950585
9.303525
11.656465
14.009405
16.362345
18.715285
21.068225
23.421165
25.774105
28.127045
30.479985
32.832925
35.185865
37.538805
39.891745
42.244685
44.597625
46.950565
49.303505
51.656445
54.009385
56.362325
58.715265
61.068205
63.421145
65.774085
68.127025
70.479965
72.832905
75.185845
77.538785
79.891725
82.244665
84.597605
86.950545
89.303485
91.656425
94.009365
96.362305
98.715245
101.068185
103.421125
105.774065
108.127005
110.479945
112.832885
115.185825
117.538765
119.891705
122.244645
124.597585
126.950525
129.303465
131.656405
134.009345
136.362285
138.715225
141.068165
143.421105
145.774045
148.126985
150.479925
152.832865
155.185805
157.538745
159.891685
162.244625
164.597565
166.950505
169.303445
