1.52747125
3.37362325
5.21977525
7.06592725
8.91207925
10.75823125
12.60438325
14.45053525
16.29668725
18.14283925
19.98899125
21.83514325
23.68129525
25.52744725
27.37359925
29.21975125
31.06590325
32.91205525
34.75820725
36.60435925
38.45051125
40.29666325
42.14281525
43.98896725
45.83511925
47.68127125
49.52742325
51.37357525
53.21972725
55.06587925
56.91203125
58.75818325
60.60433525
62.45048725
64.29663925
66.14279125
67.98894325
69.83509525
71.68124725
73.52739925
75.37355125
77.21970325
79.06585525
80.91200725
82.75815925
84.60431125
86.45046325
88.29661525
90.14276725
91.98891925
93.83507125
95.68122325
97.52737525
99.37352725
101.21967925
103.06583125
104.91198325
106.75813525
108.60428725
110.45043925
112.29659125
114.14274325
115.98889525
117.83504725
119.68119925
121.52735125
123.37350325
125.21965525
127.06580725
128.91195925
130.75811125
132.60426325
134.45041525
136.29656725
138.14271925
139.98887125
141.83502325
143.68117525
145.52732725
147.37347925
149.21963125
151.06578325
152.91193525
154.75808725
156.60423925
158.45039125
160.29654325
162.14269525
163.98884725
165.83499925
167.68115125
169.52730325
171.37345525
173.21960725
175.06575925
176.91191125
