2.262831875
5.137083875
8.011335875
10.885587875
13.759839875
16.634091875
19.508343875
22.382595875
25.256847875
28.131099875
31.005351875
33.879603875
36.753855875
39.628107875
42.502359875
45.376611875
48.250863875
51.125115875
53.999367875
56.873619875
59.747871875
62.622123875
65.496375875
68.370627875
71.244879875
74.119131875
76.993383875
79.867635875
82.741887875
85.616139875
88.490391875
91.364643875
94.238895875
97.113147875
99.987399875
102.861651875
105.735903875
108.610155875
111.484407875
114.358659875
117.232911875
120.107163875
122.981415875
125.855667875
128.729919875
131.604171875
134.478423875
137.352675875
140.226927875
143.101179875
145.975431875
148.849683875
151.723935875
154.598187875
157.472439875
160.346691875
163.220943875
166.095195875
168.969447875
171.843699875
174.717951875
177.592203875
180.466455875
183.340707875
186.214959875
189.089211875
191.963463875
194.837715875
197.711967875
200.586219875
203.460471875
206.334723875
209.208975875
212.083227875
214.957479875
217.831731875
220.705983875
223.580235875
226.454487875
229.328739875
232.202991875
235.077243875
237.951495875
240.825747875
243.699999875
246.574251875
249.448503875
