1.673865
3.855685
6.037505
8.219325
10.401145
12.582965
14.764785
16.946605
19.128425
21.310245
23.492065
25.673885
27.855705
30.037525
32.219345
34.401165
36.582985
38.764805
40.946625
43.128445
45.310265
47.492085
49.673905
51.855725
54.037545
56.219365
58.401185
60.583005
62.764825
64.946645
67.128465
69.310285
71.492105
73.673925
75.855745
78.037565
80.219385
82.401205
84.583025
86.764845
88.946665
91.128485
93.310305
95.492125
97.673945
99.855765
102.037585
104.219405
106.401225
108.583045
110.764865
112.946685
115.128505
117.310325
119.492145
121.673965
123.855785
126.037605
128.219425
130.401245
132.583065
134.764885
136.946705
139.128525
141.310345
143.492165
145.673985
147.855805
150.037625
152.219445
154.401265
156.583085
158.764905
160.946725
163.128545
165.310365
167.492185
169.674005
171.855825
174.037645
176.219465
178.401285
180.583105
182.764925
184.946745
187.128565
189.310385
191.492205
