4.94737
7.052634
9.157898
11.263162
13.368426
15.47369
17.578954
19.684218
21.789482
23.894746
26.00001
28.105274
30.210538
32.315802
34.421066
36.52633
38.631594
40.736858
42.842122
44.947386
47.05265
49.157914
51.263178
53.368442
55.473706
57.57897
59.684234
61.789498
63.894762
66.000026
68.10529
70.210554
72.315818
74.421082
76.526346
78.63161
80.736874
82.842138
84.947402
87.052666
89.15793
91.263194
93.368458
95.473722
97.578986
99.68425
101.789514
103.894778
106.000042
108.105306
110.21057
112.315834
114.421098
116.526362
118.631626
120.73689
122.842154
124.947418
127.052682
129.157946
131.26321
133.368474
135.473738
137.579002
139.684266
141.78953
143.894794
146.000058
148.105322
150.210586
152.31585
154.421114
156.526378
158.631642
160.736906
162.84217
164.947434
167.052698
169.157962
171.263226
173.36849
175.473754
177.579018
179.684282
181.789546
183.89481
186.000074
188.105338
190.210602
192.315866
194.42113
196.526394
198.631658
200.736922
202.842186
204.94745
207.052714
209.157978
211.263242
213.368506
215.47377
217.579034
219.684298
221.789562
