0.0
2.840909375
6.477273375
10.113637375
13.750001375
17.386365375
21.022729375
24.659093375
28.295457375
31.931821375
35.568185375
39.204549375
42.840913375
46.477277375
50.113641375
53.750005375
57.386369375
61.022733375
64.659097375
68.295461375
71.931825375
75.568189375
79.204553375
82.840917375
86.477281375
90.113645375
93.750009375
97.386373375
101.022737375
104.659101375
108.295465375
111.931829375
115.568193375
119.204557375
122.840921375
126.477285375
130.113649375
133.750013375
137.386377375
141.022741375
144.659105375
148.295469375
151.931833375
155.568197375
159.204561375
162.840925375
166.477289375
170.113653375
173.750017375
177.386381375
181.022745375
184.659109375
188.295473375
191.931837375
195.568201375
199.204565375
202.840929375
206.477293375
210.113657375
213.750021375
