0.881579
1.8289475
2.776316
3.7236845
4.671053
5.6184215
6.56579
7.5131585
8.460527
9.4078955
10.355264
11.3026325
12.250001
13.1973695
14.144738
15.0921065
16.039475
16.9868435
17.934212
18.8815805
19.828949
20.7763175
21.723686
22.6710545
23.618423
24.5657915
25.51316
26.4605285
27.407897
28.3552655
29.302634
30.2500025
31.197371
32.1447395
33.092108
34.0394765
34.986845
35.9342135
36.881582
37.8289505
38.776319
39.7236875
40.671056
41.6184245
42.565793
43.5131615
44.46053
45.4078985
46.355267
47.3026355
48.250004
49.1973725
50.144741
51.0921095
52.039478
52.9868465
53.934215
54.8815835
55.828952
56.7763205
57.723689
58.6710575
59.618426
60.5657945
61.513163
62.4605315
63.4079
64.3552685
65.302637
66.2500055
67.197374
68.1447425
69.092111
70.0394795
70.986848
71.9342165
72.881585
73.8289535
74.776322
75.7236905
76.671059
77.6184275
78.565796
79.5131645
80.460533
81.4079015
82.35527
83.3026385
84.250007
85.1973755
86.144744
87.0921125
88.039481
88.9868495
89.934218
90.8815865
91.828955
92.7763235
93.723692
94.6710605
95.618429
96.5657975
97.513166
98.4605345
99.407903
100.3552715
101.30264
102.2500085
103.197377
104.1447455
105.092114
106.0394825
106.986851
107.9342195
108.881588
109.8289565
110.776325
111.7236935
112.671062
113.6184305
114.565799
115.5131675
116.460536
117.4079045
118.355273
119.3026415
120.25001
121.1973785
122.144747
123.0921155
124.039484
124.9868525
125.934221
126.8815895
127.828958
128.7763265
129.723695
130.6710635
131.618432
132.5658005
133.513169
134.4605375
135.407906
136.3552745
137.302643
138.2500115
139.19738
140.1447485
141.092117
142.0394855
142.986854
143.9342225
144.881591
145.8289595
146.776328
147.7236965
148.671065
149.6184335
150.565802
151.5131705
152.460539
153.4079075
154.355276
155.3026445
156.250013
157.1973815
158.14475
159.0921185
160.039487
160.9868555
161.934224
162.8815925
163.828961
164.7763295
165.723698
166.6710665
167.618435
168.5658035
169.513172
170.4605405
171.407909
172.3552775
173.302646
174.2500145
175.197383
176.1447515
177.09212
178.0394885
178.986857
179.9342255
180.881594
181.8289625
182.776331
183.7236995
184.671068
185.6184365
186.565805
187.5131735
188.460542
189.4079105
190.355279
191.3026475
192.250016
193.1973845
194.144753
195.0921215
196.03949
196.9868585
197.934227
198.8815955
199.828964
200.7763325
201.723701
202.6710695
203.618438
204.5658065
205.513175
206.4605435
207.407912
208.3552805
209.302649
210.2500175
211.197386
212.1447545
213.092123
214.0394915
214.98686
215.9342285
216.881597
217.8289655
218.776334
219.7237025
220.671071
221.6184395
222.565808
223.5131765
224.460545
225.4079135
226.355282
227.3026505
228.250019
229.1973875
230.144756
231.0921245
232.039493
232.9868615
233.93423
234.8815985
235.828967
236.7763355
