1.8947375
4.0000015
6.1052655
8.2105295
10.3157935
12.4210575
14.5263215
16.6315855
18.7368495
20.8421135
22.9473775
25.0526415
27.1579055
29.2631695
31.3684335
33.4736975
35.5789615
37.6842255
39.7894895
41.8947535
44.0000175
46.1052815
48.2105455
50.3158095
52.4210735
54.5263375
56.6316015
58.7368655
60.8421295
62.9473935
65.0526575
67.1579215
69.2631855
71.3684495
73.4737135
75.5789775
77.6842415
79.7895055
81.8947695
84.0000335
86.1052975
88.2105615
90.3158255
92.4210895
94.5263535
96.6316175
98.7368815
100.8421455
102.9474095
105.0526735
107.1579375
109.2632015
111.3684655
113.4737295
115.5789935
117.6842575
119.7895215
121.8947855
124.0000495
126.1053135
128.2105775
130.3158415
132.4211055
134.5263695
136.6316335
138.7368975
140.8421615
142.9474255
145.0526895
147.1579535
149.2632175
151.3684815
153.4737455
155.5790095
157.6842735
159.7895375
161.8948015
