1.46484375
3.33984375
5.21484375
7.08984375
8.96484375
10.83984375
12.71484375
14.58984375
16.46484375
18.33984375
20.21484375
22.08984375
23.96484375
25.83984375
27.71484375
29.58984375
31.46484375
33.33984375
35.21484375
37.08984375
38.96484375
40.83984375
42.71484375
44.58984375
46.46484375
48.33984375
50.21484375
52.08984375
53.96484375
55.83984375
57.71484375
59.58984375
61.46484375
63.33984375
65.21484375
67.08984375
68.96484375
70.83984375
72.71484375
74.58984375
76.46484375
78.33984375
80.21484375
82.08984375
83.96484375
85.83984375
87.71484375
89.58984375
91.46484375
93.33984375
95.21484375
97.08984375
98.96484375
100.83984375
102.71484375
104.58984375
106.46484375
108.33984375
110.21484375
112.08984375
113.96484375
115.83984375
117.71484375
119.58984375
121.46484375
123.33984375
125.21484375
127.08984375
128.96484375
130.83984375
132.71484375
134.58984375
136.46484375
138.33984375
140.21484375
142.08984375
143.96484375
145.83984375
147.71484375
149.58984375
151.46484375
153.33984375
155.21484375
157.08984375
158.96484375
160.83984375
162.71484375
164.58984375
166.46484375
168.33984375
170.21484375
172.08984375
173.96484375
175.83984375
177.71484375
179.58984375
181.46484375
183.33984375
185.21484375
187.08984375
188.96484375
190.83984375
192.71484375
194.58984375
196.46484375
198.33984375
200.21484375
202.08984375
203.96484375
205.83984375
207.71484375
209.58984375
211.46484375
213.33984375
215.21484375
217.08984375
218.96484375
220.83984375
222.71484375
224.58984375
226.46484375
228.33984375
230.21484375
232.08984375
233.96484375
235.83984375
237.71484375
239.58984375
241.46484375
243.33984375
245.21484375
247.08984375
248.96484375
250.83984375
252.71484375
254.58984375
256.46484375
258.33984375
260.21484375
262.08984375
263.96484375
265.83984375
267.71484375
269.58984375
271.46484375
273.33984375
275.21484375
277.08984375
278.96484375
280.83984375
282.71484375
284.58984375
286.46484375
288.33984375
290.21484375
292.08984375
293.96484375
295.83984375
297.71484375
299.58984375
301.46484375
303.33984375
305.21484375
