1.5937935
3.4835575
5.3733215
7.2630855
9.1528495
11.0426135
12.9323775
14.8221415
16.7119055
18.6016695
20.4914335
22.3811975
24.2709615
26.1607255
28.0504895
29.9402535
31.8300175
33.7197815
35.6095455
37.4993095
39.3890735
41.2788375
43.1686015
45.0583655
46.9481295
48.8378935
50.7276575
52.6174215
54.5071855
56.3969495
58.2867135
60.1764775
62.0662415
63.9560055
65.8457695
67.7355335
69.6252975
71.5150615
73.4048255
75.2945895
77.1843535
79.0741175
80.9638815
82.8536455
84.7434095
86.6331735
88.5229375
90.4127015
92.3024655
94.1922295
96.0819935
97.9717575
99.8615215
101.7512855
103.6410495
105.5308135
107.4205775
109.3103415
111.2001055
113.0898695
114.9796335
116.8693975
118.7591615
120.6489255
122.5386895
124.4284535
126.3182175
128.2079815
130.0977455
131.9875095
133.8772735
135.7670375
137.6568015
139.5465655
141.4363295
143.3260935
145.2158575
147.1056215
148.9953855
150.8851495
152.7749135
154.6646775
156.5544415
158.4442055
160.3339695
162.2237335
164.1134975
166.0032615
167.8930255
169.7827895
171.6725535
173.5623175
175.4520815
177.3418455
179.2316095
181.1213735
183.0111375
184.9009015
186.7906655
188.6804295
190.5701935
192.4599575
194.3497215
196.2394855
198.1292495
200.0190135
201.9087775
203.7985415
205.6883055
