0.99609375
2.87109375
4.74609375
6.62109375
8.49609375
10.37109375
12.24609375
14.12109375
15.99609375
17.87109375
19.74609375
21.62109375
23.49609375
25.37109375
27.24609375
29.12109375
30.99609375
32.87109375
34.74609375
36.62109375
38.49609375
40.37109375
42.24609375
44.12109375
45.99609375
47.87109375
49.74609375
51.62109375
53.49609375
55.37109375
57.24609375
59.12109375
60.99609375
62.87109375
64.74609375
66.62109375
68.49609375
70.37109375
72.24609375
74.12109375
75.99609375
77.87109375
79.74609375
81.62109375
83.49609375
85.37109375
87.24609375
89.12109375
90.99609375
92.87109375
94.74609375
96.62109375
98.49609375
100.37109375
102.24609375
104.12109375
105.99609375
107.87109375
109.74609375
111.62109375
113.49609375
115.37109375
117.24609375
119.12109375
120.99609375
122.87109375
124.74609375
126.62109375
128.49609375
130.37109375
132.24609375
134.12109375
135.99609375
137.87109375
139.74609375
141.62109375
143.49609375
145.37109375
147.24609375
149.12109375
150.99609375
152.87109375
154.74609375
156.62109375
158.49609375
160.37109375
162.24609375
164.12109375
165.99609375
167.87109375
169.74609375
171.62109375
173.49609375
175.37109375
177.24609375
179.12109375
180.99609375
182.87109375
184.74609375
186.62109375
188.49609375
190.37109375
192.24609375
194.12109375
195.99609375
197.87109375
199.74609375
201.62109375
203.49609375
205.37109375
207.24609375
209.12109375
210.99609375
212.87109375
214.74609375
216.62109375
218.49609375
220.37109375
222.24609375
224.12109375
225.99609375
227.87109375
229.74609375
231.62109375
233.49609375
235.37109375
237.24609375
239.12109375
240.99609375
242.87109375
244.74609375
246.62109375
248.49609375
250.37109375
252.24609375
254.12109375
255.99609375
257.87109375
259.74609375
261.62109375
263.49609375
265.37109375
267.24609375
269.12109375
270.99609375
272.87109375
274.74609375
276.62109375
278.49609375
280.37109375
282.24609375
284.12109375
285.99609375
287.87109375
289.74609375
291.62109375
293.49609375
295.37109375
297.24609375
299.12109375
300.99609375
302.87109375
304.74609375
306.62109375
308.49609375
310.37109375
312.24609375
314.12109375
315.99609375
317.87109375
319.74609375
321.62109375
323.49609375
325.37109375
327.24609375
329.12109375
330.99609375
332.87109375
334.74609375
336.62109375
338.49609375
340.37109375
342.24609375
344.12109375
345.99609375
347.87109375
349.74609375
351.62109375
353.49609375
355.37109375
