0.2068965
1.6915545
3.1762125
4.6608705
6.1455285
7.6301865
9.1148445
10.5995025
12.0841605
13.5688185
15.0534765
16.5381345
18.0227925
19.5074505
20.9921085
22.4767665
23.9614245
25.4460825
26.9307405
28.4153985
29.9000565
31.3847145
32.8693725
34.3540305
35.8386885
37.3233465
38.8080045
40.2926625
41.7773205
43.2619785
44.7466365
46.2312945
47.7159525
49.2006105
50.6852685
52.1699265
53.6545845
55.1392425
56.6239005
58.1085585
59.5932165
61.0778745
62.5625325
64.0471905
65.5318485
67.0165065
68.5011645
69.9858225
71.4704805
72.9551385
74.4397965
75.9244545
77.4091125
78.8937705
80.3784285
81.8630865
83.3477445
84.8324025
86.3170605
87.8017185
89.2863765
90.7710345
92.2556925
93.7403505
95.2250085
96.7096665
98.1943245
99.6789825
101.1636405
102.6482985
104.1329565
105.6176145
107.1022725
108.5869305
110.0715885
111.5562465
113.0409045
114.5255625
116.0102205
117.4948785
118.9795365
120.4641945
121.9488525
123.4335105
124.9181685
126.4028265
127.8874845
129.3721425
130.8568005
132.3414585
133.8261165
135.3107745
136.7954325
138.2800905
139.7647485
141.2494065
142.7340645
144.2187225
145.7033805
147.1880385
148.6726965
150.1573545
151.6420125
153.1266705
154.6113285
156.0959865
157.5806445
159.0653025
160.5499605
162.0346185
163.5192765
165.0039345
166.4885925
167.9732505
169.4579085
170.9425665
172.4272245
173.9118825
175.3965405
176.8811985
178.3658565
179.8505145
181.3351725
182.8198305
184.3044885
185.7891465
187.2738045
188.7584625
190.2431205
191.7277785
193.2124365
194.6970945
196.1817525
197.6664105
199.1510685
200.6357265
202.1203845
203.6050425
205.0897005
206.5743585
208.0590165
209.5436745
211.0283325
212.5129905
213.9976485
215.4823065
216.9669645
218.4516225
219.9362805
221.4209385
222.9055965
224.3902545
225.8749125
227.3595705
228.8442285
230.3288865
231.8135445
233.2982025
234.7828605
236.2675185
237.7521765
239.2368345
240.7214925
242.2061505
243.6908085
245.1754665
246.6601245
248.1447825
249.6294405
251.1140985
252.5987565
254.0834145
