1.662606
3.679414
5.696222
7.71303
9.729838
11.746646
13.763454
15.780262
17.79707
19.813878
21.830686
23.847494
25.864302
27.88111
29.897918
31.914726
33.931534
35.948342
37.96515
39.981958
41.998766
44.015574
46.032382
48.04919
50.065998
52.082806
54.099614
56.116422
58.13323
60.150038
62.166846
64.183654
66.200462
68.21727
70.234078
72.250886
74.267694
76.284502
78.30131
80.318118
82.334926
84.351734
86.368542
88.38535
90.402158
92.418966
94.435774
96.452582
98.46939
100.486198
102.503006
104.519814
106.536622
108.55343
110.570238
112.587046
114.603854
116.620662
118.63747
120.654278
122.671086
124.687894
126.704702
128.72151
130.738318
132.755126
134.771934
136.788742
138.80555
140.822358
142.839166
144.855974
146.872782
148.88959
150.906398
152.923206
154.940014
156.956822
158.97363
160.990438
163.007246
165.024054
167.040862
169.05767
171.074478
173.091286
175.108094
177.124902
179.14171
181.158518
183.175326
185.192134
187.208942
189.22575
191.242558
193.259366
195.276174
197.292982
199.30979
201.326598
203.343406
205.360214
207.377022
209.39383
211.410638
213.427446
215.444254
217.461062
219.47787
221.494678
223.511486
225.528294
227.545102
229.56191
