1.11469275
2.51004075
3.90538875
5.30073675
6.69608475
8.09143275
9.48678075
10.88212875
12.27747675
13.67282475
15.06817275
16.46352075
17.85886875
19.25421675
20.64956475
22.04491275
23.44026075
24.83560875
26.23095675
27.62630475
29.02165275
30.41700075
31.81234875
33.20769675
34.60304475
35.99839275
37.39374075
38.78908875
40.18443675
41.57978475
42.97513275
44.37048075
45.76582875
47.16117675
48.55652475
49.95187275
51.34722075
52.74256875
54.13791675
55.53326475
56.92861275
58.32396075
59.71930875
61.11465675
62.51000475
63.90535275
65.30070075
66.69604875
68.09139675
69.48674475
70.88209275
72.27744075
73.67278875
75.06813675
76.46348475
77.85883275
79.25418075
80.64952875
82.04487675
83.44022475
84.83557275
86.23092075
87.62626875
89.02161675
90.41696475
91.81231275
93.20766075
94.60300875
95.99835675
97.39370475
98.78905275
100.18440075
101.57974875
102.97509675
104.37044475
105.76579275
107.16114075
108.55648875
109.95183675
111.34718475
112.74253275
114.13788075
115.53322875
116.92857675
118.32392475
119.71927275
121.11462075
122.50996875
123.90531675
125.30066475
126.69601275
128.09136075
129.48670875
130.88205675
132.27740475
133.67275275
135.06810075
136.46344875
137.85879675
139.25414475
140.64949275
142.04484075
143.44018875
144.83553675
146.23088475
147.62623275
149.02158075
150.41692875
151.81227675
153.20762475
154.60297275
155.99832075
157.39366875
158.78901675
160.18436475
161.57971275
162.97506075
164.37040875
165.76575675
167.16110475
168.55645275
169.95180075
171.34714875
172.74249675
174.13784475
175.53319275
176.92854075
178.32388875
179.71923675
181.11458475
182.50993275
183.90528075
185.30062875
186.69597675
188.09132475
189.48667275
190.88202075
192.27736875
193.67271675
195.06806475
196.46341275
197.85876075
199.25410875
200.64945675
202.04480475
203.44015275
204.83550075
206.23084875
207.62619675
209.02154475
210.41689275
211.81224075
213.20758875
214.60293675
215.99828475
217.39363275
218.78898075
220.18432875
221.57967675
222.97502475
