0.1875
1.6875
3.1875
4.6875
6.1875
7.6875
9.1875
10.6875
12.1875
13.6875
15.1875
16.6875
18.1875
19.6875
21.1875
22.6875
24.1875
25.6875
27.1875
28.6875
30.1875
31.6875
33.1875
34.6875
36.1875
37.6875
39.1875
40.6875
42.1875
43.6875
45.1875
46.6875
48.1875
49.6875
51.1875
52.6875
54.1875
55.6875
57.1875
58.6875
60.1875
61.6875
63.1875
64.6875
66.1875
67.6875
69.1875
70.6875
72.1875
73.6875
75.1875
76.6875
78.1875
79.6875
81.1875
82.6875
84.1875
85.6875
87.1875
88.6875
90.1875
91.6875
93.1875
94.6875
96.1875
97.6875
99.1875
100.6875
102.1875
103.6875
105.1875
106.6875
108.1875
109.6875
111.1875
112.6875
114.1875
115.6875
117.1875
118.6875
120.1875
121.6875
123.1875
124.6875
126.1875
127.6875
129.1875
130.6875
132.1875
133.6875
135.1875
136.6875
138.1875
139.6875
141.1875
142.6875
144.1875
145.6875
147.1875
148.6875
150.1875
151.6875
153.1875
154.6875
156.1875
157.6875
159.1875
160.6875
162.1875
163.6875
165.1875
166.6875
168.1875
169.6875
171.1875
172.6875
174.1875
175.6875
177.1875
178.6875
180.1875
181.6875
183.1875
184.6875
186.1875
187.6875
189.1875
190.6875
192.1875
193.6875
195.1875
196.6875
198.1875
199.6875
201.1875
202.6875
204.1875
205.6875
