1.139241
4.148735
7.148735
10.148735
13.148735
16.148735
19.148735
22.148735
25.148735
28.148735
31.148735
34.148735
37.148735
40.148735
43.148735
46.148735
49.148735
52.148735
55.148735
58.148735
61.148735
64.148735
67.148735
70.148735
73.148735
76.148735
79.148735
82.148735
85.148735
88.148735
91.148735
94.148735
97.148735
100.148735
103.148735
106.148735
109.148735
112.148735
115.148735
118.148735
121.148735
124.148735
127.148735
130.148735
133.148735
136.148735
139.148735
142.148735
145.148735
148.148735
151.148735
154.148735
157.148735
160.148735
163.148735
166.148735
169.148735
172.148735
175.148735
178.148735
181.148735
184.148735
187.148735
190.148735
193.148735
196.148735
199.148735
202.148735
205.148735
208.148735
211.148735
214.148735
217.148735
220.148735
223.148735
226.148735
229.148735
232.148735
235.148735
238.148735
241.148735
244.148735
247.148735
250.148735
253.148735
256.148735
