1.428731625
3.274883625
5.121035625
6.967187625
8.813339625
10.659491625
12.505643625
14.351795625
16.197947625
18.044099625
19.890251625
21.736403625
23.582555625
25.428707625
27.274859625
29.121011625
30.967163625
32.813315625
34.659467625
36.505619625
38.351771625
40.197923625
42.044075625
43.890227625
45.736379625
47.582531625
49.428683625
51.274835625
53.120987625
54.967139625
56.813291625
58.659443625
60.505595625
62.351747625
64.197899625
66.044051625
67.890203625
69.736355625
71.582507625
73.428659625
75.274811625
77.120963625
78.967115625
80.813267625
82.659419625
84.505571625
86.351723625
88.197875625
90.044027625
91.890179625
93.736331625
95.582483625
97.428635625
99.274787625
101.120939625
102.967091625
104.813243625
106.659395625
108.505547625
110.351699625
112.197851625
114.044003625
115.890155625
117.736307625
119.582459625
121.428611625
123.274763625
125.120915625
126.967067625
128.813219625
130.659371625
132.505523625
134.351675625
136.197827625
138.043979625
139.890131625
141.736283625
143.582435625
145.428587625
147.274739625
149.120891625
150.967043625
152.813195625
154.659347625
156.505499625
158.351651625
160.197803625
162.043955625
163.890107625
165.736259625
167.582411625
169.428563625
171.274715625
173.120867625
174.967019625
176.813171625
178.659323625
180.505475625
182.351627625
184.197779625
186.043931625
187.890083625
189.736235625
191.582387625
193.428539625
195.274691625
197.120843625
198.966995625
200.813147625
202.659299625
204.505451625
206.351603625
208.197755625
210.043907625
211.890059625
213.736211625
215.582363625
217.428515625
219.274667625
221.120819625
222.966971625
224.813123625
226.659275625
228.505427625
230.351579625
232.197731625
234.043883625
235.890035625
237.736187625
239.582339625
241.428491625
243.274643625
245.120795625
246.966947625
248.813099625
250.659251625
252.505403625
254.351555625
256.197707625
258.043859625
259.890011625
261.736163625
263.582315625
265.428467625
267.274619625
269.120771625
270.966923625
272.813075625
274.659227625
276.505379625
278.351531625
280.197683625
282.043835625
283.889987625
285.736139625
287.582291625
289.428443625
291.274595625
293.120747625
294.966899625
296.813051625
298.659203625
300.505355625
302.351507625
304.197659625
306.043811625
307.889963625
309.736115625
311.582267625
313.428419625
315.274571625
317.120723625
318.966875625
320.813027625
322.659179625
324.505331625
326.351483625
328.197635625
330.043787625
331.889939625
333.736091625
335.582243625
337.428395625
339.274547625
341.120699625
342.966851625
344.813003625
346.659155625
348.505307625
350.351459625
352.197611625
354.043763625
355.889915625
