1.9318185
3.5984865
5.2651545
6.9318225
8.5984905
10.2651585
11.9318265
13.5984945
15.2651625
16.9318305
18.5984985
20.2651665
21.9318345
23.5985025
25.2651705
26.9318385
28.5985065
30.2651745
31.9318425
33.5985105
35.2651785
36.9318465
38.5985145
40.2651825
41.9318505
43.5985185
45.2651865
46.9318545
48.5985225
50.2651905
51.9318585
53.5985265
55.2651945
56.9318625
58.5985305
60.2651985
61.9318665
63.5985345
65.2652025
66.9318705
68.5985385
69.8485395
71.0985405
72.7652085
74.4318765
76.0985445
77.7652125
79.4318805
81.0985485
82.7652165
84.4318845
86.0985525
87.7652205
89.4318885
91.0985565
92.7652245
94.4318925
96.0985605
97.7652285
99.4318965
101.0985645
102.7652325
104.4319005
106.0985685
107.7652365
109.4319045
111.0985725
112.7652405
114.4319085
116.0985765
117.7652445
119.4319125
121.0985805
122.7652485
124.4319165
126.0985845
127.7652525
129.4319205
131.0985885
132.7652565
134.4319245
136.0985925
137.7652605
139.4319285
141.0985965
142.7652645
144.4319325
146.0986005
147.7652685
149.4319365
151.0986045
152.7652725
154.4319405
156.0986085
157.7652765
159.4319445
