1.57291675
3.44791675
5.32291675
7.19791675
9.07291675
10.94791675
12.82291675
14.69791675
16.57291675
18.44791675
20.32291675
22.19791675
24.07291675
25.94791675
27.82291675
29.69791675
31.57291675
33.44791675
35.32291675
37.19791675
39.07291675
40.94791675
42.82291675
44.69791675
46.57291675
48.44791675
50.32291675
52.19791675
54.07291675
55.94791675
57.82291675
59.69791675
61.57291675
63.44791675
65.32291675
67.19791675
69.07291675
70.94791675
72.82291675
74.69791675
76.57291675
78.44791675
80.32291675
82.19791675
84.07291675
85.94791675
87.82291675
89.69791675
91.57291675
93.44791675
95.32291675
97.19791675
99.07291675
100.94791675
102.82291675
104.69791675
106.57291675
108.44791675
110.32291675
112.19791675
114.07291675
115.94791675
117.82291675
119.69791675
121.57291675
123.44791675
125.32291675
127.19791675
129.07291675
130.94791675
132.82291675
134.69791675
136.57291675
138.44791675
140.32291675
142.19791675
144.07291675
145.94791675
147.82291675
149.69791675
151.57291675
153.44791675
155.32291675
157.19791675
159.07291675
160.94791675
162.82291675
164.69791675
166.57291675
168.44791675
170.32291675
172.19791675
174.07291675
175.94791675
177.82291675
179.69791675
181.57291675
183.44791675
185.32291675
187.19791675
189.07291675
190.94791675
192.82291675
194.69791675
196.57291675
198.44791675
200.32291675
202.19791675
204.07291675
205.94791675
207.82291675
209.69791675
211.57291675
213.44791675
215.32291675
217.19791675
219.07291675
220.94791675
222.82291675
224.69791675
