1.519044
3.444436
5.369828
7.29522
9.220612
11.146004
13.071396
14.996788
16.92218
18.847572
20.772964
22.698356
24.623748
26.54914
28.474532
30.399924
32.325316
34.250708
36.1761
38.101492
40.026884
41.952276
43.877668
45.80306
47.728452
49.653844
51.579236
53.504628
55.43002
57.355412
59.278374
61.200526
63.122678
65.04483
66.966982
68.889134
70.811286
72.733438
74.65559
76.577742
78.499894
80.422046
82.344198
84.26635
86.188502
88.110654
90.032806
91.954958
93.87711
95.799262
97.721414
99.643566
101.565718
103.48787
105.410022
107.332174
109.254326
111.176478
113.09863
115.020782
116.942934
118.865086
120.787238
122.70939
124.631542
126.553694
128.475846
130.397998
132.32015
134.242302
136.164454
138.062315
139.973604
141.892068
143.810532
145.728996
147.64746
149.565924
151.484388
153.402852
155.321316
157.23978
159.158244
161.076708
162.995172
164.913636
166.8321
168.750564
170.669028
172.587492
174.505956
176.42442
178.342884
180.261348
182.179812
184.098276
186.01674
187.935204
189.853668
191.772132
193.690596
195.60906
197.527524
199.445988
