1.49952375
3.40809375
5.31285375
7.20636675
9.09613075
10.98589475
12.87009975
14.74693775
16.62193775
18.49693775
20.37193775
22.24693775
24.12193775
25.99693775
27.87193775
29.74693775
31.62193775
33.49693775
35.37193775
37.24693775
39.12193775
40.99693775
42.87193775
44.74693775
46.62193775
48.49693775
50.37193775
52.24693775
54.12193775
55.99693775
57.87193775
59.74693775
61.62193775
63.49693775
65.37193775
67.24693775
69.12193775
70.99693775
72.87193775
74.74693775
76.62193775
78.49693775
80.37193775
82.24693775
84.12193775
85.99693775
87.87193775
89.74693775
91.62193775
93.49693775
95.37193775
97.24693775
99.12193775
100.99693775
102.87193775
104.74693775
106.62193775
108.49693775
110.37193775
112.24693775
114.12193775
115.99693775
117.87193775
119.74693775
121.62193775
123.49693775
125.37193775
127.24693775
129.12193775
130.99693775
132.87193775
134.74693775
136.62193775
138.49693775
140.37193775
142.24693775
144.12193775
145.99693775
147.87193775
149.74693775
151.62193775
153.49693775
155.37193775
157.24693775
159.12193775
160.99693775
162.87193775
164.74693775
166.62193775
168.49693775
170.37193775
172.24693775
174.12193775
175.99693775
177.87193775
179.74693775
181.62193775
183.49693775
185.37193775
187.24693775
189.12193775
190.99693775
192.87193775
194.74693775
196.62193775
198.49693775
200.37193775
202.24693775
204.12193775
205.99693775
207.87193775
209.74693775
211.62193775
213.49693775
215.37193775
217.24693775
219.12193775
220.99693775
222.87193775
224.74693775
226.62193775
228.49693775
230.37193775
232.24693775
234.12193775
235.99693775
237.87193775
239.74693775
241.62193775
243.49693775
245.37193775
247.24693775
249.12193775
250.99693775
252.87193775
254.74693775
256.62193775
258.49693775
260.37193775
262.24693775
264.12193775
265.99693775
267.87193775
269.74693775
271.62193775
273.49693775
275.37193775
277.24693775
279.12193775
280.99693775
282.87193775
284.74693775
286.62193775
288.49693775
290.37193775
292.24693775
294.12193775
295.99693775
297.87193775
299.74693775
301.62193775
303.49693775
305.37193775
307.24693775
309.12193775
310.99693775
312.87193775
314.74693775
316.62193775
318.49693775
320.37193775
322.24693775
324.12193775
325.99693775
327.87193775
329.74693775
331.62193775
333.49693775
335.37193775
337.24693775
339.12193775
340.99693775
342.87193775
344.74693775
346.62193775
348.49693775
350.37745175
352.25980375
354.14215575
356.02450775
357.90685975
359.78921175
361.67156375
