0.4619569375
2.2010889375
3.9402209375
5.6793529375
7.4184849375
9.1576169375
10.8967489375
12.6358809375
14.3750129375
16.1141449375
17.8532769375
19.5924089375
21.3315409375
23.0706729375
24.8098049375
26.5489369375
28.2880689375
30.0272009375
31.7663329375
33.5054649375
35.2445969375
36.9837289375
38.7228609375
40.4619929375
42.2011249375
43.9402569375
45.6793889375
47.4185209375
49.1576529375
50.8967849375
52.6359169375
54.3750489375
56.1141809375
57.8533129375
59.5924449375
61.3315769375
63.0707089375
64.8098409375
66.5489729375
68.2881049375
70.0272369375
71.7663689375
73.5055009375
75.2446329375
76.9837649375
78.7228969375
80.4620289375
82.2011609375
83.9402929375
85.6794249375
87.4185569375
89.1576889375
90.8968209375
92.6359529375
94.3750849375
96.1142169375
97.8533489375
99.5924809375
101.331612938
103.070744938
104.809876938
106.549008938
108.288140938
110.027272938
111.766404938
113.505536938
115.244668938
116.983800938
118.722932938
120.462064938
122.201196938
123.940328938
125.679460938
127.418592938
129.157724938
130.896856938
132.635988938
134.375120938
136.114252938
137.853384938
139.592516938
141.331648938
143.070780938
144.809912938
146.549044938
148.288176938
150.027308938
151.766440938
153.505572938
155.244704938
156.983836938
158.722968938
160.462100938
162.201232938
163.940364938
165.679496938
167.418628938
169.157760938
170.896892938
172.636024938
174.375156938
176.114288938
177.853420938
179.592552938
181.331684938
183.070816938
184.809948938
186.549080938
188.288212938
190.027344938
191.766476938
193.505608938
195.244740938
196.983872938
198.723004938
200.462136938
202.201268938
203.940400938
205.679532938
207.418664938
209.157796938
210.896928938
212.636060938
214.375192938
216.114324938
217.853456938
219.592588938
221.331720938
