1.4197335
3.1588655
4.9027405
6.6481965
8.3936525
10.1391085
11.8845645
13.6300205
15.3754765
17.1209325
18.8616455
20.6007775
22.3399095
24.0790415
25.8181735
27.5573055
29.2964375
31.0355695
32.7783015
34.5222335
36.2661655
38.0100975
39.7540295
41.4979615
43.2418935
44.9858255
46.7297575
48.4736895
50.2176215
51.9615535
53.7054855
55.4494175
57.1933495
58.9372815
60.6812135
62.4251455
64.1690775
65.9130095
67.6569415
69.4008735
71.1448055
72.8887375
74.6326695
76.3766015
78.1205335
79.8644655
81.6083975
83.3523295
85.0962615
86.8401935
88.5841255
90.3280575
92.0719895
93.8159215
95.5598535
97.3037855
99.0477175
100.7916495
102.5355815
104.2795135
106.0234455
107.7673775
109.5113095
111.2552415
112.9991735
114.7431055
116.4870375
118.2309695
119.9749015
121.7188335
123.4627655
125.2066975
126.9506295
128.6945615
130.4384935
132.1824255
133.9263575
135.6702895
137.4142215
139.1581535
140.9020855
142.6460175
144.3899495
146.1338815
147.8778135
149.6217455
151.3656775
153.1096095
154.8535415
156.5974735
158.3414055
160.0853375
161.8292695
163.5732015
165.3171335
167.0610655
168.8049975
170.5489295
172.2928615
174.0367935
175.7807255
177.5246575
179.2685895
181.0125215
182.7564535
184.5003855
186.2443175
187.9882495
189.7321815
191.4761135
193.2200455
194.9639775
196.7079095
198.4518415
200.1957735
201.9397055
203.6836375
205.4275695
207.1715015
208.9154335
210.6593655
212.4032975
214.1472295
215.8911615
217.6350935
219.3790255
221.1229575
222.8668895
224.6108215
226.3547535
228.0986855
229.8426175
231.5865495
233.3304815
235.0744135
236.8183455
238.5622775
240.3062095
242.0501415
243.7940735
245.5380055
247.2819375
249.0258695
250.7698015
252.5137335
