3.010731
4.871195
6.731659
8.592123
10.452587
12.313051
14.173515
16.033979
17.894443
19.754907
21.615371
23.475835
25.336299
27.196763
29.057227
30.917691
32.778155
34.638619
36.499083
38.359547
40.220011
42.080475
43.940939
45.801403
47.661867
49.522331
51.382795
53.243259
55.103723
56.964187
58.824651
60.685115
62.545579
64.406043
66.266507
68.126971
69.987435
71.847899
73.708363
75.568827
77.429291
79.289755
81.150219
83.010683
84.871147
86.731611
88.592075
90.452539
92.313003
94.173467
96.033931
97.894395
99.754859
101.615323
103.475787
105.336251
107.196715
109.057179
110.917643
112.778107
114.638571
116.499035
118.359499
120.219963
122.080427
123.940891
125.801355
127.661819
129.522283
131.382747
133.243211
135.103675
136.964139
138.824603
140.685067
142.545531
144.405995
146.266459
148.126923
149.987387
151.847851
153.708315
155.568779
157.429243
159.289707
161.150171
163.010635
164.871099
166.731563
168.592027
170.452491
172.312955
174.173419
176.033883
177.894347
179.754811
181.615275
183.475739
185.336203
187.196667
189.057131
190.917595
192.778059
194.638523
196.498987
198.359451
