2.211039875
5.068183875
7.925327875
10.782471875
13.639615875
16.496759875
19.353903875
22.211047875
25.068191875
27.925335875
30.782479875
33.639623875
36.496767875
39.353911875
42.211055875
45.068199875
47.925343875
50.782487875
53.639631875
56.496775875
59.353919875
62.211063875
65.068207875
67.925351875
70.782495875
73.639639875
76.496783875
79.353927875
82.211071875
85.068215875
87.925359875
90.782503875
93.639647875
96.496791875
99.353935875
102.211079875
105.068223875
107.925367875
110.782511875
113.639655875
116.496799875
119.353943875
122.211087875
125.068231875
127.925375875
130.782519875
133.639663875
136.496807875
139.353951875
142.211095875
145.068239875
147.925383875
150.782527875
153.639671875
156.496815875
159.353959875
162.211103875
165.068247875
167.925391875
170.782535875
173.639679875
176.496823875
179.353967875
182.211111875
185.068255875
187.925399875
190.782543875
193.639687875
196.496831875
199.353975875
202.211119875
205.068263875
207.925407875
210.782551875
213.639695875
216.496839875
219.353983875
