1.426280625
3.272432625
5.118584625
6.964736625
8.810888625
10.657040625
12.503192625
14.349344625
16.195496625
18.041648625
19.887800625
21.733952625
23.580104625
25.426256625
27.272408625
29.118560625
30.964712625
32.810864625
34.657016625
36.503168625
38.349320625
40.195472625
42.041624625
43.887776625
45.733928625
47.580080625
49.426232625
51.272384625
53.118536625
54.964688625
56.810840625
58.656992625
60.503144625
62.349296625
64.195448625
66.041600625
67.887752625
69.733904625
71.580056625
73.426208625
75.272360625
77.118512625
78.964664625
80.810816625
82.656968625
84.503120625
86.349272625
88.195424625
90.041576625
91.887728625
93.733880625
95.580032625
97.426184625
99.272336625
101.118488625
102.964640625
104.810792625
106.656944625
108.503096625
110.349248625
112.195400625
114.041552625
115.887704625
117.733856625
119.580008625
121.426160625
123.272312625
125.118464625
126.964616625
128.810768625
130.656920625
132.503072625
134.349224625
136.195376625
138.041528625
139.887680625
141.733832625
143.579984625
145.426136625
147.272288625
149.118440625
150.964592625
152.810744625
154.656896625
156.503048625
158.349200625
160.195352625
162.041504625
163.887656625
165.733808625
167.579960625
169.426112625
171.272264625
173.118416625
174.964568625
176.810720625
178.656872625
180.503024625
182.349176625
184.195328625
186.041480625
187.887632625
189.733784625
191.579936625
