1.8164835
4.1241755
6.4318675
8.7395595
11.0472515
13.3549435
15.6626355
17.9703275
20.2780195
22.5857115
24.8934035
27.2010955
29.5087875
31.8164795
34.1241715
36.4318635
38.7395555
41.0472475
43.3549395
45.6626315
47.9703235
50.2780155
52.5857075
54.8933995
57.2010915
59.5087835
61.8164755
64.1241675
66.4318595
68.7395515
71.0472435
73.3549355
75.6626275
77.9703195
80.2780115
82.5857035
84.8933955
87.2010875
89.5087795
91.8164715
94.1241635
96.4318555
98.7395475
101.0472395
103.3549315
105.6626235
107.9703155
110.2780075
112.5856995
114.8933915
117.2010835
119.5087755
121.8164675
124.1241595
126.4318515
128.7395435
131.0472355
133.3549275
135.6626195
137.9703115
140.2780035
142.5856955
144.8933875
147.2010795
149.5087715
151.8164635
154.1241555
156.4318475
158.7395395
161.0472315
163.3549235
165.6626155
167.9703075
170.2779995
172.5856915
174.8933835
177.2010755
179.5087675
181.8164595
184.1241515
186.4318435
188.7395355
191.0472275
193.3549195
195.6626115
197.9703035
200.2779955
202.5856875
204.8933795
207.2010715
209.5087635
211.8164555
214.1241475
