2.86635
5.757918
8.649486
11.541054
14.432622
17.32419
20.215758
23.107326
25.998894
28.890462
31.78203
34.673598
37.565166
40.456734
43.348302
46.23987
49.131438
52.023006
54.914574
57.806142
60.69771
63.589278
66.480846
69.372414
72.263982
75.15555
78.047118
80.938686
83.830254
86.721822
89.61339
92.504958
95.396526
98.288094
101.179662
104.07123
106.962798
109.854366
112.745934
115.637502
118.52907
121.420638
124.312206
127.203774
130.095342
132.98691
135.878478
138.770046
141.661614
144.553182
147.44475
150.336318
153.227886
156.119454
159.011022
161.90259
164.794158
167.685726
170.577294
173.468862
