1.469925
3.048873
4.627821
6.206769
7.785717
9.364665
10.943613
12.522561
14.101509
15.680457
17.259405
18.838353
20.417301
21.996249
23.575197
25.154145
26.733093
28.312041
29.890989
31.469937
33.048885
34.627833
36.206781
37.785729
39.364677
40.943625
42.522573
44.101521
45.680469
47.259417
48.838365
50.417313
51.996261
53.575209
55.154157
56.733105
58.312053
59.891001
61.469949
63.048897
64.627845
66.206793
67.785741
69.364689
70.943637
72.522585
74.101533
75.680481
77.259429
78.838377
80.417325
81.996273
83.575221
85.154169
86.733117
88.312065
89.891013
91.469961
93.048909
94.627857
96.206805
97.785753
99.364701
100.943649
102.522597
104.101545
105.680493
107.259441
108.838389
110.417337
111.996285
113.575233
115.154181
116.733129
118.312077
119.891025
121.469973
123.048921
124.627869
126.206817
127.785765
129.364713
130.943661
132.522609
134.101557
135.680505
137.259453
138.838401
140.417349
141.996297
143.575245
145.154193
146.733141
148.312089
149.891037
151.469985
153.048933
154.627881
156.206829
157.785777
159.364725
160.943673
162.522621
164.101569
165.680517
167.259465
168.838413
170.417361
171.996309
173.575257
175.154205
176.733153
178.312101
179.891049
181.469997
183.048945
184.627893
186.206841
187.785789
189.364737
190.943685
192.522633
194.101581
195.680529
197.259477
198.838425
200.417373
201.996321
203.575269
205.154217
206.733165
208.312113
209.891061
