1.483881375
3.375433375
5.266985375
7.158537375
9.050089375
10.941641375
12.833193375
14.724745375
16.616297375
18.507849375
20.399401375
22.290953375
24.182505375
26.074057375
27.965609375
29.857161375
31.748713375
33.640265375
35.531817375
37.423369375
39.314921375
41.206473375
43.098025375
44.989577375
46.881129375
48.772681375
50.664233375
52.555785375
54.447337375
56.338889375
58.230441375
60.121993375
62.013545375
63.905097375
65.796649375
67.688201375
69.579753375
71.471305375
73.362857375
75.254409375
77.145961375
79.037513375
80.929065375
82.820617375
84.712169375
86.603721375
88.495273375
90.386825375
92.278377375
94.169929375
96.061481375
97.953033375
99.844585375
101.736137375
103.627689375
105.519241375
107.410793375
109.302345375
111.193897375
113.085449375
114.977001375
116.868553375
118.760105375
120.651657375
122.543209375
124.434761375
126.326313375
128.217865375
130.109417375
132.000969375
133.892521375
135.784073375
137.675625375
139.567177375
141.458729375
143.350281375
145.241833375
147.133385375
149.024937375
150.916489375
152.808041375
154.699593375
156.591145375
158.482697375
160.374249375
162.265801375
164.157353375
166.048905375
167.940457375
169.832009375
171.723561375
173.615113375
175.506665375
177.398217375
179.289769375
181.181321375
183.072873375
184.964425375
186.855977375
188.747529375
190.639081375
192.530633375
194.422185375
196.313737375
198.205289375
200.096841375
201.988393375
203.879945375
205.771497375
207.663049375
209.554601375
211.446153375
213.337705375
215.229257375
217.120809375
219.012361375
220.903913375
222.795465375
224.687017375
226.578569375
228.470121375
230.361673375
232.253225375
234.144777375
236.036329375
