1.03633875
2.98755875
4.93877875
6.88999875
8.84121875
10.79243875
12.74365875
14.69487875
16.64609875
18.59731875
20.54853875
22.49975875
24.45097875
26.40219875
28.35341875
30.30463875
32.25585875
34.20707875
36.15829875
38.10951875
40.06073875
42.01195875
43.96317875
45.91439875
47.86561875
49.81683875
51.76805875
53.71927875
55.67049875
57.62171875
59.57293875
61.52415875
63.47537875
65.42659875
67.37781875
69.32903875
71.28025875
73.23147875
75.18269875
77.13391875
79.08513875
81.03635875
82.98757875
84.93879875
86.89001875
88.84123875
90.79245875
92.74367875
94.69489875
96.64611875
98.59733875
100.54855875
102.49977875
104.45099875
106.40221875
108.35343875
110.30465875
112.25587875
114.20709875
116.15831875
118.10953875
120.06075875
122.01197875
123.96319875
125.91441875
127.86563875
129.81685875
131.76807875
133.71929875
135.67051875
137.62173875
139.57295875
141.52417875
143.47539875
145.42661875
147.37783875
149.32905875
151.28027875
153.23149875
155.18271875
157.13393875
159.08515875
161.03637875
162.98759875
164.93881875
166.89003875
168.84125875
170.79247875
172.74369875
174.69491875
176.64613875
178.59735875
180.54857875
182.49979875
184.45101875
186.40223875
188.35345875
190.30467875
192.25589875
194.20711875
196.15833875
198.10955875
200.06077875
202.01199875
203.96321875
205.91443875
207.86565875
209.81687875
211.76809875
