1.53171175
3.39217575
5.25263975
7.11310375
8.97356775
10.83403175
12.69449575
14.55495975
16.41542375
18.27588775
20.13635175
21.99681575
23.85727975
25.71774375
27.57820775
29.43867175
31.29913575
33.15959975
35.02006375
36.88052775
38.74099175
40.60145575
42.46191975
44.32238375
46.18284775
48.04331175
49.90377575
51.76423975
53.62470375
55.48516775
57.34563175
59.20609575
61.06655975
62.92702375
64.78748775
66.64795175
68.50841575
70.36887975
72.22934375
74.08980775
75.95027175
77.81073575
79.67119975
81.53166375
83.38673975
85.24001975
87.09329975
88.94657975
90.79985975
92.65313975
94.50641975
96.35969975
98.21297975
100.06625975
101.91953975
103.77281975
105.62609975
107.47937975
109.33265975
111.18593975
113.03921975
114.89249975
116.74577975
118.61534975
120.47944775
122.33991175
124.20037575
126.06083975
127.92130375
129.78176775
131.64223175
133.50269575
135.35777175
137.21105175
139.06433175
140.91761175
142.77089175
144.62417175
146.47745175
148.31481675
150.14687675
151.97893675
153.81626175
155.65534175
157.49442175
159.33350175
161.17258175
163.01166175
164.85074175
166.68982175
168.52890175
170.38401975
172.24448375
174.10494775
175.94937375
177.79375775
179.63990975
181.49679575
183.35725975
185.21772375
187.07818775
188.92791775
190.77406975
192.62022175
194.46637375
196.30722175
198.14630175
199.98538175
201.83511175
203.68839175
205.54167175
207.39495175
209.23231675
211.06437675
212.91128075
214.76313275
216.61498475
218.46683675
220.31868875
222.17054075
224.02239275
225.87424475
227.72609675
229.57794875
