1.630434375
3.717390375
5.804346375
7.891302375
9.978258375
12.065214375
14.152170375
16.239126375
18.326082375
20.413038375
22.499994375
24.586950375
26.673906375
28.760862375
30.847818375
32.934774375
35.021730375
37.108686375
39.195642375
41.282598375
43.369554375
45.456510375
47.543466375
49.630422375
51.717378375
53.804334375
55.891290375
57.978246375
60.065202375
62.152158375
64.239114375
66.326070375
68.413026375
70.499982375
72.586938375
74.673894375
76.760850375
78.847806375
80.934762375
83.021718375
85.108674375
87.195630375
89.282586375
91.369542375
93.456498375
95.543454375
97.630410375
99.717366375
101.804322375
103.891278375
105.978234375
108.065190375
110.152146375
112.239102375
114.326058375
116.413014375
118.499970375
120.586926375
122.673882375
124.760838375
126.847794375
128.934750375
131.021706375
133.108662375
135.195618375
137.282574375
139.369530375
141.456486375
143.543442375
145.630398375
147.717354375
149.804310375
151.891266375
153.978222375
156.065178375
158.152134375
160.239090375
162.326046375
164.413002375
166.499958375
168.586914375
170.673870375
172.760826375
174.847782375
176.934738375
179.021694375
181.108650375
183.195606375
185.282562375
187.369518375
189.456474375
191.543430375
193.630386375
195.717342375
197.804298375
199.891254375
201.978210375
204.065166375
206.152122375
208.239078375
210.326034375
212.412990375
214.499946375
216.586902375
218.673858375
220.760814375
222.847770375
224.934726375
227.021682375
229.108638375
231.195594375
233.282550375
