0.072115375
1.876627375
3.681139375
5.485651375
7.290163375
9.094675375
10.899187375
12.703699375
14.508211375
16.312723375
18.117235375
19.921747375
21.726259375
23.530771375
25.335283375
27.139795375
28.944307375
30.748819375
32.553331375
34.357843375
36.162355375
37.966867375
39.771379375
41.575891375
43.380403375
45.184915375
46.989427375
48.793939375
50.598451375
52.402963375
54.207475375
56.011987375
57.816499375
59.621011375
61.425523375
63.230035375
65.034547375
66.839059375
68.643571375
70.448083375
72.252595375
74.057107375
75.861619375
77.666131375
79.470643375
81.275155375
83.079667375
84.884179375
86.688691375
88.493203375
90.297715375
92.102227375
93.906739375
95.711251375
97.515763375
99.320275375
101.124787375
102.929299375
104.733811375
106.538323375
108.342835375
110.147347375
111.951859375
113.756371375
115.560883375
117.365395375
119.169907375
120.974419375
122.778931375
124.583443375
126.387955375
128.192467375
129.996979375
131.801491375
133.606003375
135.410515375
137.215027375
139.019539375
140.824051375
142.628563375
144.433075375
146.237587375
148.042099375
149.846611375
151.651123375
153.455635375
155.260147375
157.064659375
158.869171375
160.673683375
162.478195375
164.282707375
166.087219375
167.891731375
169.696243375
171.500755375
173.305267375
175.109779375
176.914291375
178.718803375
180.523315375
182.327827375
184.132339375
185.936851375
187.741363375
189.545875375
191.350387375
193.154899375
194.959411375
196.763923375
198.568435375
200.372947375
202.177459375
203.981971375
205.786483375
207.590995375
209.395507375
211.200019375
213.004531375
214.809043375
216.613555375
218.418067375
220.222579375
222.027091375
223.831603375
225.636115375
