0.075
1.470348
2.865696
4.261044
5.656392
7.05174
8.447088
9.842436
11.237784
12.633132
14.02848
15.423828
16.819176
18.214524
19.609872
21.00522
22.400568
23.795916
25.191264
26.586612
27.98196
29.377308
30.772656
32.168004
33.563352
34.9587
36.354048
37.749396
39.144744
40.540092
41.93544
43.330788
44.726136
46.121484
47.516832
48.91218
50.307528
51.702876
53.098224
54.493572
55.88892
57.284268
58.679616
60.074964
61.470312
62.86566
64.261008
65.656356
67.051704
68.447052
69.8424
71.237748
72.633096
74.028444
75.423792
76.81914
78.214488
79.609836
81.005184
82.400532
83.79588
85.191228
86.586576
87.981924
89.377272
90.77262
92.167968
93.563316
94.958664
96.354012
97.74936
99.144708
100.540056
101.935404
103.330752
104.7261
106.121448
107.516796
108.912144
110.307492
111.70284
113.098188
114.493536
115.888884
117.284232
118.67958
120.074928
121.470276
122.865624
124.260972
125.65632
127.051668
128.447016
129.842364
131.237712
132.63306
134.028408
135.423756
136.819104
138.214452
139.6098
141.005148
142.400496
143.795844
145.191192
146.58654
147.981888
149.377236
150.772584
152.167932
153.56328
154.958628
156.353976
157.749324
159.144672
160.54002
161.935368
163.330716
164.726064
166.121412
167.51676
168.912108
170.307456
171.702804
173.098152
174.4935
175.888848
177.284196
178.679544
180.074892
181.47024
182.865588
184.260936
185.656284
187.051632
188.44698
189.842328
191.237676
192.633024
194.028372
195.42372
196.819068
198.214416
199.609764
201.005112
202.40046
203.795808
205.191156
206.586504
207.981852
209.3772
210.772548
212.167896
213.563244
214.958592
216.35394
217.749288
219.144636
220.539984
221.935332
223.33068
224.726028
226.121376
227.516724
228.912072
230.30742
231.702768
233.098116
234.493464
235.888812
237.28416
238.679508
240.074856
241.470204
242.865552
244.2609
245.656248
247.051596
248.446944
249.842292
251.23764
252.632988
254.028336
255.423684
256.819032
258.21438
259.609728
261.005076
262.400424
263.795772
265.19112
266.586468
