1.913868
3.665692
5.417516
7.16934
8.921164
10.672988
12.424812
14.176636
15.92846
17.680284
19.432108
21.183932
22.935756
24.68758
26.439404
28.191228
29.943052
31.694876
33.4467
35.198524
36.950348
38.702172
40.453996
42.20582
43.957644
45.709468
47.461292
49.213116
50.96494
52.716764
54.468588
56.220412
57.972236
59.72406
61.475884
63.227708
64.979532
66.731356
68.48318
70.235004
71.986828
73.738652
75.490476
77.2423
78.994124
80.745948
82.497772
84.249596
86.00142
87.753244
89.505068
91.256892
93.008716
94.76054
96.512364
98.264188
100.016012
101.767836
103.51966
105.271484
107.023308
108.775132
110.526956
112.27878
114.030604
115.782428
117.534252
119.286076
121.0379
122.789724
124.541548
126.293372
128.045196
129.79702
131.548844
133.300668
135.052492
136.804316
138.55614
140.307964
142.059788
143.811612
145.563436
147.31526
149.067084
150.818908
152.570732
154.322556
156.07438
157.826204
159.578028
161.329852
163.081676
164.8335
166.585324
168.337148
170.088972
171.840796
173.59262
175.344444
177.096268
178.848092
180.599916
182.35174
184.103564
185.855388
187.607212
189.359036
191.11086
192.862684
194.614508
196.366332
