0.58823525
2.58823525
4.58823525
6.58823525
8.58823525
10.58823525
12.58823525
14.58823525
16.58823525
18.58823525
20.58823525
22.58823525
24.58823525
26.58823525
28.58823525
30.58823525
32.58823525
34.58823525
36.58823525
38.58823525
40.58823525
42.58823525
44.58823525
46.58823525
48.58823525
50.58823525
52.58823525
54.58823525
56.58823525
58.58823525
60.58823525
62.58823525
64.58823525
66.58823525
68.58823525
70.58823525
72.58823525
74.58823525
76.58823525
78.58823525
80.58823525
82.58823525
84.58823525
86.58823525
88.58823525
90.58823525
92.58823525
94.58823525
96.58823525
98.58823525
100.58823525
102.58823525
104.58823525
106.58823525
108.58823525
110.58823525
112.58823525
114.58823525
116.58823525
118.58823525
120.58823525
122.58823525
124.58823525
126.58823525
128.58823525
130.58823525
132.58823525
134.58823525
136.58823525
138.58823525
140.58823525
142.58823525
144.58823525
146.58823525
148.58823525
150.58823525
152.58823525
154.58823525
156.58823525
158.58823525
160.58823525
162.58823525
164.58823525
166.58823525
168.58823525
170.58823525
172.58823525
174.58823525
176.58823525
178.58823525
180.58823525
182.58823525
184.58823525
186.58823525
188.58823525
190.58823525
192.58823525
194.58823525
