1.48118775
3.31324775
5.14530775
6.97736775
8.80942775
10.64148775
12.47354775
14.30560775
16.13766775
17.96972775
19.80178775
21.63384775
23.46590775
25.29796775
27.13002775
28.96208775
30.79414775
32.62620775
34.45826775
36.29032775
38.12238775
39.95444775
41.78650775
43.61856775
45.45062775
47.28268775
49.11474775
50.94680775
52.77886775
54.61092775
56.44298775
58.27504775
60.10710775
61.93916775
63.77122775
65.60328775
67.43534775
69.26740775
71.09946775
72.93152775
74.76358775
76.59564775
78.42770775
80.25976775
82.09182775
83.92388775
85.75594775
87.58800775
89.42006775
91.25212775
93.08418775
94.91624775
96.74830775
98.58036775
100.41242775
102.24448775
104.07654775
105.90860775
107.74066775
109.57272775
111.40478775
113.23684775
115.06890775
116.90096775
118.73302775
120.56508775
122.39714775
124.22920775
126.06126775
127.89332775
129.72538775
131.55744775
133.38950775
135.22156775
137.05362775
138.88568775
140.71774775
142.54980775
144.38186775
146.21392775
148.04598775
149.87804775
151.71010775
153.54216775
155.37422775
157.20628775
159.03834775
160.87040775
162.70246775
164.53452775
166.36658775
168.19864775
170.03070775
171.86276775
173.69482775
175.52688775
177.35894775
179.19100775
181.02306775
182.85512775
184.68718775
186.51924775
188.35130775
190.18336775
192.01542775
193.84748775
195.67954775
197.51160775
199.34366775
201.17572775
203.00778775
204.83984775
206.67190775
208.50396775
210.33602775
212.16808775
214.00014775
215.83220775
217.66426775
