2.667857
5.867857
9.067857
12.267857
15.467857
18.667857
21.867857
25.067857
28.267857
31.467857
34.667857
37.867857
41.067857
44.267857
47.467857
50.667857
53.867857
57.067857
60.267857
63.467857
66.667857
69.867857
73.067857
76.267857
79.467857
82.667857
85.867857
89.067857
92.267857
95.467857
98.667857
101.867857
105.067857
108.267857
111.467857
114.667857
117.867857
121.067857
124.267857
127.467857
130.667857
133.867857
137.067857
140.267857
143.467857
146.667857
149.867857
153.067857
156.267857
159.467857
162.667857
165.867857
169.067857
172.267857
175.467857
178.667857
181.867857
185.067857
188.267857
191.467857
194.667857
197.867857
