0.2
0.44
0.69
0.93
1.18
1.43
1.68
1.93
2.17
2.41
2.65
2.9
3.14
3.39
3.63
4.09
4.33
4.57
4.82
5.07
5.32
5.57
5.82
6.07
6.32
6.57
6.82
7.07
7.32
7.57
7.82
8.08
8.33
8.58
8.83
9.09
9.34
9.59
9.84
10.1
10.35
10.6
10.85
11.1
11.35
11.6
11.85
12.11
12.36
12.61
12.86
13.12
13.37
13.62
13.87
14.13
14.38
14.63
14.88
15.14
15.39
15.64
15.89
16.14
16.39
16.64
16.89
17.15
17.4
17.65
17.9
18.15
18.4
18.66
18.91
19.16
19.41
19.66
19.91
20.17
20.42
20.67
20.92
21.17
21.43
21.68
21.93
22.18
22.44
22.69
22.93
23.19
23.44
23.69
24.22
24.7
25.23
25.71
26.24
26.72
26.97
27.23
27.48
27.73
27.98
28.23
28.48
28.73
28.98
29.24
29.49
29.74
29.99
30.25
30.5
30.75
31.27
31.78
32.28
32.79
33.29
33.79
34.29
34.8
35.3
35.81
36.31
36.82
37.32
37.83
38.33
38.83
39.34
39.84
40.34
40.85
41.35
41.86
42.37
42.87
43.37
43.87
44.38
44.88
45.38
45.89
46.39
46.9
47.41
47.91
48.41
48.91
49.41
49.92
50.42
50.94
51.44
51.94
52.44
52.94
53.44
53.94
54.45
54.96
55.48
55.98
56.47
56.97
57.49
57.99
58.49
59.0
59.51
60.02
60.53
61.03
61.53
62.04
62.54
63.05
63.55
64.06
64.55
65.06
65.58
66.12
66.63
67.16
67.69
68.21
68.71
69.22
69.74
70.26
70.77
71.3
71.82
72.34
72.85
73.37
73.88
74.4
74.91
75.43
75.96
76.48
76.98
77.51
78.02
78.54
79.06
79.58
80.1
80.63
81.14
81.66
82.17
82.7
83.21
83.73
84.25
84.76
85.27
85.78
86.29
86.82
87.33
87.85
88.36
88.89
89.41
89.93
90.45
90.98
91.5
92.01
92.52
93.05
93.56
94.07
94.58
95.11
95.63
96.15
96.66
97.2
97.71
98.22
98.73
99.25
99.76
100.28
100.79
101.31
101.81
102.33
102.84
103.36
103.87
104.39
104.91
105.44
105.95
106.46
106.98
107.51
108.02
108.54
109.06
109.59
110.1
110.61
111.13
111.67
112.17
112.68
113.2
113.72
114.23
114.75
115.26
115.8
116.3
116.81
117.33
117.87
118.36
118.88
119.37
119.89
120.4
120.91
121.42
121.94
122.44
122.96
123.47
123.99
124.49
125.0
125.52
126.05
126.55
127.06
127.57
128.1
128.61
129.14
129.65
130.17
130.67
131.18
131.68
132.2
132.71
133.22
133.74
134.26
134.77
135.29
135.8
136.31
136.82
137.34
137.86
138.37
138.88
139.4
139.92
140.44
140.94
141.45
141.96
142.48
142.99
143.5
144.02
144.55
145.05
145.58
146.09
146.6
147.11
147.63
148.15
148.66
149.17
149.67
150.17
150.68
151.19
151.73
152.25
152.78
153.3
153.81
154.32
154.82
155.33
155.85
156.36
156.88
157.39
157.9
158.41
158.93
159.42
159.91
160.4
160.91
161.41
161.91
162.4
162.91
163.4
163.9
164.4
164.91
165.41
165.92
166.43
166.95
167.45
167.95
168.45
168.96
169.46
169.96
170.47
170.99
171.49
172.0
172.5
173.0
173.5
174.0
174.5
175.02
175.52
176.02
176.52
177.03
177.53
178.03
178.53
179.04
179.54
180.04
180.53
181.03
181.53
182.03
182.54
183.06
183.57
184.08
184.58
185.08
185.57
186.06
186.57
187.08
187.58
188.09
188.59
189.09
189.59
190.09
190.59
191.08
191.59
192.09
192.59
193.1
193.61
194.11
194.61
195.1
195.62
196.13
196.65
197.17
197.68
198.17
198.66
199.17
199.67
200.17
200.67
201.18
201.68
202.18
202.68
203.2
203.71
204.22
204.72
205.23
205.73
206.23
206.74
207.25
207.74
208.24
208.74
209.24
209.75
210.24
210.74
211.25
211.74
212.25
212.75
213.25
213.76
214.28
214.79
215.23
215.77
216.21
216.91
217.59
218.27
218.96
219.68
220.37
221.05
221.75
222.44
223.13
223.81
224.5
225.2
225.87
226.57
227.26
227.96
228.64
229.34
230.02
230.71
231.41
232.1
232.79
233.48
234.17
234.86
235.54
236.23
236.92
237.62
238.31
239.0
239.69
240.39
241.09
241.77
242.45
243.15
243.84
244.52
245.2
245.91
246.62
247.31
247.99
248.69
249.38
250.07
250.76
251.45
252.13
252.82
253.5
253.85
254.2
254.56
254.9
255.24
255.59
255.94
256.29
256.63
256.98
257.33
257.67
258.02
258.37
258.71
259.05
259.39
259.72
260.08
260.42
260.77
261.12
261.46
261.8
262.15
262.47
262.84
263.17
263.52
263.86
264.23
264.57
264.9
265.26
265.61
265.96
266.3
266.63
266.99
267.32
267.67
268.01
268.36
268.7
269.04
269.39
269.74
270.09
270.43
270.79
271.11
271.47
271.82
272.16
272.5
272.85
273.19
273.55
273.89
274.24
274.58
274.94
275.26
275.63
275.95
276.32
276.66
277.0
277.34
277.68
278.03
278.38
278.72
279.08
279.41
279.77
280.11
280.45
280.8
281.15
281.48
281.82
282.16
282.52
282.87
283.22
283.56
283.91
284.26
284.6
284.94
285.29
285.63
285.98
286.33
286.67
287.02
287.36
287.7
288.05
288.39
288.74
289.09
289.44
289.78
290.12
290.47
290.81
291.16
291.51
291.86
292.2
292.55
292.9
293.25
293.6
293.94
294.29
294.64
294.99
295.33
295.67
296.01
296.35
296.69
297.04
297.38
297.72
298.07
298.41
298.76
299.09
299.41
299.73
300.11
300.44
300.72
301.08
301.4
301.76
302.09
302.39
302.76
303.09
303.4
303.7
304.07
304.4
304.7
305.07
305.4
305.87
306.12
306.37
306.62
306.87
307.12
307.37
307.62
307.86
308.11
308.35
308.59
308.84
309.09
309.34
309.58
309.82
310.06
310.3
310.54
310.79
311.04
311.29
311.54
311.79
312.04
312.29
312.54
312.79
313.03
313.27
313.51
