0.03
0.39
0.76
1.12
1.49
1.86
2.23
2.6
2.96
3.33
3.69
4.06
4.43
4.79
5.15
5.52
5.89
6.62
7.35
8.09
8.82
9.55
10.29
11.02
11.75
12.48
13.21
13.94
14.67
15.4
16.14
16.87
17.6
18.33
19.06
19.79
20.53
21.26
22.0
22.72
23.45
24.18
24.92
25.65
26.38
27.11
27.85
28.58
29.31
30.04
30.77
31.5
32.23
32.96
33.69
34.42
35.15
35.88
36.62
37.35
38.09
38.82
39.18
39.54
39.91
40.28
40.65
41.01
41.38
41.74
42.1
42.47
42.84
43.21
43.58
43.94
44.31
44.67
45.04
45.41
45.77
46.14
46.5
46.87
47.23
47.6
47.96
48.33
48.7
49.06
49.79
50.52
51.25
51.99
52.72
53.45
54.18
54.92
55.65
56.38
56.74
57.11
57.48
57.84
58.21
58.58
59.3
60.04
60.41
60.77
61.5
62.23
62.97
63.7
64.43
65.16
65.89
66.61
67.35
68.09
68.82
69.55
70.28
71.01
71.75
72.48
73.21
73.94
74.68
75.41
76.14
76.87
77.6
78.33
79.06
79.79
80.53
81.26
81.99
82.72
83.46
84.19
84.92
85.65
86.38
87.11
87.84
88.57
89.3
90.04
90.77
91.5
92.23
92.96
93.69
94.42
95.16
95.89
96.62
97.35
98.09
98.82
99.55
100.28
101.01
101.74
102.47
103.2
103.94
104.67
105.4
106.13
106.86
107.59
108.33
109.06
109.79
110.52
111.26
111.99
112.72
113.46
114.19
114.92
115.65
116.38
117.11
117.84
118.58
118.94
119.31
119.67
120.04
120.41
120.77
121.14
121.5
121.87
122.23
122.6
122.97
123.33
123.7
124.06
124.43
124.79
125.16
125.53
125.89
126.26
126.62
126.99
127.36
127.72
128.09
128.46
128.82
129.19
129.55
129.92
130.28
130.65
131.01
131.38
131.75
132.11
132.48
132.84
133.21
133.58
133.94
134.31
134.68
135.05
135.41
135.78
136.15
136.52
136.88
137.24
137.6
137.97
138.33
138.7
139.07
139.43
139.8
140.16
140.53
140.89
141.26
141.62
141.99
142.36
142.72
143.09
143.46
143.83
144.19
144.55
144.92
145.28
145.65
146.02
146.38
146.75
147.11
147.48
147.84
148.21
148.57
148.94
149.31
149.68
150.04
150.4
150.77
151.14
151.5
151.87
152.24
152.6
152.97
153.33
153.7
154.06
154.43
154.8
155.16
155.53
155.89
156.26
156.63
156.99
157.36
157.73
158.09
158.45
158.82
159.19
159.55
159.92
160.28
160.65
161.02
161.39
161.77
162.14
162.53
162.92
163.32
163.66
164.02
164.38
164.73
165.09
165.46
165.83
166.19
166.54
166.9
167.27
167.63
168.0
168.37
168.74
169.11
169.58
169.95
170.33
170.72
