0.03
0.38
0.73
1.08
1.43
1.78
2.12
2.47
2.82
3.17
3.51
3.86
4.2
4.55
4.9
5.24
5.59
5.94
6.3
6.65
7.01
7.36
7.71
8.06
8.4
8.74
9.08
9.43
9.78
10.13
10.48
10.83
11.18
11.52
11.87
12.22
12.57
12.92
13.27
13.62
13.96
14.31
14.65
15.0
15.35
15.7
16.05
16.41
16.77
17.13
17.49
17.86
18.22
18.58
18.94
19.3
19.66
20.02
20.38
20.73
21.09
21.45
21.81
22.16
22.52
22.88
23.24
23.6
23.95
24.31
24.67
25.03
25.39
25.74
26.1
26.47
26.83
27.19
27.55
27.91
28.27
28.64
29.01
29.37
29.73
30.09
30.45
30.81
31.17
31.53
31.89
32.25
32.61
32.97
33.33
33.69
34.05
34.41
34.78
35.14
35.5
35.87
36.24
36.61
36.97
37.34
37.71
38.08
38.44
38.8
39.16
39.52
39.88
40.23
40.58
40.93
41.28
41.63
41.98
42.33
42.68
43.03
43.38
43.73
44.08
44.43
44.78
45.11
45.81
46.49
47.21
47.9
48.57
49.28
49.99
50.7
51.41
52.12
52.84
53.55
53.89
54.24
54.58
54.93
55.27
55.6
55.93
56.26
56.58
56.9
57.21
57.53
57.85
58.18
58.47
58.82
59.17
59.68
60.0
60.32
60.64
60.94
61.26
61.58
61.89
62.22
62.53
62.85
63.17
63.5
63.98
64.3
64.62
64.95
65.27
65.58
65.9
66.2
66.53
66.84
67.16
67.47
67.79
68.1
68.42
68.73
69.05
69.37
69.68
70.0
70.31
70.63
70.94
71.25
71.56
71.88
72.2
72.52
72.84
73.15
73.46
73.77
74.08
74.4
74.71
75.03
75.35
75.67
75.98
76.3
76.62
76.94
77.26
77.58
77.89
78.2
78.51
78.83
79.15
79.46
79.78
80.1
80.42
80.74
81.05
81.37
81.69
82.01
82.33
82.65
82.97
83.29
83.61
83.93
84.24
84.56
84.88
85.19
85.5
85.82
86.13
86.45
86.77
87.09
87.41
87.73
88.05
88.37
88.68
89.0
89.32
89.64
89.96
90.28
90.6
90.92
91.24
91.55
91.87
92.18
92.5
92.82
93.14
93.46
93.78
94.1
94.42
94.74
95.06
95.38
95.7
96.02
96.34
96.66
96.98
97.3
97.62
97.94
98.26
98.58
98.9
99.22
99.54
99.86
100.18
100.51
100.83
101.15
101.47
101.8
102.12
102.44
102.76
103.09
103.41
103.73
104.05
104.37
104.7
105.02
105.34
105.66
105.98
106.3
106.62
106.95
107.27
107.59
107.91
108.24
108.57
108.9
109.22
109.54
109.86
110.18
110.49
110.81
111.13
111.45
111.77
112.1
112.42
112.74
113.06
113.38
113.7
114.03
114.35
114.67
114.99
115.3
115.61
115.92
116.24
116.56
116.88
117.2
117.52
117.85
118.18
118.53
118.86
119.19
119.51
119.84
120.16
120.49
120.81
121.13
121.45
121.77
122.09
122.41
122.74
123.06
123.39
123.72
124.05
124.38
124.71
125.04
125.36
125.68
126.0
126.32
126.64
126.97
127.3
127.63
127.96
128.29
128.62
128.95
129.28
129.6
129.93
130.26
130.59
130.92
131.25
131.59
131.91
132.24
132.57
132.89
133.21
133.54
133.86
134.19
134.51
134.83
135.16
135.49
135.82
136.15
136.48
136.81
137.14
137.48
137.82
138.38
138.73
139.09
139.45
139.8
140.16
140.52
140.88
141.23
141.59
141.95
142.31
142.67
143.03
143.39
143.75
144.11
144.47
144.83
145.19
145.55
145.93
146.27
146.63
146.99
147.36
147.72
148.08
148.44
148.79
149.15
149.5
149.84
150.17
150.5
150.83
151.16
151.49
151.82
152.14
152.47
152.79
153.12
153.44
153.76
154.08
154.4
154.73
155.04
155.36
155.69
156.01
156.33
156.66
156.98
157.3
157.62
157.95
158.27
158.59
158.92
159.21
159.53
159.84
160.15
160.49
160.81
161.13
161.45
161.77
162.1
162.42
162.75
163.08
163.41
163.73
164.05
164.37
164.7
165.03
165.38
165.71
166.04
166.37
166.7
167.03
167.35
167.68
168.01
168.55
168.92
169.27
169.62
169.96
170.31
170.67
171.03
171.39
171.75
172.12
172.49
172.86
173.23
173.6
173.97
174.34
174.71
175.08
175.45
175.82
176.2
176.57
176.94
177.31
177.68
178.05
178.42
178.8
179.17
179.54
179.91
180.27
180.64
181.01
181.39
181.77
182.14
182.52
182.9
183.28
183.66
184.04
184.42
184.81
185.19
185.58
185.96
186.35
186.73
187.11
187.5
187.89
188.27
188.66
189.05
189.43
189.81
190.19
190.57
190.95
191.33
191.7
192.08
192.45
192.82
193.19
193.55
193.91
194.27
194.62
195.02
195.4
195.75
196.09
196.5
196.74
197.08
197.48
197.85
198.33
198.65
198.97
199.3
199.62
199.94
200.27
200.6
200.93
201.25
201.57
201.89
202.22
202.55
202.88
203.2
203.53
203.83
204.14
204.45
204.77
205.09
205.4
205.72
206.04
206.36
206.68
207.01
207.34
207.66
207.99
208.32
208.65
208.97
209.3
209.63
209.95
210.28
210.6
210.93
211.25
211.57
211.89
212.21
212.54
212.86
213.19
213.52
213.84
214.16
214.48
214.8
215.12
215.44
215.77
216.1
216.43
216.75
217.07
217.4
217.73
218.06
218.38
218.7
219.02
219.35
219.67
220.0
220.32
220.65
220.97
221.29
221.61
221.93
222.25
222.57
222.89
223.22
223.55
223.87
224.2
224.53
224.86
225.18
225.51
225.81
226.15
226.46
226.74
227.08
227.4
227.68
228.03
228.34
228.63
228.93
229.21
229.51
229.8
230.1
230.51
230.97
231.43
231.89
232.35
232.81
233.29
233.77
234.24
234.51
235.18
235.66
236.14
236.64
237.12
237.72
238.29
239.11
239.41
240.37
241.14
241.39
241.64
241.89
242.14
242.39
242.64
242.89
243.14
243.39
243.67
244.13
244.45
244.86
