0.03
0.69
1.36
2.03
2.69
3.37
4.04
4.72
5.38
6.05
6.72
7.39
8.06
8.74
9.4
10.07
10.76
11.43
12.1
12.79
13.45
14.12
14.8
15.45
16.12
16.8
17.46
18.12
18.8
19.47
20.13
20.81
21.47
22.14
22.82
23.48
24.14
24.81
25.48
26.15
26.83
27.5
28.17
28.85
29.52
30.19
30.87
31.53
32.19
32.87
33.53
34.18
34.86
35.51
36.17
36.85
37.52
38.19
38.87
39.55
40.22
40.9
41.56
42.24
42.92
43.6
44.26
44.93
45.59
46.26
46.93
47.59
48.25
48.94
49.62
50.29
50.97
51.64
52.31
52.98
53.65
54.33
54.99
55.67
56.35
57.04
57.71
58.38
59.07
59.74
60.42
61.11
61.78
62.45
63.12
63.8
64.48
65.18
65.85
66.53
67.21
67.88
68.55
69.24
69.92
70.6
71.27
71.96
72.63
73.31
73.99
74.66
75.33
75.67
76.01
76.35
76.69
77.03
77.37
77.71
78.05
78.38
78.72
79.06
79.4
79.74
80.08
80.42
80.76
81.1
81.44
81.78
82.12
82.45
82.79
83.13
83.47
83.81
84.14
84.47
84.8
85.14
85.48
85.82
86.16
86.49
86.83
87.17
87.51
87.85
88.19
88.53
88.88
89.23
89.57
89.92
90.26
90.6
90.94
91.28
91.62
91.96
92.3
92.64
92.98
93.33
93.67
94.36
95.04
95.73
96.41
97.09
97.78
98.46
99.14
99.81
100.48
101.16
101.83
102.5
103.16
103.84
104.51
105.18
105.86
106.54
107.22
107.9
108.57
109.24
109.93
110.6
111.27
111.95
112.62
113.28
113.96
114.63
115.31
115.98
116.65
117.31
118.0
118.67
119.35
120.02
120.7
121.37
122.04
122.71
123.38
124.05
124.72
125.39
126.09
126.77
127.45
128.12
128.8
129.46
130.15
130.82
131.49
132.17
132.84
133.5
134.17
134.84
135.51
136.18
136.86
137.53
138.19
138.89
139.57
140.25
140.92
141.6
142.28
142.96
143.63
144.3
144.98
145.65
146.35
147.01
147.68
148.37
149.04
149.71
150.38
151.05
151.72
152.41
153.08
153.76
154.45
155.12
155.8
156.47
157.15
157.83
158.51
159.21
159.89
160.56
161.25
161.92
162.26
162.6
162.94
163.28
163.62
163.96
164.3
164.64
164.98
165.32
165.66
166.0
166.34
166.68
167.02
167.36
167.7
168.03
168.37
168.71
169.05
169.39
170.06
170.73
171.43
172.09
172.79
173.47
174.15
174.83
175.53
176.19
176.88
177.55
178.23
178.91
179.6
180.27
180.96
181.63
181.97
182.31
182.65
182.99
183.33
183.66
183.99
184.33
184.67
185.0
185.34
185.67
186.01
186.35
186.69
187.02
187.36
187.69
188.02
188.36
188.7
189.04
189.38
189.72
190.06
190.4
190.74
191.08
191.42
191.76
192.09
192.43
192.76
193.1
193.43
193.77
194.11
194.45
194.79
195.13
195.47
195.81
196.15
196.49
196.83
197.17
197.5
197.84
198.18
198.52
198.86
199.19
199.53
199.86
200.19
200.53
200.87
201.2
201.54
201.87
202.2
202.54
202.88
203.22
203.56
203.9
204.24
204.58
204.92
205.26
205.6
205.93
206.27
206.61
206.95
207.29
207.63
207.97
208.31
208.65
208.99
209.32
209.66
210.0
210.34
210.68
211.02
211.36
211.7
212.04
212.38
212.72
213.05
213.38
213.72
214.05
214.39
214.73
215.07
215.41
215.74
216.08
216.41
216.74
217.07
217.4
217.73
218.06
218.39
218.73
219.07
219.4
219.74
220.07
220.4
220.73
221.07
221.4
221.74
222.08
222.42
222.75
223.09
223.42
223.75
224.09
224.76
225.44
226.11
226.78
227.45
228.14
228.82
229.51
230.18
230.84
231.52
232.19
232.86
233.55
234.22
234.89
235.57
236.24
236.9
237.58
238.26
238.92
239.6
240.27
240.94
241.62
242.28
242.94
243.61
244.29
244.96
245.63
246.31
246.98
247.66
248.34
249.02
249.69
250.36
251.04
251.72
252.38
253.05
253.72
254.4
255.06
255.73
256.4
257.06
257.72
258.38
259.05
259.73
260.4
261.05
261.71
262.39
263.07
263.74
264.42
265.09
265.76
266.42
267.09
267.77
268.46
269.12
269.79
270.47
271.15
271.82
272.51
273.18
273.86
274.54
275.22
275.9
276.57
277.24
277.91
278.58
279.24
279.92
280.59
281.25
281.91
282.57
283.24
283.92
284.59
285.25
285.92
286.59
287.26
287.93
288.6
289.25
289.94
290.6
291.25
291.91
292.58
293.25
293.91
294.59
295.26
295.93
296.6
297.26
297.59
297.92
298.25
298.58
298.91
299.25
299.59
299.92
300.26
300.59
