0.2
0.69
1.2
1.71
2.21
2.71
3.21
3.71
4.21
4.7
5.18
5.67
6.2
6.71
7.22
7.73
8.24
8.76
9.27
9.77
10.28
10.79
11.3
11.82
12.33
12.84
13.35
13.86
14.37
14.88
15.38
15.91
16.41
16.93
17.44
17.95
18.45
18.96
19.47
19.99
20.5
21.01
21.52
22.03
22.54
23.05
23.55
24.07
24.57
25.09
25.6
26.11
26.62
27.13
27.64
28.18
28.68
29.19
29.7
30.2
30.7
31.21
31.73
32.24
32.75
33.26
33.77
34.28
34.78
35.29
35.81
36.32
36.83
37.34
37.85
38.36
38.87
39.38
39.89
40.41
40.92
41.43
41.94
42.45
42.95
43.46
43.97
44.49
45.01
45.52
46.02
46.52
47.03
47.54
48.06
48.57
49.08
49.59
50.1
50.61
51.12
51.63
52.14
52.66
53.16
53.68
54.19
54.7
55.21
55.72
56.23
56.74
57.25
57.76
58.27
58.78
59.28
59.79
60.3
60.82
61.33
61.83
62.34
62.85
63.36
63.87
64.38
64.9
65.41
65.92
66.43
66.93
67.43
67.94
68.46
68.98
69.49
70.01
70.52
71.02
71.52
72.03
72.55
73.07
73.57
74.09
74.6
75.1
75.6
76.11
76.63
77.15
77.66
78.17
78.68
79.19
79.69
80.21
80.72
81.23
81.73
82.25
82.76
83.27
83.78
84.29
84.8
85.31
85.82
86.33
86.84
87.35
87.86
88.37
88.88
89.39
89.89
90.41
90.92
91.44
91.95
92.46
92.96
93.48
93.99
94.51
95.02
95.52
96.03
96.54
97.04
97.56
98.07
98.58
99.09
99.6
100.11
100.62
101.13
101.64
102.14
102.66
103.17
103.68
104.19
104.71
105.22
105.73
106.23
106.75
107.26
107.77
108.28
108.79
109.3
109.81
110.32
110.83
111.34
111.85
112.35
112.86
113.37
113.89
114.4
114.91
115.42
115.93
116.43
116.94
117.45
117.97
118.48
118.99
119.5
120.01
120.52
121.03
121.54
122.06
122.57
123.08
123.59
124.1
124.61
125.12
125.63
126.14
126.65
127.16
127.67
128.18
128.69
129.2
129.72
130.23
130.73
131.24
131.75
132.26
132.77
133.28
133.79
134.31
134.82
135.33
135.84
136.35
136.86
137.37
137.89
138.4
138.9
139.41
139.92
140.43
140.93
141.44
141.96
142.47
142.98
143.49
144.01
144.51
145.03
145.54
146.03
146.53
147.03
147.53
148.04
148.55
149.06
149.56
150.07
150.58
151.09
151.6
152.1
152.61
153.11
154.31
