0.1
0.57
1.03
1.5
1.97
2.45
2.93
3.4
3.88
4.36
4.84
5.31
5.78
6.26
6.74
7.21
7.69
8.17
8.65
9.12
9.6
10.08
10.56
11.04
11.52
12.0
12.47
12.94
13.42
13.89
14.37
14.85
15.33
15.8
16.28
16.76
17.24
17.71
18.19
18.66
19.14
19.61
20.09
20.56
21.04
21.52
22.0
22.47
22.95
23.42
23.9
24.37
24.85
25.33
25.81
26.28
26.76
27.23
27.71
28.18
28.66
29.14
29.62
30.09
30.57
31.04
31.52
31.99
32.47
32.95
33.43
33.9
34.38
34.85
35.33
35.8
36.28
36.76
37.24
37.71
38.19
38.66
39.14
39.61
40.09
40.57
41.04
41.52
42.0
42.47
42.95
43.42
43.9
44.38
44.86
45.33
45.81
46.28
46.76
47.23
47.71
48.19
48.67
49.14
49.62
50.09
50.57
51.04
51.52
52.0
52.48
52.95
53.43
53.9
54.38
54.85
55.33
55.81
56.28
56.76
57.24
57.71
58.19
58.66
59.14
59.62
60.1
60.57
61.05
61.52
62.0
62.47
62.95
63.42
63.9
64.38
64.86
65.33
65.81
66.28
66.76
67.24
67.72
68.19
68.67
69.14
69.62
70.09
70.57
71.05
71.53
72.0
72.48
72.96
73.43
73.91
74.39
74.86
75.34
75.81
76.29
76.76
77.24
77.71
78.19
78.67
79.15
79.62
80.1
80.58
81.05
81.53
82.01
82.48
82.96
83.43
83.91
84.39
84.86
85.34
85.82
86.29
86.77
87.24
87.72
88.2
88.67
89.15
89.63
90.1
90.58
91.05
91.53
92.0
92.48
92.96
93.44
93.92
94.4
94.87
95.35
95.83
96.3
96.77
97.25
97.73
98.21
98.68
99.16
99.63
100.11
100.58
101.06
101.54
102.02
102.49
102.97
103.44
103.92
104.39
104.87
105.35
105.83
106.3
106.78
107.25
107.73
108.2
108.68
109.16
109.64
110.11
110.59
111.06
111.54
112.01
112.49
112.96
113.44
113.92
114.4
114.87
115.35
115.82
116.3
116.77
117.25
117.73
118.21
118.68
119.16
119.63
120.11
120.58
121.06
121.54
122.02
122.49
122.97
123.44
123.92
124.39
124.87
125.34
125.82
126.3
126.78
127.25
127.73
128.2
128.68
129.15
129.63
130.11
130.59
131.06
131.54
132.01
132.48
132.95
133.43
133.89
134.35
134.82
135.28
135.75
136.22
136.7
137.21
