0.03
0.75
1.43
2.13
2.82
3.52
4.21
4.92
5.62
6.32
7.02
7.71
8.41
9.1
9.78
10.5
11.2
11.9
12.6
13.29
13.99
14.69
15.4
16.09
16.79
17.48
18.18
18.87
19.57
20.28
20.97
21.67
22.37
23.07
24.11
24.8
25.49
26.2
26.9
27.25
27.6
27.94
28.29
28.64
28.99
29.34
29.69
30.04
30.39
30.73
31.08
31.43
31.79
32.49
33.18
33.88
34.58
35.27
35.97
36.67
37.36
38.06
38.76
39.46
40.16
40.86
41.56
42.25
42.94
43.64
44.34
45.04
45.74
46.44
47.13
47.83
48.52
49.22
49.93
50.62
51.31
51.67
52.37
53.07
53.76
54.1
54.45
54.8
55.15
55.5
55.85
56.2
56.55
56.89
57.24
57.59
57.94
58.29
58.64
58.99
59.34
59.68
60.03
60.39
60.74
61.08
61.42
61.76
62.11
62.46
62.8
63.51
63.86
64.21
64.56
64.91
65.25
65.6
65.95
66.3
66.65
67.0
67.34
67.69
68.04
68.38
68.72
69.07
69.43
69.78
70.14
70.49
70.84
71.18
71.52
71.87
72.23
72.59
72.93
73.29
73.65
74.01
74.36
74.71
75.06
75.41
75.76
76.11
76.46
76.81
77.15
77.5
77.85
78.2
78.54
78.88
79.23
79.58
79.93
80.28
80.62
80.97
81.32
81.67
82.02
82.37
82.72
83.06
83.41
83.76
84.11
84.46
84.81
85.16
85.51
85.86
86.21
86.56
86.9
87.25
87.6
87.95
88.3
88.64
88.99
89.34
89.69
90.04
90.39
90.74
91.09
91.43
91.78
92.13
92.48
92.83
93.18
93.53
93.88
94.23
94.58
94.93
95.27
95.62
95.97
96.32
96.67
97.02
97.37
97.71
98.06
98.41
98.76
99.11
99.46
99.81
100.16
100.51
100.85
101.2
101.55
101.9
102.26
102.61
102.96
103.31
103.66
104.01
104.36
104.71
105.05
105.39
105.74
106.09
106.44
106.79
107.14
107.49
107.84
108.18
108.53
108.88
109.23
109.58
109.93
110.28
110.62
110.97
111.32
111.67
112.01
112.36
112.71
113.06
113.41
113.76
114.11
114.46
114.8
115.15
115.51
116.2
116.91
117.6
118.3
119.0
119.7
120.4
121.09
121.78
122.48
123.18
123.88
124.57
125.27
125.97
126.67
127.37
128.07
128.77
129.46
130.16
130.86
131.56
132.26
132.95
133.65
134.34
135.04
135.74
136.44
137.14
137.84
138.53
139.23
139.93
140.62
141.32
142.02
142.71
143.41
144.11
144.46
144.81
145.15
145.5
145.85
146.2
146.54
146.88
147.23
147.59
147.94
148.29
148.64
148.99
149.34
149.69
150.04
150.39
150.74
151.09
151.44
151.79
152.14
152.48
152.84
153.18
153.51
153.86
154.22
154.56
154.89
