0.3
0.83
1.23
1.6
1.99
2.34
2.7
3.07
3.4
3.75
4.14
4.54
4.93
5.32
5.7
6.08
6.46
6.84
7.22
7.59
7.96
8.33
8.7
9.06
9.42
9.79
10.16
10.53
10.9
11.27
11.64
12.01
12.38
12.74
13.1
13.45
13.81
14.17
14.53
14.9
15.27
15.63
16.0
16.36
16.72
17.08
17.43
17.79
18.15
18.52
18.89
19.25
19.63
19.99
20.36
20.73
21.09
21.45
21.82
22.2
22.57
22.94
23.31
23.68
24.06
24.44
24.81
25.18
25.54
25.9
26.27
26.64
27.0
27.36
27.71
28.07
28.43
28.79
29.14
29.5
29.86
30.22
30.58
30.94
31.3
31.66
32.02
32.38
32.74
33.11
33.48
33.84
34.2
34.56
34.93
35.29
35.65
36.01
36.37
36.72
37.07
37.43
37.79
38.15
38.51
38.87
39.23
39.59
39.95
40.32
40.69
41.07
41.44
41.81
42.18
42.55
42.92
43.29
43.67
44.04
44.41
44.78
45.15
45.52
45.89
46.25
46.62
46.99
47.36
47.73
48.1
48.47
48.84
49.21
49.58
49.96
50.34
50.71
51.09
51.47
51.84
52.22
52.6
52.97
53.35
53.73
54.1
54.47
54.85
55.22
55.59
55.96
56.32
56.68
57.04
57.4
57.76
58.12
58.48
58.83
59.18
59.53
59.89
60.24
60.6
60.96
61.32
61.68
62.05
62.41
62.78
63.14
63.51
63.87
64.23
64.6
64.96
65.32
65.68
66.04
66.4
66.76
67.12
67.49
67.86
68.22
68.58
68.94
69.3
69.66
70.02
70.38
70.74
71.09
71.44
71.79
72.14
72.5
72.86
73.22
73.58
73.93
74.29
74.66
75.02
75.39
75.75
76.12
76.49
76.86
77.24
77.61
77.98
78.36
78.74
79.12
79.5
79.87
80.25
80.63
81.0
81.38
81.76
82.13
82.5
82.87
83.24
83.61
83.98
84.35
84.71
85.08
85.46
85.83
86.2
86.57
86.93
87.3
87.67
88.04
88.41
88.77
89.14
89.51
89.88
90.25
90.61
90.97
91.32
91.68
92.04
92.39
92.74
93.09
93.44
93.78
94.13
94.48
94.83
95.18
95.54
95.89
96.25
96.61
96.97
97.32
97.68
98.04
98.41
98.77
99.14
99.5
99.87
100.23
100.59
100.96
101.32
101.68
102.04
102.4
102.77
103.13
103.49
103.85
104.21
104.57
104.93
105.29
105.65
106.01
106.37
106.72
107.08
107.44
107.8
108.16
108.52
108.88
109.24
109.6
109.97
110.34
110.7
111.06
111.43
111.8
112.17
112.54
112.9
113.26
113.63
113.99
114.36
114.72
115.09
115.45
115.82
116.19
116.56
116.93
117.3
117.66
118.02
118.38
118.73
119.07
119.41
119.75
120.09
120.44
120.8
121.16
121.51
121.87
122.23
122.59
122.95
123.31
123.67
124.03
124.39
124.75
125.11
125.47
125.83
126.17
126.52
126.87
127.22
127.58
127.94
128.29
128.65
129.01
129.37
129.74
130.11
130.48
130.85
131.21
131.57
131.93
132.29
132.65
133.01
133.36
133.71
134.08
134.45
134.82
135.18
135.54
135.9
136.26
136.61
136.97
137.33
137.7
138.08
138.45
138.81
139.17
139.54
139.9
140.26
140.61
140.95
141.28
141.62
141.98
142.34
142.71
143.08
143.45
143.82
144.19
144.56
144.93
145.31
145.69
146.06
146.43
146.8
147.18
147.56
147.95
148.33
148.71
149.09
149.47
149.85
150.22
150.6
150.98
151.36
151.74
152.12
152.51
152.9
153.28
153.66
154.04
154.42
154.79
155.17
155.55
155.93
156.32
156.7
157.08
157.45
157.83
158.2
158.58
158.95
159.33
159.71
160.09
160.47
160.85
161.23
161.61
161.99
162.37
162.75
163.12
163.49
163.86
164.23
164.59
164.96
165.32
165.69
166.06
166.43
166.8
167.17
167.54
167.89
168.25
168.62
168.98
169.34
169.7
170.07
170.43
170.79
171.15
171.52
171.88
172.24
172.6
172.96
173.32
173.69
174.05
174.42
174.79
175.15
175.52
175.88
176.24
176.59
176.95
177.3
177.64
177.99
178.35
178.71
179.06
179.42
179.78
180.13
180.49
180.84
181.2
181.56
181.92
182.27
182.62
182.98
183.35
183.71
184.07
184.43
184.8
185.16
185.53
185.9
186.27
186.63
187.0
187.37
187.73
188.1
188.46
188.82
189.18
189.54
189.9
190.27
190.63
191.0
191.37
191.74
192.11
192.47
192.84
193.2
193.57
193.92
194.27
194.62
194.96
195.3
195.64
195.99
196.35
196.71
197.07
197.44
197.8
198.17
198.53
198.89
199.25
199.61
199.98
200.34
200.71
201.07
201.43
201.79
202.15
202.51
202.87
203.23
203.58
203.93
204.29
204.65
205.01
205.37
205.73
206.09
206.45
206.81
207.17
207.52
207.87
208.21
208.57
208.93
209.29
209.65
210.01
210.37
210.73
211.09
211.46
211.82
212.19
212.55
212.92
213.29
213.65
214.01
214.36
214.71
215.07
215.43
215.79
216.15
216.51
216.87
217.23
217.59
217.94
218.31
218.67
219.03
219.39
219.74
220.09
220.45
220.81
221.17
221.52
221.87
222.23
222.59
222.94
223.29
223.65
224.0
224.36
224.71
225.06
225.42
225.77
226.12
226.48
226.83
227.19
227.55
227.91
228.27
228.63
228.99
229.34
229.7
230.05
230.4
230.75
231.11
231.47
231.82
232.17
232.52
232.89
233.25
233.59
233.94
234.29
234.63
234.98
235.33
235.68
236.04
236.4
236.75
237.1
237.46
237.82
238.17
238.53
238.88
239.23
239.59
239.94
240.3
240.66
241.01
241.36
241.72
242.07
242.43
242.79
243.15
243.51
243.87
244.23
244.59
244.94
245.3
245.65
246.01
246.37
246.72
247.08
247.42
247.77
248.12
248.47
248.82
249.17
249.52
249.87
250.22
250.58
250.92
251.26
251.6
251.94
252.29
252.63
252.99
253.33
253.66
254.02
254.38
254.7
255.03
255.38
255.74
256.05
256.42
256.73
257.11
257.44
257.75
258.09
258.44
258.79
259.13
259.46
259.82
260.18
260.68
261.01
261.28
261.54
261.8
262.06
262.32
262.58
262.82
263.07
263.99
