0.15
0.42
0.7
0.97
1.24
1.52
1.8
2.07
2.35
2.62
2.9
3.18
3.46
3.74
4.02
4.3
4.59
5.17
5.73
6.3
6.89
7.45
8.01
8.58
9.15
9.71
10.27
10.84
11.4
11.97
12.54
13.1
13.66
14.24
14.81
15.37
15.93
16.5
17.07
17.63
18.19
18.76
19.33
19.89
20.46
21.03
21.6
22.16
22.72
23.29
23.86
24.43
24.99
25.56
26.13
26.69
27.26
27.83
28.4
28.96
29.52
30.09
30.66
31.22
31.79
32.36
32.93
33.49
34.05
34.63
35.19
35.76
36.34
36.91
37.49
38.05
38.59
39.16
39.73
40.29
40.85
41.43
41.99
42.56
43.12
43.69
44.26
44.82
45.39
45.96
46.52
47.09
47.65
48.23
48.8
49.36
49.92
50.49
51.07
51.62
52.18
52.76
53.33
53.89
54.45
55.01
55.57
56.14
56.71
57.29
57.86
58.42
58.98
59.56
60.13
60.69
61.25
61.82
62.39
62.95
63.51
64.09
64.66
65.22
65.78
66.36
66.92
67.48
68.05
68.62
69.19
69.75
70.31
70.89
71.46
72.02
72.58
73.15
73.73
74.29
74.85
75.42
75.98
76.55
77.11
77.69
78.25
78.81
79.38
79.95
80.52
81.08
81.64
82.22
82.78
83.35
83.91
84.49
85.06
85.62
86.18
86.75
87.32
87.88
88.44
89.02
89.59
90.15
90.71
91.29
91.85
92.42
92.98
93.55
94.13
94.68
95.25
95.82
96.38
96.95
97.51
98.08
98.65
99.21
99.78
100.35
100.92
101.48
102.04
102.62
103.19
103.75
104.31
104.88
105.45
106.02
106.58
107.15
107.72
108.28
108.84
109.41
109.98
110.55
111.11
111.68
112.25
112.81
113.38
113.95
114.51
115.08
115.64
116.21
116.78
117.34
117.91
118.48
119.05
119.61
120.17
120.75
121.32
121.88
122.44
123.02
123.59
124.15
124.71
125.28
125.86
126.41
126.97
127.53
128.11
128.66
129.23
129.81
130.38
130.94
131.5
132.08
132.65
133.21
133.77
134.35
134.92
135.48
136.04
136.61
137.18
137.74
138.3
138.88
139.45
140.01
140.57
141.14
141.71
142.27
142.84
143.41
143.98
144.54
145.1
145.68
146.26
146.82
147.38
147.94
148.5
149.06
149.62
150.19
150.63
151.18
151.73
152.28
152.84
153.43
154.76
155.92
157.17
158.61
158.89
159.17
159.45
159.74
160.02
160.3
160.57
160.86
161.15
161.44
