0.04
0.52
1.0
1.47
1.96
2.44
2.92
3.4
3.88
4.37
4.85
5.33
5.81
6.3
6.78
7.27
7.76
8.24
8.73
9.21
9.69
10.16
10.64
11.11
11.59
12.08
12.56
13.04
13.52
14.0
14.47
14.95
15.43
15.91
16.39
16.87
17.35
17.82
18.3
18.78
19.27
19.75
20.22
20.7
21.18
21.66
22.14
22.62
23.1
23.58
24.06
24.53
25.01
25.49
25.97
26.45
26.92
27.4
27.87
28.35
28.82
29.3
29.77
30.24
30.71
31.19
31.66
32.14
32.61
33.08
33.55
34.02
34.49
34.97
35.44
35.92
36.39
36.87
37.34
37.82
38.29
38.77
39.23
39.7
40.17
40.64
41.11
41.59
42.07
42.55
43.02
43.5
43.97
44.46
44.94
45.42
45.89
46.37
46.85
47.33
47.81
48.29
48.77
49.24
49.72
50.19
50.67
51.15
51.62
52.1
52.58
53.06
53.53
54.0
54.48
54.96
55.44
55.92
56.39
56.86
57.34
57.83
58.31
58.79
59.27
59.74
60.22
60.71
61.19
61.68
62.16
62.63
63.11
63.58
64.07
64.55
65.01
65.49
65.95
66.43
66.84
67.33
67.81
68.31
68.83
69.31
69.74
70.2
70.65
71.1
71.55
72.22
72.69
73.19
73.73
74.22
74.7
74.96
75.42
75.92
76.42
76.92
77.39
77.82
78.34
78.83
79.31
79.79
80.27
80.68
81.13
81.61
82.09
82.56
83.04
83.52
83.99
84.47
84.95
85.44
85.91
86.4
86.88
87.36
87.84
88.32
88.79
89.26
89.74
90.22
90.69
91.17
91.65
92.12
92.59
93.07
93.55
94.02
94.5
94.97
95.45
95.91
96.39
96.86
97.33
97.8
98.27
98.74
99.22
99.69
100.17
100.66
101.14
101.61
102.09
102.55
103.02
103.49
103.97
104.43
104.91
105.39
105.86
106.33
106.8
107.28
107.75
108.23
108.7
109.17
109.65
110.13
110.6
111.07
111.56
112.04
112.52
112.99
113.47
113.95
114.43
114.91
115.38
115.87
116.35
116.82
117.3
117.77
118.25
118.72
119.2
119.68
120.16
120.63
121.11
121.59
122.07
122.54
123.02
123.5
123.96
124.44
124.94
125.42
125.91
126.38
126.87
127.35
127.83
128.3
128.78
129.26
129.74
130.21
130.69
131.17
131.64
132.11
132.58
133.03
133.52
134.05
134.52
135.01
135.5
136.02
136.51
137.0
137.48
137.94
138.44
138.89
139.31
139.56
139.89
140.38
140.86
141.31
141.78
142.26
142.78
143.49
143.98
144.49
145.01
145.47
145.97
146.46
146.74
147.21
147.68
148.16
148.64
149.12
149.6
150.08
150.56
151.04
151.52
152.0
152.46
152.93
153.4
153.87
154.35
154.83
155.31
155.79
156.28
156.75
157.23
157.7
158.18
158.66
159.14
159.62
160.11
160.58
161.05
161.52
161.99
162.45
162.95
163.4
163.84
164.29
164.75
165.23
165.68
166.14
166.62
167.08
167.56
168.03
168.5
168.99
169.46
169.94
170.41
170.89
171.36
171.82
172.3
172.78
173.27
173.73
174.2
174.66
175.14
175.63
176.11
176.59
177.07
177.55
178.02
178.5
178.97
179.45
179.92
180.4
180.87
181.35
181.81
182.28
182.76
183.24
183.72
184.2
184.68
185.16
185.63
186.11
186.59
187.07
187.54
188.01
188.48
188.96
189.43
189.91
190.4
190.88
191.36
191.85
192.32
192.8
193.28
193.76
194.23
194.71
195.19
195.67
196.14
196.62
197.09
197.57
198.06
198.54
199.02
199.51
199.98
200.47
200.94
201.42
201.9
202.38
202.85
203.33
203.81
204.28
204.74
205.22
205.71
206.19
206.67
207.16
207.66
208.14
208.62
209.1
209.59
210.08
210.57
211.06
211.56
212.05
212.54
213.03
213.52
214.01
214.5
214.98
215.47
215.96
216.45
216.94
217.43
217.91
218.4
218.89
219.38
219.86
220.34
220.82
221.3
221.78
222.25
222.71
223.18
223.66
224.13
224.6
225.07
225.54
226.02
226.5
226.97
227.44
227.91
228.39
228.86
229.34
229.81
230.28
230.75
231.23
231.7
232.17
232.64
233.11
233.6
234.07
234.54
235.01
235.47
235.94
236.42
236.89
237.37
237.86
238.35
238.83
239.32
239.8
240.29
240.77
241.27
241.76
242.25
242.74
243.23
243.72
244.22
244.71
245.2
245.69
246.18
246.66
247.15
247.64
248.14
248.63
249.12
249.61
250.09
250.59
251.08
251.57
252.05
252.54
253.02
253.5
253.99
254.48
254.97
255.45
255.94
256.42
256.91
257.4
257.89
258.38
258.87
259.36
259.84
260.33
260.81
261.29
261.77
262.25
262.74
263.23
263.74
264.26
264.77
265.27
265.77
266.26
266.75
267.24
267.72
268.21
268.7
269.19
269.67
270.15
270.62
271.11
271.61
272.12
272.63
273.13
273.62
274.11
274.6
275.09
275.57
276.06
276.53
277.02
277.5
277.98
278.45
278.94
279.44
279.94
280.45
280.95
281.44
281.92
282.4
282.88
283.36
283.85
284.33
284.81
285.29
285.77
286.24
286.71
287.19
287.66
288.14
288.61
289.09
289.58
290.06
290.54
291.01
291.49
291.97
292.44
292.91
293.38
293.86
294.33
294.81
295.29
295.75
296.24
296.7
297.19
297.67
298.13
298.59
299.05
299.52
299.99
300.47
