0.15
0.6
1.05
1.49
1.94
2.4
2.87
3.33
3.81
4.29
4.77
5.23
5.68
6.13
6.57
7.02
7.48
7.95
8.43
8.91
9.38
9.85
10.32
10.77
11.23
11.7
12.17
12.64
13.1
13.56
14.01
14.46
14.92
15.38
15.85
16.32
16.79
17.25
17.7
18.15
18.61
19.07
19.54
20.02
20.5
20.97
21.43
21.88
22.34
22.81
23.27
23.73
24.18
24.63
25.08
25.54
26.0
26.46
26.92
27.38
27.84
28.3
28.76
29.21
29.67
30.13
30.6
31.08
31.55
32.02
32.49
32.98
33.49
33.93
34.37
34.86
35.38
35.85
36.35
36.84
37.33
37.71
38.18
38.59
39.01
39.29
39.68
40.07
40.47
41.0
41.44
41.69
42.11
42.52
42.91
43.31
43.7
44.1
44.5
44.89
45.28
45.69
46.1
46.5
46.9
47.31
47.72
48.12
48.53
48.95
49.37
49.78
50.18
50.59
50.99
51.39
51.79
52.19
52.6
53.0
53.41
53.82
54.23
54.64
55.06
55.47
55.88
56.3
56.72
57.13
57.54
57.94
58.34
58.75
59.57
60.39
60.8
61.2
61.61
62.02
62.44
62.85
63.26
63.67
64.08
64.49
64.9
65.31
65.71
66.12
66.53
66.94
67.35
67.77
68.19
68.6
69.02
69.44
69.87
70.3
70.72
71.14
71.57
71.99
72.41
72.84
73.27
73.69
74.11
74.54
74.96
75.39
75.83
76.27
76.7
77.14
77.56
77.99
78.42
78.84
79.27
79.69
80.1
80.52
80.94
81.36
81.78
82.21
82.64
83.06
83.49
83.92
84.35
84.78
85.2
85.62
86.05
86.47
86.9
87.32
87.73
88.13
88.54
88.95
89.37
89.79
90.21
90.65
91.09
91.52
91.94
92.35
92.76
93.17
93.58
93.99
94.4
94.81
95.23
95.64
96.06
96.47
96.87
97.28
97.69
98.11
98.53
98.96
99.36
99.78
100.19
100.61
101.03
101.45
101.86
102.28
102.68
103.09
103.51
103.92
104.33
104.73
105.12
105.53
105.94
106.35
106.76
107.17
107.57
107.98
108.39
108.8
109.2
109.61
110.01
110.41
110.82
111.24
111.66
112.07
112.49
112.91
113.32
113.73
114.13
114.55
114.97
115.39
115.81
116.22
116.63
117.03
117.44
117.85
118.27
118.69
119.1
119.52
119.95
120.36
120.77
121.19
121.53
121.85
122.17
122.49
122.81
123.13
123.45
123.77
124.09
124.41
124.73
125.05
125.37
125.69
126.01
126.32
126.63
126.94
127.25
127.56
127.87
128.18
128.49
128.8
129.11
129.42
129.73
130.03
130.33
130.63
130.92
131.21
131.5
131.8
132.11
132.42
132.72
133.02
133.32
133.62
133.92
134.22
134.53
134.85
135.17
135.49
135.81
136.13
136.45
136.76
137.07
137.39
137.7
138.02
138.32
138.65
138.94
139.24
139.55
139.85
140.15
140.46
140.75
141.04
141.34
141.64
141.94
142.24
142.54
142.84
143.15
143.46
143.76
144.06
144.36
144.67
144.95
145.24
145.54
145.84
146.29
146.58
146.88
147.18
147.48
147.78
148.07
148.36
148.65
148.94
149.24
149.53
149.82
150.11
150.41
150.71
151.0
151.3
151.6
151.9
152.2
152.5
152.8
153.1
153.4
153.7
154.0
154.31
154.61
154.91
155.21
155.52
155.98
156.43
156.73
157.03
157.62
158.22
158.52
158.82
159.12
159.42
159.72
160.0
160.29
160.58
160.88
161.18
161.48
161.78
162.08
162.38
162.68
162.97
163.27
163.69
164.15
164.58
164.88
165.17
165.47
165.77
166.07
166.36
166.65
166.95
167.25
167.54
167.83
168.13
168.55
168.84
169.13
169.42
169.71
170.17
170.47
170.77
171.07
171.36
171.66
171.96
172.26
172.55
172.85
173.15
173.45
173.75
174.04
174.33
174.63
174.92
175.22
175.52
175.81
176.1
176.39
176.69
176.98
177.28
177.58
177.88
178.18
178.48
178.77
179.06
179.35
179.64
179.95
180.26
180.56
180.86
181.16
181.47
181.77
182.07
182.37
182.67
182.97
183.26
183.56
183.85
184.14
184.44
184.74
185.03
185.32
185.62
185.92
186.22
186.52
186.81
187.11
187.41
187.71
188.01
188.31
188.61
188.9
189.2
189.5
189.8
190.1
190.4
190.69
190.98
191.28
191.58
191.88
192.18
192.48
192.77
193.07
193.38
193.68
193.97
194.27
194.57
194.87
195.17
195.47
195.76
196.25
196.72
197.19
197.65
198.19
198.68
199.22
199.74
200.25
200.76
201.28
201.79
202.3
202.8
203.31
203.81
204.33
204.85
205.36
205.86
206.35
206.83
207.33
207.82
208.33
208.83
209.33
209.81
210.31
210.81
211.31
211.8
212.29
212.8
213.3
213.81
214.32
214.79
215.26
215.75
216.2
216.52
216.84
217.16
217.48
217.8
218.12
218.44
218.76
219.07
219.38
219.69
220.0
220.31
220.63
220.95
221.26
221.57
221.88
222.19
222.5
222.81
223.11
223.41
223.71
224.0
224.29
224.59
224.89
225.2
225.51
225.82
226.12
226.42
226.71
227.0
227.3
227.61
227.92
228.23
228.52
228.81
229.1
229.39
229.71
229.99
230.3
230.61
230.92
231.23
231.54
231.85
232.15
232.46
232.77
233.39
233.87
234.36
234.9
235.43
235.95
236.47
236.97
237.47
237.96
238.47
238.97
239.45
239.94
240.43
240.93
241.42
241.9
242.38
242.89
243.38
243.86
244.35
244.83
245.3
245.78
246.26
246.74
247.21
247.67
248.14
248.62
249.1
249.57
250.04
250.52
251.0
251.48
251.97
252.45
252.92
253.39
253.88
254.36
254.82
255.28
255.76
256.23
256.7
257.17
257.64
258.13
258.61
259.09
259.58
260.07
260.54
261.02
261.51
261.98
262.45
262.92
263.39
263.86
264.32
264.79
265.26
265.73
266.21
266.68
267.15
267.63
268.1
268.57
269.05
269.52
269.99
270.47
270.94
271.43
271.91
272.38
272.85
273.33
273.8
274.27
274.74
275.22
275.7
276.17
276.65
277.12
277.59
278.06
278.52
278.98
279.44
279.89
280.35
280.82
281.29
281.76
282.23
282.69
283.16
283.62
284.1
284.56
285.03
285.48
285.93
286.4
286.86
287.33
287.79
288.26
288.72
289.18
289.64
290.11
290.58
291.05
291.53
292.0
292.46
292.93
293.37
293.8
294.23
294.66
295.1
295.59
296.07
296.54
297.02
297.48
297.95
298.42
298.88
299.37
299.84
300.31
300.78
301.25
301.72
302.19
302.66
303.14
303.62
304.09
304.56
305.03
305.5
305.95
306.4
306.87
307.33
307.79
308.25
308.71
309.17
309.63
310.09
310.57
311.05
311.52
311.98
312.43
312.88
313.32
313.78
314.26
314.73
315.21
315.69
316.15
316.61
317.07
317.53
317.99
318.46
318.94
319.41
319.87
320.33
320.78
321.23
321.7
322.16
322.62
323.09
323.54
323.94
324.36
324.81
325.29
325.76
326.23
326.7
327.15
327.62
328.09
328.55
329.02
329.5
329.98
330.46
330.92
331.39
331.84
332.3
332.76
333.24
333.69
334.15
334.61
335.06
335.5
335.96
336.43
336.9
337.36
337.83
338.3
338.61
338.93
339.21
339.54
339.87
340.19
340.51
340.83
341.15
341.46
341.77
342.09
342.41
342.72
343.04
343.35
343.66
343.97
344.28
344.6
344.92
345.23
345.55
345.86
346.18
346.49
346.8
347.11
347.42
347.72
348.02
348.31
348.6
348.9
349.2
349.51
349.82
350.12
350.42
350.72
351.01
351.3
351.6
351.91
352.22
352.53
352.84
353.16
353.48
353.8
354.11
354.43
354.75
355.07
355.39
355.71
356.03
356.34
356.65
356.96
357.27
357.58
357.88
358.17
358.46
358.76
359.06
359.37
359.67
359.97
360.27
360.58
360.89
361.19
361.49
361.79
362.09
362.38
362.68
362.98
363.27
363.54
363.83
364.13
364.43
364.73
365.03
365.33
365.63
365.93
366.23
366.53
366.83
367.13
367.43
367.73
368.03
368.33
368.63
368.94
369.25
369.55
369.84
370.14
370.44
370.73
371.02
371.34
371.66
371.97
372.28
372.58
372.88
373.18
373.48
373.79
374.1
374.41
374.9
375.37
375.84
376.3
376.86
377.22
377.77
378.27
378.79
379.31
379.83
380.35
380.86
381.37
381.88
382.39
382.89
383.39
383.9
384.42
384.93
385.41
385.9
386.39
386.89
387.38
387.88
388.38
388.87
389.35
389.84
390.33
390.83
391.31
391.8
392.3
392.79
393.28
393.76
394.23
394.72
395.22
395.71
396.21
396.71
397.2
397.69
398.17
398.66
399.14
399.62
400.12
400.63
401.12
401.6
402.1
402.62
403.14
403.69
404.26
404.76
405.23
405.69
406.17
406.66
407.14
407.71
408.17
408.68
409.01
409.5
410.28
410.89
411.49
412.05
412.42
412.82
413.2
413.6
413.98
414.38
414.77
415.16
415.55
415.96
416.39
416.79
417.18
417.57
417.97
418.35
418.75
419.14
419.54
419.95
420.35
420.75
421.16
421.58
421.99
422.4
422.81
423.23
423.64
424.05
424.47
424.89
425.31
425.72
426.13
426.53
426.93
427.33
427.75
428.17
428.59
429.01
429.43
429.86
430.28
430.71
431.15
431.59
432.03
432.47
432.89
433.34
433.74
434.12
434.52
434.9
435.32
435.97
436.39
436.83
437.26
437.7
438.16
438.58
438.84
439.28
439.73
440.18
440.63
441.1
441.57
441.86
442.24
442.59
442.96
443.32
443.78
444.06
444.51
445.09
445.51
445.8
446.16
446.7
447.24
447.58
447.94
448.3
448.65
