0.02
0.59
1.17
1.7
2.24
2.79
3.34
3.88
4.44
4.99
5.54
6.08
6.63
7.18
7.72
8.26
8.8
9.34
9.87
10.4
10.92
11.46
12.01
12.55
13.1
13.64
14.18
14.73
15.28
15.82
16.37
16.91
17.45
17.99
18.53
19.07
19.6
20.14
20.69
21.23
21.78
22.31
22.84
23.37
23.91
24.45
24.99
25.53
26.07
26.6
27.13
27.67
28.21
28.74
29.28
29.82
30.36
30.9
31.43
31.97
32.51
33.05
33.59
34.12
34.66
35.19
35.72
36.26
36.79
37.33
37.86
38.4
38.95
39.48
40.02
40.56
41.11
41.64
42.18
42.72
43.26
43.79
44.33
44.87
45.41
45.95
46.49
47.03
47.57
48.1
48.64
49.18
49.72
50.26
50.81
51.35
51.9
52.44
52.98
53.52
54.05
54.59
55.14
55.68
56.22
56.75
57.28
57.82
58.36
58.89
59.43
59.96
60.5
61.04
61.58
62.12
62.67
63.21
63.75
64.29
64.83
65.37
65.9
66.44
66.98
67.52
68.06
68.6
69.14
69.68
70.22
70.76
71.32
71.86
72.4
72.94
73.49
74.03
74.58
75.12
75.66
76.2
76.75
77.29
77.83
78.37
78.91
79.45
79.98
80.52
81.06
81.61
82.16
82.7
83.23
83.77
84.32
84.85
85.39
85.93
86.48
87.02
87.56
88.09
88.64
89.18
89.72
90.26
90.8
91.34
91.87
92.41
92.95
93.49
94.02
94.56
95.1
95.63
96.16
96.69
97.22
97.76
98.29
98.82
99.36
99.89
100.42
100.95
101.48
102.01
102.55
103.08
103.62
104.15
104.68
105.21
105.74
106.28
106.82
107.36
107.9
108.44
108.98
109.52
110.06
110.6
111.14
111.68
112.22
112.75
113.29
113.82
114.34
114.88
115.42
115.96
116.5
117.04
117.58
118.11
118.65
119.19
119.72
120.26
120.8
121.34
121.87
122.41
122.92
123.46
124.0
124.54
125.08
125.61
126.14
126.67
127.2
127.73
128.27
128.8
129.34
129.88
130.41
130.95
131.49
132.03
132.58
133.12
133.66
134.19
134.73
135.27
135.81
136.34
136.88
137.42
137.96
138.5
139.05
139.58
140.12
140.66
141.19
141.73
142.26
142.79
143.32
143.85
144.39
144.92
145.45
145.98
146.51
147.04
147.57
148.1
148.64
149.18
149.71
150.24
150.78
151.31
151.84
152.37
152.91
153.44
153.97
154.5
155.04
155.57
156.11
156.64
157.17
157.7
158.22
158.73
159.23
159.73
160.25
160.78
161.3
161.82
162.34
162.86
163.96
165.51
166.94
168.95
