0.14
0.71
1.28
1.86
2.42
3.0
3.6
4.19
4.78
5.37
5.97
6.56
7.16
7.75
8.34
8.94
9.54
10.13
10.72
11.33
11.92
12.51
13.11
13.7
14.3
14.89
15.49
16.07
16.67
17.26
17.86
18.45
19.05
19.64
20.24
20.84
21.43
22.02
22.63
23.21
23.8
24.39
25.0
25.58
26.17
26.76
27.37
27.96
28.55
29.14
29.74
30.33
30.92
31.51
32.11
32.7
33.3
33.89
34.49
35.08
35.68
36.27
36.87
37.46
38.06
38.65
39.24
39.83
40.43
41.02
41.62
42.2
42.8
43.4
44.0
44.59
45.19
45.78
46.37
46.96
47.56
48.15
48.76
49.34
49.94
50.53
51.12
51.71
52.31
52.9
53.5
54.09
54.69
55.28
55.87
56.46
57.07
57.66
58.28
58.87
59.45
60.03
60.63
61.22
61.81
62.4
63.01
63.6
64.19
64.78
65.37
65.97
66.57
67.16
67.76
68.35
68.94
69.54
70.14
70.73
71.32
71.91
72.52
73.1
73.69
74.28
74.88
75.47
76.07
76.66
77.25
77.85
78.45
79.04
79.64
80.23
80.82
81.41
82.01
82.6
83.19
83.79
84.4
84.99
85.58
86.15
86.79
87.38
87.96
88.55
89.15
89.74
90.34
90.93
91.53
92.11
92.71
93.3
93.9
94.49
95.09
95.68
96.28
96.88
97.47
98.05
98.66
99.24
99.84
100.43
101.04
101.62
102.21
102.8
103.41
103.99
104.59
105.18
105.78
106.37
106.96
107.55
108.15
108.74
109.34
109.93
110.53
111.12
111.72
112.31
112.91
113.5
114.09
114.68
115.28
115.87
116.47
117.06
117.66
118.25
118.85
119.44
120.04
120.63
121.22
121.81
122.41
123.0
123.6
124.19
124.79
125.38
125.97
126.56
127.16
127.75
128.35
128.94
129.54
130.13
130.73
131.32
131.91
132.5
133.1
133.69
134.29
134.9
135.48
136.07
136.67
137.26
137.85
138.44
139.04
139.62
140.23
140.82
141.43
142.01
142.6
143.19
143.8
144.39
144.98
145.58
146.18
146.77
147.37
147.96
148.56
149.14
149.74
150.33
150.93
151.52
152.12
152.71
153.31
153.91
154.5
155.08
155.69
156.27
156.87
157.46
158.07
158.65
159.24
159.83
160.44
161.02
161.62
162.21
162.81
163.4
163.99
164.58
165.19
165.77
166.37
166.96
167.56
168.15
168.75
169.34
169.94
170.53
171.12
171.71
172.31
172.9
173.5
174.09
174.69
175.28
175.88
176.47
177.07
177.66
178.25
178.84
179.44
180.03
180.63
181.24
181.84
182.52
183.13
183.81
184.48
185.09
185.67
186.26
186.86
187.47
