0.02
0.36
0.7
1.04
1.37
1.71
2.05
2.38
2.72
3.06
3.4
3.74
4.07
4.41
4.75
5.09
5.43
5.76
6.1
6.44
6.77
7.11
7.45
7.79
8.13
8.46
8.8
9.14
9.47
10.14
10.82
11.5
12.17
12.84
13.52
14.19
14.87
15.54
16.22
16.56
16.9
17.24
17.57
17.91
18.25
18.59
18.92
19.25
19.59
19.93
20.26
20.59
20.92
21.26
21.6
21.94
22.28
22.62
22.95
23.29
23.63
23.97
24.31
24.65
24.99
25.33
25.67
26.01
26.35
26.68
27.02
27.35
27.68
28.02
28.36
28.7
29.04
29.38
29.71
30.04
30.38
30.72
31.05
31.38
31.72
32.06
32.4
32.74
33.08
33.42
33.76
34.09
34.43
35.11
35.78
36.12
36.46
37.14
37.81
38.49
39.17
39.84
40.51
41.19
41.85
42.53
43.21
43.88
44.55
45.22
45.9
46.58
47.26
47.94
48.61
49.28
49.96
50.63
51.3
51.98
52.32
52.65
52.99
53.33
53.67
54.0
54.34
54.68
55.35
56.02
56.36
56.71
57.41
58.07
58.74
59.41
60.08
60.75
61.08
61.42
61.76
62.1
62.44
62.78
63.12
63.46
63.8
64.13
64.47
64.81
65.14
65.48
65.82
66.15
66.49
66.83
67.17
67.51
67.84
68.18
68.52
68.86
69.19
69.53
69.87
70.21
70.87
71.55
72.22
72.9
73.57
74.25
74.92
75.6
76.28
76.95
77.62
78.3
78.98
79.65
80.33
81.0
81.68
82.35
83.03
83.7
84.38
85.05
85.72
86.4
87.07
87.74
88.43
89.1
89.78
90.45
91.12
91.8
92.48
93.15
93.82
94.5
95.18
95.84
96.52
97.19
97.87
98.54
99.23
99.93
100.61
101.28
101.96
102.63
103.31
103.98
104.65
105.33
106.01
106.68
107.35
108.03
108.71
109.38
110.06
110.73
111.4
112.07
112.75
113.43
114.1
114.77
115.45
116.13
116.8
117.47
118.15
118.82
119.5
120.17
120.84
121.51
122.2
122.87
123.55
124.22
124.9
125.57
126.25
126.92
127.59
128.27
128.94
129.62
130.29
130.97
131.64
132.32
133.0
133.67
134.35
135.02
135.7
136.37
137.04
137.72
138.4
139.07
139.74
140.42
141.09
141.77
142.45
143.12
143.79
144.46
145.14
145.81
146.49
147.15
147.83
148.5
149.18
149.85
150.52
151.19
151.87
152.54
153.22
153.89
154.58
155.25
155.95
156.6
158.01
159.29
160.62
162.02
163.44
164.91
165.21
165.5
165.87
167.29
167.6
167.91
