0.11
0.38
0.66
0.94
1.23
1.51
1.79
2.08
2.35
2.63
3.11
3.43
3.73
4.05
4.37
4.69
5.01
5.31
5.63
6.27
6.91
7.53
8.15
8.77
9.4
10.02
10.65
11.28
11.89
12.52
13.15
13.77
14.39
15.03
15.65
16.27
16.9
17.52
18.15
18.77
19.4
20.03
20.65
21.28
21.91
22.53
23.16
23.78
24.41
25.03
25.65
26.28
26.9
27.53
28.15
28.78
29.41
30.03
30.65
31.27
31.9
32.53
33.15
33.77
34.41
35.03
35.65
36.28
36.9
37.53
38.15
38.78
39.4
40.03
40.65
41.28
41.9
42.52
43.15
43.77
44.4
45.02
45.66
46.27
46.9
47.52
48.15
48.77
49.39
50.03
50.65
51.28
51.9
52.52
53.15
53.77
54.4
55.02
55.65
56.27
56.9
57.52
58.15
58.78
59.41
60.03
60.65
61.28
61.9
62.53
63.15
63.78
64.4
65.03
65.65
66.28
66.9
67.53
68.16
68.8
69.43
70.03
70.66
71.28
71.9
72.53
73.16
73.77
74.4
75.02
75.66
76.28
76.91
77.53
78.16
78.78
79.41
80.03
80.65
81.28
81.9
82.52
83.15
83.78
84.4
85.03
85.65
86.28
86.9
87.55
88.18
88.81
89.43
90.03
90.65
91.28
91.9
92.53
93.15
93.78
94.41
95.02
95.65
96.27
96.9
97.52
98.15
98.77
99.4
100.02
100.65
101.28
101.9
102.52
103.15
103.77
104.39
105.02
105.65
106.28
106.9
107.52
108.15
108.78
109.4
110.02
110.65
111.27
111.9
112.52
113.15
113.77
114.4
115.02
115.65
116.27
116.9
117.52
118.15
118.78
119.4
120.02
120.65
121.28
121.9
122.53
123.15
123.78
124.4
125.03
125.65
126.27
126.9
127.52
128.15
128.78
129.41
130.03
130.65
131.28
131.9
132.53
133.15
133.78
134.4
135.03
135.65
136.28
136.9
137.52
138.15
138.77
139.4
140.02
140.65
141.27
141.9
142.52
143.15
143.77
144.4
145.02
145.65
146.27
146.9
147.52
148.78
150.02
151.26
152.51
