0.04
0.51
0.98
1.45
1.92
2.38
2.85
3.32
3.79
4.26
4.73
5.2
5.66
6.13
6.6
7.07
7.53
8.0
8.47
8.94
9.41
9.88
10.35
10.82
11.29
11.76
12.22
12.69
13.16
13.63
14.1
14.57
15.03
15.5
15.97
16.44
16.91
17.38
17.85
18.31
18.78
19.25
19.72
20.19
20.66
21.13
21.6
22.07
22.54
23.01
23.48
23.95
24.42
24.88
25.35
25.82
26.29
26.76
27.23
27.7
28.17
28.64
29.11
29.58
30.04
30.51
30.98
31.45
31.92
32.39
32.86
33.33
33.79
34.26
34.72
35.18
35.65
36.12
36.59
37.06
37.53
38.0
38.47
38.94
39.41
39.88
40.35
40.82
41.29
41.76
42.23
42.69
43.16
43.63
44.1
44.57
45.04
45.51
45.98
46.44
46.91
47.38
47.85
48.32
48.79
49.25
49.72
50.19
50.66
51.13
51.6
52.06
52.53
53.0
53.47
53.94
54.41
54.88
55.35
55.82
56.29
56.76
57.23
57.7
58.17
58.63
59.1
59.57
60.04
60.51
60.98
61.45
61.92
62.38
62.85
63.32
63.79
64.25
64.72
65.19
65.66
66.13
66.6
67.06
67.53
68.0
68.47
68.94
69.41
69.88
70.35
70.82
71.29
71.76
72.23
72.7
73.17
73.63
74.1
74.56
75.03
75.5
75.97
76.44
76.91
77.38
77.85
78.32
78.79
79.25
79.72
80.19
80.66
81.13
81.6
82.07
82.53
82.99
83.44
83.93
84.4
84.82
85.28
85.78
86.27
86.74
87.19
87.67
88.15
88.62
89.1
89.57
90.06
90.54
91.01
91.48
91.95
92.42
92.89
93.36
93.83
94.3
94.77
95.24
95.71
96.17
96.64
97.11
97.58
98.05
98.52
98.99
99.45
99.92
100.39
100.86
101.33
101.8
102.26
102.73
103.2
103.67
104.14
104.61
105.08
105.55
106.02
106.48
106.95
107.42
107.89
108.36
108.83
109.29
109.76
110.23
110.7
111.17
111.64
112.11
112.58
113.04
113.51
113.98
114.45
114.92
115.39
115.86
116.32
116.79
117.26
117.73
118.2
118.66
119.13
119.6
120.07
120.54
121.01
121.48
121.95
122.42
122.89
123.36
123.83
124.29
124.76
125.23
125.7
126.17
126.64
127.1
127.57
128.04
128.51
128.98
129.45
129.92
130.39
130.85
131.32
131.79
132.26
132.73
133.2
133.66
134.13
134.6
135.07
135.54
136.01
136.48
136.95
137.42
137.89
138.36
138.83
139.3
139.76
140.23
140.7
141.17
141.64
142.11
142.58
143.04
143.51
143.98
144.45
144.92
145.39
145.86
146.33
146.79
147.26
147.73
148.2
148.67
149.14
149.61
150.08
150.54
151.01
151.48
151.95
152.42
152.89
153.35
153.82
154.29
154.76
155.23
155.7
156.16
156.63
157.1
157.57
158.04
158.51
158.98
159.45
159.91
160.38
160.85
161.32
161.79
162.26
162.73
163.2
163.67
164.14
164.6
165.07
165.55
166.03
166.5
166.97
167.44
167.89
168.34
168.81
169.28
169.74
170.21
170.69
