0.13
0.37
0.62
0.86
1.14
1.62
2.1
2.57
3.05
3.52
3.99
4.42
4.88
5.33
5.79
6.25
6.72
7.19
7.68
8.19
8.68
9.16
9.63
10.1
10.58
11.05
11.52
11.99
12.47
12.94
13.42
13.89
14.36
14.84
15.32
15.79
16.27
16.74
17.21
17.68
18.16
18.63
19.11
19.58
20.05
20.52
21.0
21.47
21.95
22.43
22.9
23.38
23.86
24.33
24.81
25.29
25.76
26.24
26.71
27.18
27.66
28.13
28.6
29.08
29.55
30.02
30.5
30.97
31.45
31.92
32.39
32.87
33.34
33.81
34.29
34.76
35.24
35.71
36.18
36.66
37.13
37.6
38.08
38.55
39.02
39.5
39.97
40.45
40.92
41.39
41.87
42.34
42.82
43.29
43.76
44.23
44.71
45.18
45.66
46.13
46.6
47.08
47.55
48.02
48.5
48.97
49.44
49.92
50.39
50.86
51.34
51.81
52.28
52.76
53.23
53.71
54.18
54.66
55.13
55.6
56.08
56.55
57.02
57.5
57.97
58.44
58.92
59.39
59.87
60.34
60.81
61.28
61.76
62.23
62.71
63.18
63.65
64.13
64.6
65.07
65.55
66.02
66.5
66.97
67.44
67.92
68.39
68.86
69.34
69.81
70.29
70.76
71.23
71.7
72.18
72.66
73.13
73.6
74.07
74.55
75.02
75.5
75.97
76.45
76.92
77.39
77.86
78.34
78.81
79.28
79.75
80.23
80.71
81.18
81.65
82.13
82.6
83.08
83.55
84.02
84.5
84.97
85.44
85.91
86.38
86.86
87.33
87.8
88.28
88.75
89.23
89.7
90.17
90.64
91.12
91.59
92.07
92.54
93.01
93.49
93.96
94.43
94.91
95.38
95.85
96.33
96.8
97.28
97.75
98.22
98.69
99.17
99.64
100.11
100.59
101.07
101.54
102.01
102.49
102.96
103.44
103.91
104.38
104.86
105.33
105.8
106.27
106.74
107.22
107.7
108.17
108.64
109.11
109.59
110.06
110.54
111.01
111.48
111.96
112.43
112.9
113.37
113.85
114.33
114.81
115.28
115.75
116.22
116.7
117.17
117.64
118.11
118.59
119.06
119.53
120.01
120.48
120.95
121.43
121.9
122.38
122.85
123.32
123.8
124.27
124.74
125.21
125.68
126.16
126.63
127.11
127.58
128.05
128.53
129.0
129.48
129.95
130.42
130.89
131.37
131.85
132.32
132.79
133.27
133.74
134.21
134.68
135.16
135.64
136.11
136.58
137.05
137.52
138.0
138.48
138.95
139.42
139.89
140.36
140.83
141.31
141.78
142.26
142.73
143.2
143.67
144.15
144.63
145.1
145.58
146.05
146.52
146.99
147.46
147.93
148.39
148.85
149.31
149.77
150.24
150.7
151.17
151.64
152.1
152.7
153.19
154.42
155.24
156.65
