0.03
0.63
1.26
1.88
2.49
3.1
3.71
4.32
4.93
5.54
6.16
6.76
7.37
7.98
8.6
9.21
9.82
10.43
11.02
11.64
12.27
12.88
13.5
14.11
14.72
15.33
15.95
16.55
17.16
17.77
18.39
19.0
19.61
20.22
20.83
21.44
22.05
22.66
23.28
23.89
24.5
25.11
25.73
26.34
26.95
27.56
28.18
28.78
29.39
30.0
30.62
31.23
31.84
32.45
33.07
33.67
34.28
34.9
35.51
36.12
36.73
37.34
37.95
38.56
39.18
39.79
40.41
41.01
41.62
42.23
42.85
43.45
44.07
44.68
45.3
45.9
46.52
47.13
47.74
48.35
48.96
49.57
50.19
50.79
51.41
52.02
52.64
53.24
53.85
54.46
55.08
55.69
56.3
56.91
57.52
58.13
58.74
59.35
59.97
60.58
61.19
61.8
62.42
63.02
63.63
64.24
64.85
65.47
66.08
66.69
67.3
67.91
68.52
69.14
69.75
70.36
70.97
71.58
72.2
72.81
73.42
74.03
74.64
75.25
75.86
76.47
77.09
77.7
78.31
78.92
79.54
80.15
80.76
81.37
81.98
82.59
83.21
83.83
84.43
85.04
85.65
86.26
86.87
87.48
88.09
88.7
89.32
89.93
90.54
91.15
91.77
92.37
92.98
93.59
94.21
94.82
95.43
96.04
96.66
97.27
97.88
98.49
99.11
99.71
100.32
100.93
101.55
102.16
102.77
103.38
103.99
104.6
105.2
105.81
106.43
107.04
107.65
108.26
108.88
109.48
110.1
110.71
111.33
111.93
112.54
113.15
113.77
114.38
114.99
115.6
116.22
116.82
117.43
118.04
118.66
119.27
119.88
120.49
121.11
121.72
122.33
122.94
123.55
124.16
124.77
125.38
126.0
126.61
127.22
127.83
128.44
129.05
129.66
130.27
130.89
131.5
132.11
132.72
133.34
133.95
134.56
135.18
135.78
136.36
136.94
137.51
138.09
138.67
139.48
140.7
141.94
142.91
144.03
