0.02
0.52
1.02
1.5
1.98
2.47
2.97
3.47
3.97
4.48
4.99
5.49
5.99
6.48
6.98
7.47
7.97
8.47
8.97
9.46
9.96
10.46
10.96
11.45
11.95
12.44
12.94
13.43
13.93
14.43
14.92
15.41
15.91
16.4
16.9
17.4
17.9
18.39
18.89
19.38
19.88
20.37
20.87
21.37
21.86
22.36
22.85
23.35
23.84
24.34
24.84
25.33
25.83
26.32
26.82
27.32
27.81
28.31
28.81
29.3
29.8
30.29
30.79
31.28
31.78
32.27
32.77
33.27
33.76
34.26
34.76
35.25
35.75
36.24
36.74
37.23
37.73
38.23
38.72
39.22
39.71
40.21
40.7
41.2
41.7
42.19
42.69
43.18
43.68
44.17
44.67
45.16
45.66
46.16
46.65
47.15
47.64
48.14
48.64
49.13
49.63
50.12
50.62
51.11
51.61
52.11
52.6
53.1
53.6
54.09
54.59
55.08
55.58
56.07
56.57
57.07
57.56
58.06
58.56
59.05
59.55
60.04
60.54
61.03
61.53
62.03
62.52
63.01
63.51
64.01
64.5
65.0
65.5
65.99
66.49
66.98
67.48
67.98
68.47
68.97
69.47
69.96
70.46
70.95
71.45
71.94
72.44
72.93
73.42
73.92
74.41
74.91
75.4
75.9
76.4
76.89
77.39
77.88
78.38
78.88
79.37
79.87
80.36
80.86
81.36
81.85
82.35
82.84
83.34
83.84
84.33
84.83
85.32
85.82
86.31
86.81
87.31
87.8
88.3
88.79
89.29
89.79
90.29
90.78
91.28
91.77
92.27
92.76
93.26
93.76
94.25
94.75
95.24
95.74
96.23
96.73
97.23
97.72
98.22
98.71
99.21
99.7
100.2
100.7
101.19
101.69
102.19
102.68
103.18
103.67
104.17
104.66
105.16
105.66
106.16
106.65
107.14
107.64
108.14
108.63
109.13
109.62
110.12
110.61
111.11
111.61
112.1
112.6
113.09
113.59
114.09
114.58
115.08
115.57
116.07
116.56
117.06
117.56
118.05
118.55
119.04
119.54
120.03
120.53
121.03
121.53
122.02
122.52
123.02
123.51
124.01
124.5
125.0
125.5
125.99
126.48
126.98
127.48
127.98
128.47
128.97
129.46
129.96
130.45
130.95
131.45
131.94
132.44
132.93
133.43
133.93
134.42
134.92
135.41
135.91
136.41
136.9
137.39
137.87
138.33
138.8
139.29
139.76
140.29
140.71
141.22
141.7
142.18
142.66
144.12
146.23
