0.04
0.43
0.82
1.21
1.61
2.0
2.39
2.79
3.18
3.58
3.97
4.37
4.77
5.16
5.55
5.95
6.34
6.73
7.13
7.52
7.92
8.31
8.71
9.11
9.5
9.89
10.29
10.68
11.08
11.47
11.87
12.27
12.66
13.05
13.45
13.84
14.23
14.63
15.02
15.42
15.81
16.21
16.6
17.0
17.4
17.79
18.19
18.58
18.98
19.37
19.77
20.16
20.56
20.95
21.35
21.74
22.14
22.53
22.93
23.32
23.71
24.1
24.5
24.91
25.3
25.69
26.09
26.48
26.88
27.27
27.67
28.05
28.44
28.83
29.23
29.63
30.03
30.42
30.81
31.21
31.6
32.0
32.39
32.78
33.18
33.58
33.97
34.37
34.76
35.16
35.55
35.95
36.35
36.74
37.13
37.52
37.92
38.32
38.71
39.1
39.5
39.89
40.29
40.69
41.08
41.47
41.87
42.27
42.67
43.06
43.46
43.85
44.24
44.64
45.04
45.43
45.82
46.21
46.62
47.01
47.4
47.8
48.19
48.59
48.99
49.36
49.77
50.16
50.55
50.94
51.34
51.74
52.14
52.53
52.92
53.32
53.72
54.1
54.5
54.89
55.29
55.68
56.08
56.48
56.87
57.26
57.66
58.05
58.45
58.84
59.24
59.63
60.02
60.42
60.81
61.21
61.61
62.0
62.39
62.79
63.18
63.57
63.97
64.37
64.77
65.16
65.55
65.94
66.34
66.73
67.13
67.52
67.91
68.31
68.71
69.11
69.5
69.89
70.29
70.68
71.08
71.47
71.87
72.27
72.66
73.05
73.45
73.84
74.24
74.63
75.02
75.41
75.81
76.21
76.6
77.0
77.39
77.78
78.19
78.59
78.98
79.37
79.77
80.17
80.56
80.95
81.35
81.74
82.13
82.52
82.92
83.31
83.71
84.1
84.5
84.89
85.28
85.68
86.08
86.47
86.86
87.27
87.67
88.06
88.45
88.85
89.25
89.64
90.03
90.43
90.83
91.22
91.61
92.0
92.4
92.78
93.19
93.59
93.98
94.38
94.77
95.16
95.56
95.96
96.36
96.75
97.14
97.54
97.93
98.32
98.71
99.1
99.49
99.89
100.29
100.68
101.08
101.47
101.87
102.26
102.66
103.05
103.45
103.85
104.24
104.63
105.03
105.42
105.82
106.21
106.61
107.0
107.39
107.79
108.18
108.58
108.97
109.36
109.76
110.15
110.55
110.94
111.34
111.73
112.12
112.52
112.91
113.31
113.7
114.1
114.5
114.89
115.29
115.68
116.08
116.48
116.87
117.26
117.66
118.05
118.45
118.84
119.24
119.63
120.02
120.41
120.81
121.21
121.61
122.0
122.39
122.79
123.18
123.57
123.97
124.37
124.76
125.15
125.55
125.95
126.34
126.73
127.14
127.52
127.92
128.31
128.72
129.1
129.51
129.9
130.3
130.68
131.08
131.47
131.87
132.26
132.66
133.05
133.45
133.84
134.24
134.63
135.03
135.42
135.81
136.21
136.6
137.0
137.39
137.79
138.18
138.58
138.97
139.35
139.72
140.09
140.47
140.85
141.23
141.61
141.99
142.37
142.92
143.51
143.89
144.28
144.67
145.06
145.45
145.84
146.23
146.62
147.0
147.38
147.76
148.44
150.08
150.45
151.05
151.43
