0.05
0.6
1.15
1.68
2.21
2.75
3.28
3.8
4.33
4.86
5.39
5.93
6.46
6.98
7.51
8.05
8.57
9.1
9.64
10.17
10.7
11.23
11.76
12.29
12.82
13.35
13.88
14.41
14.94
15.47
16.0
16.53
17.05
17.59
18.12
18.65
19.18
19.71
20.24
20.77
21.31
21.83
22.36
22.89
23.42
23.95
24.48
25.01
25.54
26.07
26.6
27.12
27.65
28.19
28.72
29.25
29.78
30.31
30.84
31.37
31.9
32.43
32.96
33.49
34.02
34.55
35.08
35.61
36.14
36.67
37.2
37.73
38.26
38.79
39.32
39.85
40.38
40.92
41.44
41.97
42.51
43.04
43.57
44.09
44.62
45.16
45.69
46.22
46.74
47.27
47.81
48.34
48.87
49.4
49.92
50.45
50.98
51.51
52.04
52.58
53.11
53.64
54.17
54.7
55.23
55.76
56.29
56.82
57.35
57.88
58.41
58.94
59.47
60.0
60.53
61.06
61.59
62.12
62.65
63.18
63.72
64.25
64.78
65.31
65.84
66.37
66.9
67.43
67.96
68.49
69.02
69.55
70.08
70.61
71.14
71.67
72.2
72.73
73.26
73.79
74.32
74.85
75.38
75.91
76.44
76.97
77.5
78.03
78.56
79.09
79.62
80.15
80.68
81.21
81.74
82.28
82.81
83.34
83.87
84.4
84.93
85.46
85.99
86.52
87.05
87.58
88.11
88.64
89.17
89.7
90.23
90.76
91.29
91.82
92.35
92.88
93.41
93.95
94.47
95.0
95.53
96.06
96.6
97.12
97.65
98.19
98.72
99.25
99.78
100.31
100.84
101.37
101.89
102.42
102.96
103.49
104.02
104.55
105.08
105.61
106.14
106.67
107.2
107.73
108.26
108.79
109.32
109.85
110.38
110.92
111.45
111.98
112.51
113.04
113.57
114.1
114.63
115.16
115.69
116.22
116.75
117.28
117.81
118.34
118.87
119.4
119.92
120.46
120.99
121.52
122.05
122.58
123.11
123.65
124.17
124.7
125.24
125.76
126.29
126.83
127.36
127.89
128.41
128.94
129.48
130.01
130.54
131.07
131.6
132.13
132.66
133.19
133.72
134.25
134.78
135.31
135.84
136.37
136.9
137.43
137.96
138.49
139.04
139.57
140.1
140.61
141.14
141.67
142.21
142.74
143.27
143.8
144.33
144.86
145.39
145.92
146.45
146.98
147.51
148.04
148.57
149.11
149.63
150.16
150.69
151.22
151.75
152.28
152.81
153.34
153.87
154.4
154.92
155.43
155.94
156.47
156.97
157.49
157.99
158.51
159.03
