0.04
0.53
1.01
1.49
1.97
2.45
2.93
3.42
3.9
4.39
4.87
5.37
5.85
6.34
6.82
7.3
7.79
8.27
8.75
9.24
9.73
10.21
10.69
11.17
11.65
12.13
12.62
13.11
13.6
14.09
14.57
15.05
15.53
16.02
16.5
16.98
17.46
17.95
18.44
18.93
19.41
19.89
20.38
20.87
21.35
21.83
22.31
22.79
23.27
23.76
24.24
24.73
25.21
25.7
26.18
26.67
27.15
27.63
28.11
28.6
29.08
29.56
30.05
30.52
31.01
31.5
31.97
32.46
32.95
33.43
33.92
34.41
34.9
35.39
35.87
36.35
36.83
37.31
37.8
38.28
38.77
39.25
39.73
40.21
40.69
41.18
41.66
42.14
42.62
43.11
43.6
44.07
44.56
45.05
45.53
46.02
46.5
46.98
47.46
47.94
48.43
48.92
49.41
49.9
50.38
50.86
51.35
51.83
52.32
52.8
53.28
53.76
54.25
54.73
55.21
55.7
56.18
56.66
57.15
57.63
58.11
58.59
59.07
59.56
60.05
60.54
61.03
61.51
61.99
62.48
62.95
63.44
63.92
64.41
64.9
65.38
65.87
66.36
66.84
67.32
67.81
68.29
68.77
69.26
69.75
70.23
70.7
71.18
71.66
72.16
72.64
73.12
73.6
74.08
74.56
75.05
75.54
76.02
76.5
76.98
77.46
77.95
78.45
78.96
79.48
79.96
80.44
80.92
81.39
81.87
82.35
82.81
83.29
83.75
84.21
84.65
85.09
85.53
85.97
86.39
86.83
87.28
87.73
88.16
88.6
89.04
89.48
89.91
90.35
90.8
91.25
91.7
92.14
92.58
93.01
93.45
93.89
94.33
94.77
95.21
95.65
96.09
96.53
96.97
97.41
97.85
98.29
98.74
99.18
99.62
100.06
100.5
100.94
101.38
101.82
102.26
102.71
103.15
103.59
104.03
104.47
104.91
105.35
105.8
106.24
106.68
107.12
107.57
108.01
108.45
108.89
109.33
109.77
110.21
110.65
111.09
111.53
111.97
112.42
112.86
113.3
113.74
114.18
114.62
115.06
115.5
115.94
116.39
116.84
117.28
117.71
118.15
118.59
119.03
119.47
119.92
120.36
120.8
121.24
121.68
122.12
122.56
123.0
123.45
123.89
124.32
124.76
125.2
125.65
126.09
126.53
126.97
127.42
127.86
128.3
128.74
129.18
129.62
130.06
130.5
130.94
131.38
131.82
132.26
132.69
133.12
133.56
134.0
134.44
134.89
135.33
135.77
136.21
136.65
137.09
137.53
137.97
138.41
138.86
139.3
139.74
140.18
140.62
141.06
141.5
141.94
142.38
142.83
143.27
143.71
144.15
144.59
145.04
145.48
145.92
146.36
146.8
147.24
147.68
148.12
148.56
149.0
149.44
149.88
150.32
150.76
151.2
151.64
152.09
152.53
152.97
153.42
153.86
154.3
154.74
155.18
155.62
156.07
156.51
156.95
157.39
157.83
158.27
158.71
159.15
159.59
160.03
160.47
160.91
161.35
161.79
162.23
162.68
163.12
163.56
164.0
164.44
164.88
165.33
165.79
166.23
166.67
167.1
167.54
167.98
168.42
168.86
169.3
169.74
170.17
170.61
171.05
171.49
171.93
172.37
172.81
173.25
173.69
174.12
174.56
175.01
175.45
175.89
176.33
176.78
177.21
177.65
178.1
178.54
178.98
179.42
179.85
180.3
180.75
181.19
181.63
182.07
182.51
182.95
183.39
183.84
184.29
184.73
185.17
185.61
186.05
186.49
186.92
187.34
187.77
188.21
188.65
189.09
189.53
189.97
190.41
190.85
191.29
191.74
192.18
192.62
193.06
193.5
193.94
194.38
194.82
195.26
195.7
196.15
196.59
197.03
197.47
197.91
198.35
198.79
199.24
199.68
200.12
200.56
200.99
201.42
201.86
202.3
202.74
203.18
203.62
204.06
204.5
204.94
205.38
205.83
206.27
206.71
207.16
207.6
208.04
208.48
208.93
209.4
209.86
210.33
210.8
211.28
211.78
212.3
212.81
213.32
213.82
214.34
214.86
215.37
215.88
216.4
216.91
217.4
217.89
218.39
218.88
219.37
219.86
220.35
220.84
221.33
221.83
222.32
222.81
223.3
223.79
224.28
224.78
225.27
225.76
226.25
226.74
227.24
227.73
228.22
228.72
229.21
229.7
230.19
230.68
231.17
231.66
232.15
232.64
233.13
233.63
234.12
234.61
235.1
235.6
236.09
236.58
237.07
237.57
238.06
238.55
239.04
239.53
240.02
240.52
241.01
241.5
241.99
242.48
242.97
243.46
243.96
244.45
244.94
245.43
245.93
246.42
246.91
247.4
247.89
248.39
248.88
249.37
249.86
250.35
250.84
251.34
251.83
252.32
252.81
253.3
253.79
254.29
254.78
255.27
255.76
256.25
256.74
257.23
257.73
258.22
258.71
259.2
259.69
260.19
260.68
261.17
261.66
262.16
262.65
263.14
263.63
264.12
264.61
265.11
265.6
266.09
266.58
267.07
267.57
268.06
268.55
269.04
269.53
270.02
270.51
271.01
271.5
271.99
272.48
272.97
273.47
273.96
274.45
274.94
275.44
275.94
276.45
276.96
277.42
277.91
278.39
278.88
279.37
279.86
280.35
280.83
281.32
282.88
