0.04
0.32
0.61
1.19
1.77
2.35
2.93
3.51
4.09
4.68
5.26
5.84
6.42
7.0
7.58
8.17
8.75
9.34
9.92
10.5
11.08
11.66
12.24
12.82
13.4
13.99
14.57
15.15
15.73
16.31
16.89
17.47
18.06
18.64
19.22
19.8
20.38
20.96
21.54
22.12
22.7
23.29
23.87
24.45
25.03
25.62
26.2
26.78
27.36
27.94
28.52
29.1
29.69
30.27
30.85
31.43
32.01
32.59
33.17
33.75
34.34
34.92
35.5
36.08
36.66
37.25
37.83
38.41
38.99
39.57
40.15
40.73
41.31
41.9
42.48
43.06
43.64
44.23
44.81
45.39
45.97
46.55
47.13
47.71
48.3
48.88
49.46
50.04
50.62
51.2
51.78
52.36
52.94
53.53
54.11
54.69
55.27
55.85
56.43
57.01
57.59
58.17
58.76
59.34
59.92
60.5
61.08
61.66
62.24
62.83
63.41
63.99
64.57
65.16
65.74
66.32
66.91
67.49
68.07
68.65
69.23
69.81
70.39
70.97
71.55
72.14
72.72
73.3
73.88
74.47
75.05
75.63
76.21
76.79
77.37
77.95
78.53
79.12
79.7
80.28
80.86
81.44
82.02
82.6
83.18
83.77
84.35
84.93
85.51
86.09
86.67
87.25
87.83
88.41
89.0
89.58
90.16
90.74
91.32
91.9
92.48
93.07
93.65
94.23
94.81
95.39
95.97
96.55
97.14
97.72
98.3
98.88
99.46
100.04
100.63
101.21
101.79
102.4
102.98
103.56
104.14
104.73
105.31
105.89
106.47
107.05
107.63
108.21
108.8
109.38
109.96
110.54
111.12
111.7
112.28
112.86
113.44
114.03
114.61
115.19
115.77
116.35
116.93
117.51
118.09
118.68
119.26
119.84
120.42
121.0
121.58
122.16
122.74
123.33
123.91
124.49
125.07
125.65
126.23
126.81
127.39
127.98
128.56
129.14
129.72
130.3
130.88
131.46
132.04
132.63
133.21
133.79
134.37
134.95
135.53
136.11
136.69
137.28
137.86
138.44
139.02
139.61
140.19
140.77
141.35
141.93
142.51
143.09
143.67
144.26
144.84
145.42
146.0
146.59
147.17
147.75
148.33
148.9
149.48
150.06
150.63
151.18
151.75
152.3
152.87
153.43
