0.03
0.61
1.2
1.79
2.37
2.96
3.54
4.13
4.72
5.3
5.89
6.48
7.06
7.64
8.22
8.8
9.39
9.99
10.55
11.12
11.7
12.28
12.86
13.42
13.98
14.57
15.15
15.74
16.33
16.9
17.48
18.07
18.65
19.22
19.81
20.39
20.97
21.27
21.56
21.85
22.14
22.43
22.73
23.03
23.33
23.63
23.94
24.24
24.54
24.82
25.1
25.38
25.67
25.96
26.26
26.57
26.88
27.19
27.51
27.82
28.14
28.46
28.78
29.09
29.42
29.74
30.05
30.37
30.68
31.0
31.32
31.63
31.94
32.25
32.56
32.87
33.19
33.51
33.82
34.13
34.45
34.76
35.07
35.38
35.69
36.0
36.31
36.63
36.95
37.26
37.57
37.88
38.2
38.51
38.82
39.13
39.43
39.74
40.05
40.36
40.68
41.0
41.31
41.62
41.94
42.25
42.57
42.88
43.19
43.5
43.81
44.13
44.45
44.77
45.09
45.41
45.73
46.05
46.36
46.67
46.98
47.29
47.6
47.92
48.24
48.55
48.86
49.18
49.49
49.81
50.13
50.44
50.76
51.07
51.38
51.7
52.02
52.33
52.65
52.96
53.27
53.58
53.89
54.19
54.5
54.81
55.12
55.43
55.75
56.06
56.38
56.7
57.02
57.34
57.66
57.97
58.28
58.6
58.91
59.23
59.55
59.87
60.18
60.5
60.81
61.12
61.44
61.76
62.07
62.38
62.69
63.01
63.32
63.63
63.94
64.26
64.58
64.89
65.21
65.52
65.83
66.14
66.45
66.77
67.09
67.4
67.71
68.03
68.34
68.65
68.96
69.26
69.57
69.88
70.19
70.51
70.82
71.13
71.44
71.75
72.07
72.39
72.71
73.03
73.34
73.65
73.96
74.27
74.59
74.91
75.23
75.54
75.86
76.18
76.5
76.82
77.13
77.45
77.77
78.09
78.42
78.74
79.06
79.37
79.69
80.01
80.33
80.64
80.95
81.26
81.87
82.49
83.11
83.73
84.35
84.97
85.59
86.21
86.81
87.44
88.05
88.66
89.28
89.89
90.49
90.8
91.11
91.42
91.74
92.06
92.38
92.69
93.08
93.62
94.07
94.4
94.73
95.06
95.39
95.71
96.02
96.34
96.67
96.99
97.32
97.64
97.96
98.29
98.61
98.93
99.25
99.57
99.89
100.21
100.53
100.86
101.19
101.51
101.83
102.15
102.47
102.79
103.12
103.44
103.76
104.08
104.4
104.72
105.04
105.36
105.68
106.0
106.33
106.65
106.98
107.3
107.62
107.94
108.26
108.59
108.9
109.23
109.54
109.86
110.17
110.48
110.79
111.41
112.04
112.35
112.67
112.98
113.29
113.6
113.92
114.24
114.56
114.88
115.19
115.5
115.82
116.13
116.45
116.76
117.07
117.38
117.7
118.01
118.32
118.63
118.94
119.24
119.55
119.86
120.17
120.49
120.8
121.11
121.42
121.72
122.03
122.34
122.65
122.96
123.27
123.59
123.91
124.23
124.54
124.86
125.18
125.5
125.82
126.13
126.44
126.76
127.08
127.41
127.74
128.06
128.38
128.7
129.02
129.34
129.66
129.98
130.3
130.61
130.92
131.24
131.6
131.92
132.24
132.56
132.88
133.2
133.52
133.84
134.15
134.47
134.79
135.1
135.42
135.73
136.04
136.36
136.67
136.98
137.29
137.6
137.9
138.21
138.52
138.83
139.16
139.48
139.8
140.12
140.44
140.74
141.07
141.39
141.7
142.02
142.34
142.66
142.99
143.31
143.63
143.95
144.26
144.57
144.89
145.21
145.53
145.85
146.17
146.49
146.81
147.13
147.45
147.76
148.08
148.4
148.73
149.05
149.36
149.67
149.98
150.29
150.6
150.9
151.2
151.51
151.82
152.12
152.43
152.73
153.03
153.33
153.64
153.95
154.26
154.56
154.87
155.18
155.49
155.8
156.11
156.42
156.73
157.03
157.34
157.65
157.96
158.26
158.56
158.86
159.17
159.49
159.8
160.11
160.41
160.74
161.07
161.39
161.7
162.01
162.32
162.62
162.92
163.22
163.51
163.8
164.09
164.39
164.7
165.01
165.32
165.63
165.94
166.25
166.56
166.87
167.18
167.49
167.8
168.11
168.42
168.74
169.06
169.38
169.69
170.0
170.31
170.62
170.94
171.25
171.56
171.88
172.19
172.5
172.82
173.14
173.45
173.76
174.07
174.39
174.71
175.02
175.33
175.64
175.95
176.26
176.58
176.9
177.2
177.51
177.82
178.13
178.44
178.75
179.06
179.37
179.68
179.99
180.31
180.62
180.93
181.24
181.55
181.86
182.18
182.5
182.81
183.12
183.44
183.75
184.05
184.35
184.66
184.97
185.28
185.59
185.9
186.21
186.51
186.82
187.13
187.44
187.76
188.07
188.38
188.69
189.0
189.31
189.63
189.94
190.24
190.55
190.86
191.17
191.48
191.78
192.09
192.4
192.72
193.03
193.34
193.64
193.94
194.25
194.56
194.88
195.21
195.53
195.85
196.17
196.49
196.8
197.12
197.44
197.76
198.08
198.39
198.71
199.04
199.36
199.69
200.01
200.33
200.65
200.97
201.29
201.6
201.91
202.23
202.55
202.87
203.19
203.51
203.83
204.15
204.47
204.79
205.1
205.41
205.72
206.04
206.36
206.68
207.0
207.32
207.63
207.95
208.26
208.57
208.88
209.19
209.5
209.82
210.14
210.47
210.79
211.1
211.41
211.73
212.04
212.36
212.67
212.99
213.31
213.63
213.95
214.27
214.57
214.9
215.22
215.52
215.84
216.17
216.48
216.8
217.12
217.44
217.76
218.09
218.41
218.73
219.04
219.36
219.67
219.99
220.31
220.62
220.93
221.24
221.56
221.87
222.18
222.48
222.79
223.11
223.42
223.73
224.04
224.36
224.67
224.99
225.3
225.61
225.93
226.24
226.55
226.86
227.17
227.48
227.79
228.11
228.43
228.75
229.06
229.38
229.69
230.0
230.31
230.62
230.93
231.24
231.55
231.86
232.16
232.47
232.77
233.08
233.39
233.69
233.99
234.29
234.58
234.87
235.16
235.43
235.72
236.02
236.32
236.62
236.92
237.21
237.51
237.81
238.11
238.41
238.7
239.0
239.3
239.59
239.89
240.19
240.49
240.79
241.09
241.4
241.71
242.02
242.32
242.62
242.92
243.23
243.53
243.83
244.14
244.44
244.74
245.05
245.35
245.66
245.96
246.26
246.56
246.87
247.17
247.47
247.77
248.07
248.37
248.67
248.97
249.27
249.57
249.87
250.17
250.47
250.77
251.08
251.38
251.68
251.98
252.29
252.59
252.89
253.19
253.49
253.78
254.08
254.38
254.68
254.98
255.28
255.59
255.89
256.2
256.5
256.8
257.09
257.39
257.69
257.99
258.29
258.59
258.89
259.2
259.5
259.79
260.09
260.39
260.69
260.99
261.3
261.6
261.9
262.19
262.48
262.77
263.07
263.37
263.66
263.96
264.26
264.55
264.84
265.14
265.44
265.74
266.04
266.33
266.62
266.91
267.21
267.5
267.74
268.04
269.64
