0.23
0.57
0.91
1.24
1.59
1.93
2.26
2.61
2.96
3.29
3.64
3.99
4.34
4.68
5.02
5.37
5.71
6.06
6.4
6.73
7.08
7.44
8.13
8.82
9.51
10.2
10.9
11.59
11.94
12.28
12.62
12.96
13.31
13.66
14.01
14.35
14.69
15.03
15.37
15.71
16.06
16.41
16.75
17.1
17.45
17.79
18.13
18.48
18.99
19.34
19.68
20.03
20.38
20.72
21.07
21.42
21.76
22.11
22.45
22.8
23.14
23.48
23.81
24.18
24.53
24.87
25.21
25.55
25.9
26.25
26.59
26.93
27.27
27.62
27.95
28.3
28.65
28.99
29.33
29.67
30.02
30.36
30.71
31.05
31.4
31.74
32.09
32.44
32.78
33.12
33.47
33.81
34.16
34.5
34.85
35.19
35.54
35.88
36.22
36.57
36.91
37.26
37.6
37.94
38.27
38.59
38.94
39.26
39.61
39.93
40.26
40.59
40.93
41.26
41.6
41.93
42.26
42.6
42.93
43.26
43.6
43.93
44.26
44.6
44.93
45.26
45.59
45.93
46.26
46.59
46.93
47.26
47.59
47.93
48.26
48.59
48.93
49.26
49.6
49.93
50.26
50.6
50.93
51.26
51.6
51.93
52.26
52.59
52.93
53.26
53.59
53.93
54.26
54.59
54.93
55.26
55.59
55.93
56.26
56.59
56.93
57.26
57.6
57.93
58.26
58.59
58.93
59.26
59.59
59.92
60.26
60.59
60.92
61.26
61.59
61.93
62.26
62.61
63.26
63.59
63.93
64.26
64.59
64.93
65.26
65.59
65.93
66.26
66.59
66.93
67.26
67.59
67.93
68.27
68.6
68.93
69.26
69.59
69.93
70.26
70.59
70.92
71.26
71.6
71.93
72.26
72.6
72.93
73.26
73.58
73.91
74.25
74.58
74.92
75.26
75.6
75.93
76.26
76.59
76.93
77.26
77.58
77.91
78.25
78.58
78.93
79.25
79.61
79.95
80.28
80.62
80.96
81.29
81.61
81.94
82.27
82.6
82.94
83.61
84.28
84.95
85.61
86.29
86.97
87.66
88.35
89.05
89.74
90.43
91.12
91.81
92.5
93.19
93.88
94.57
95.26
95.94
96.63
97.32
98.02
98.7
99.39
100.08
100.77
101.46
102.15
102.83
103.49
104.16
104.83
105.5
106.16
106.83
107.5
108.16
108.83
109.5
110.16
110.83
111.49
112.16
112.83
113.5
114.16
114.83
115.5
116.17
116.83
117.5
118.15
118.81
119.49
120.16
120.83
121.49
122.16
122.81
123.49
124.15
124.83
125.49
126.16
126.82
127.49
128.16
128.83
129.49
130.17
130.83
131.49
132.16
132.83
133.5
134.17
134.83
135.51
136.2
136.88
137.57
138.26
138.96
139.65
140.33
141.03
141.72
142.4
143.1
143.78
144.47
145.16
145.85
146.54
147.24
147.92
148.61
149.3
149.99
150.68
151.37
152.06
152.75
153.44
154.13
154.82
155.51
156.2
156.89
157.58
158.27
158.95
159.64
160.33
161.03
161.72
162.41
163.09
163.78
164.48
165.16
165.84
166.53
167.22
167.92
168.61
169.3
169.99
170.68
171.37
172.06
172.75
173.44
174.13
174.82
175.51
176.19
176.88
177.57
178.26
178.96
179.64
180.33
181.02
181.71
182.39
183.09
183.78
184.47
185.16
185.85
186.54
187.23
187.92
188.61
189.3
189.99
190.68
191.37
192.06
192.75
193.44
194.13
194.82
195.51
196.2
196.89
197.58
198.28
198.98
199.66
200.34
201.03
201.71
202.4
203.1
203.79
204.47
205.17
205.86
206.54
207.23
207.92
208.61
209.31
210.0
210.68
211.38
212.06
212.75
213.45
214.13
214.82
215.51
216.2
216.89
217.58
218.27
218.96
219.65
220.34
221.03
221.72
222.41
223.1
223.78
224.47
225.16
225.85
226.54
227.23
227.93
228.62
229.3
229.99
230.68
231.37
232.06
232.75
233.44
234.13
234.82
235.51
236.2
236.89
237.58
238.27
238.95
239.64
240.32
241.03
241.72
242.41
243.1
243.78
244.47
245.16
245.83
246.55
247.22
247.92
248.6
248.94
249.3
249.63
249.99
250.32
250.67
251.01
251.35
251.69
252.03
252.38
