0.03
0.77
1.12
1.47
1.82
2.18
2.53
2.89
3.25
3.61
3.97
4.3
4.64
4.97
5.31
5.64
5.97
6.3
6.62
6.95
7.28
7.62
7.97
8.3
8.63
8.96
9.3
9.64
9.98
10.31
10.65
10.98
11.31
11.65
11.99
12.33
12.67
13.01
13.35
13.68
14.01
14.35
14.69
15.03
15.36
15.69
16.03
16.37
16.71
17.05
17.39
17.73
18.06
18.39
18.72
19.05
19.39
19.73
20.07
20.42
20.77
21.11
21.45
21.79
22.13
22.47
22.81
23.15
23.49
23.83
24.17
24.51
24.85
25.19
25.52
25.87
26.21
26.55
26.88
27.22
27.56
27.9
28.24
28.58
28.92
29.26
29.59
29.92
30.25
30.58
30.91
31.25
31.58
31.91
32.24
32.58
32.91
33.25
33.58
33.92
34.25
34.58
34.92
35.25
35.58
35.92
36.26
36.59
36.93
37.27
37.6
37.91
38.25
38.59
38.92
39.26
39.59
39.93
40.27
40.6
40.95
41.28
41.62
41.96
42.3
42.64
42.98
43.31
43.64
43.98
44.32
44.65
44.99
45.32
45.66
45.99
46.32
46.66
47.0
47.33
47.66
48.0
48.33
48.67
49.01
49.35
49.69
50.03
50.37
50.71
51.05
51.39
51.73
52.07
52.41
52.75
53.09
53.42
53.76
54.09
54.42
54.75
55.08
55.42
55.75
56.09
56.42
56.76
57.09
57.43
57.76
58.1
58.44
58.78
59.12
59.45
59.78
60.12
60.45
60.79
61.12
61.45
61.77
62.11
62.42
62.76
63.1
63.44
63.77
64.11
64.44
64.79
65.12
65.45
65.79
66.13
66.47
66.81
67.15
67.49
67.82
68.15
68.49
68.83
69.17
69.5
69.83
70.17
70.5
70.83
71.17
71.51
71.84
72.18
72.51
72.84
73.18
73.51
73.84
74.18
74.52
74.86
75.2
75.54
75.88
76.22
76.56
76.9
77.24
77.57
77.9
78.24
78.56
78.9
79.24
79.57
79.9
80.24
80.57
80.91
81.24
81.58
81.92
82.26
82.59
82.92
83.25
83.59
83.93
84.26
84.6
84.93
85.26
85.6
85.93
86.26
86.6
86.93
87.27
87.61
87.94
88.27
88.6
88.93
89.26
89.59
89.92
90.25
90.58
90.91
91.24
91.57
91.9
92.22
92.55
92.88
93.21
93.53
93.86
94.19
94.53
94.86
95.19
95.53
95.87
96.2
96.53
96.86
97.19
97.53
97.86
98.2
98.54
98.87
99.2
99.53
99.86
100.2
100.54
100.87
101.21
101.54
101.87
102.2
102.53
102.86
103.22
103.53
103.88
104.19
104.52
104.85
105.18
105.52
105.85
106.19
106.53
106.9
107.22
107.56
107.9
108.24
108.58
108.92
109.26
109.6
109.94
110.28
110.61
110.94
111.28
111.62
111.97
112.31
112.65
112.99
113.32
113.66
113.99
114.32
114.66
115.0
115.34
115.68
116.01
116.33
116.66
117.0
117.33
117.67
118.0
118.33
118.66
119.0
119.33
119.66
119.99
120.33
120.66
121.0
121.33
121.66
122.0
122.34
122.67
123.0
123.34
123.68
124.01
124.34
124.67
125.01
125.34
125.68
126.01
126.35
126.68
127.01
127.34
127.68
128.01
128.52
128.86
129.19
129.52
129.86
130.2
130.54
130.88
131.22
131.73
132.22
132.73
133.07
133.41
133.75
134.25
134.75
135.26
135.6
136.11
136.6
136.93
137.43
137.93
138.44
138.78
139.12
139.46
139.79
140.12
140.46
140.8
141.29
141.8
142.3
142.79
143.28
143.85
144.2
144.54
144.89
145.23
145.57
145.92
146.27
146.61
146.95
147.29
147.63
147.97
148.31
148.65
148.97
149.31
149.65
149.98
150.31
150.64
150.97
151.31
151.65
151.99
152.33
152.67
153.01
153.34
153.68
154.01
154.35
154.69
155.02
155.35
155.68
156.01
156.35
156.68
157.01
157.35
157.69
158.02
158.35
158.69
159.02
159.35
159.68
160.01
160.34
160.67
161.01
161.34
161.67
162.0
162.34
162.68
163.01
163.34
163.67
164.0
164.33
164.66
164.99
165.33
165.66
165.99
166.32
166.65
166.98
167.31
167.64
167.98
168.31
168.65
168.98
169.32
169.65
169.98
170.32
170.65
170.99
171.32
171.65
171.98
172.31
172.65
172.98
173.31
173.64
173.98
174.31
174.65
174.98
175.31
175.64
175.98
176.31
176.64
176.98
177.31
177.64
177.98
178.32
178.65
178.99
179.32
179.66
179.99
180.33
180.66
181.0
181.33
181.66
182.0
182.34
182.67
183.0
183.34
183.67
184.0
184.33
184.67
185.0
185.33
185.66
185.99
186.32
186.66
186.99
187.32
187.65
187.98
188.3
188.62
188.95
189.28
189.61
189.94
190.26
190.58
190.9
191.22
191.54
191.86
192.18
192.5
192.83
193.15
