0.04
0.36
0.68
1.0
1.32
1.63
1.94
2.25
2.57
2.88
3.2
3.51
3.83
4.14
4.46
4.77
5.09
5.41
5.73
6.04
6.36
6.67
6.99
7.3
7.62
7.93
8.25
8.56
8.88
9.2
9.52
9.83
10.15
10.46
10.77
11.09
11.41
11.72
12.04
12.35
12.98
13.62
14.24
14.88
15.2
15.51
15.82
16.14
16.46
16.78
17.09
17.41
17.73
18.04
18.36
18.67
18.99
19.3
19.61
19.93
20.25
20.56
20.87
21.19
21.51
21.83
22.14
22.46
22.78
23.09
23.4
23.72
24.04
24.36
24.67
24.98
25.3
25.61
25.93
26.25
26.57
26.88
27.2
27.51
27.83
28.14
28.46
28.77
29.09
29.41
29.72
30.04
30.36
30.67
30.98
31.3
31.62
31.93
32.25
32.57
32.89
33.2
33.51
33.83
34.15
34.46
34.78
35.09
35.41
35.72
36.04
36.35
36.67
36.99
37.3
37.62
37.94
38.25
38.56
38.88
39.2
39.51
39.82
40.14
40.46
40.78
41.09
41.4
41.72
42.04
42.35
42.67
42.99
43.3
43.62
43.93
44.25
44.57
44.88
45.2
45.52
45.83
46.15
46.46
46.78
47.09
47.41
47.72
48.04
48.35
48.67
48.98
49.3
49.62
49.93
50.25
50.57
50.88
51.19
51.51
51.83
52.14
52.46
52.78
53.1
53.41
53.72
54.04
54.36
54.67
54.98
55.3
55.62
55.93
56.25
56.56
56.88
57.2
57.51
57.83
58.14
58.45
58.77
59.09
59.41
59.72
60.04
60.36
60.67
60.98
61.29
61.61
61.93
62.25
62.57
62.89
63.2
63.51
63.83
64.14
64.46
64.78
65.1
65.41
65.73
66.04
66.35
66.65
66.97
67.3
67.62
67.93
68.25
68.56
68.88
69.2
69.52
69.83
70.15
70.46
70.78
71.09
71.4
71.72
72.04
72.35
72.67
72.99
73.31
73.62
73.93
74.25
74.57
74.88
75.19
75.51
75.83
76.14
76.45
76.77
77.09
77.41
77.72
78.04
78.36
78.67
78.99
79.3
79.62
79.93
80.25
80.56
80.88
81.2
81.52
81.83
82.15
82.46
82.77
83.09
83.41
83.72
84.03
84.35
84.67
84.99
85.3
85.62
85.94
86.25
86.56
86.88
87.2
87.51
87.82
88.14
88.46
88.77
89.09
89.41
89.73
90.04
90.35
90.67
90.99
91.3
91.62
91.93
92.25
92.56
92.88
93.18
93.52
93.83
94.14
94.46
94.78
95.09
95.4
95.72
96.04
96.35
96.66
96.97
97.3
97.62
97.93
98.25
98.57
98.88
99.19
99.51
99.83
100.14
100.46
100.76
101.09
101.41
101.7
102.02
102.34
102.65
102.97
103.29
103.6
103.92
104.23
104.56
104.88
105.2
105.52
105.81
106.13
106.46
106.76
107.09
107.41
107.72
108.03
108.34
108.66
108.97
109.28
109.62
109.93
110.25
110.56
110.88
111.2
111.51
111.83
112.14
112.46
112.78
113.1
113.41
113.73
114.04
114.36
114.67
114.99
115.28
115.62
115.92
116.25
116.55
116.86
117.18
117.5
117.81
118.12
118.44
118.76
119.09
119.41
119.72
120.04
120.35
120.67
120.99
121.31
121.62
121.94
122.25
122.57
122.88
123.19
123.51
123.83
124.14
124.46
124.77
125.09
125.41
125.72
126.04
126.36
126.67
126.98
127.3
127.62
127.93
128.25
128.56
128.88
129.19
129.51
129.83
130.15
130.46
130.77
131.09
131.41
131.72
132.04
132.35
132.67
132.99
133.3
133.62
133.94
134.25
134.56
134.88
135.2
135.51
135.82
136.14
136.46
136.78
137.09
137.41
137.73
138.04
138.35
138.67
138.99
139.3
139.62
139.93
140.25
140.57
140.88
141.2
141.51
141.83
142.15
142.46
142.78
143.09
143.4
143.72
144.04
144.35
144.67
144.98
145.3
145.62
145.93
146.25
146.57
146.88
147.19
147.51
147.83
148.14
148.45
148.77
149.09
149.41
149.73
150.04
150.36
150.67
150.98
151.3
151.62
151.93
152.25
152.56
152.88
153.2
153.51
153.83
154.15
154.46
154.77
155.09
155.41
155.72
156.04
156.35
156.67
156.99
157.3
157.62
157.94
158.25
158.57
158.88
159.2
159.52
159.84
160.15
160.47
160.79
161.11
161.43
161.75
162.07
162.39
162.7
163.02
163.33
163.64
163.96
