0.04
0.55
1.05
1.55
2.06
2.56
3.06
3.56
4.07
4.57
5.07
5.57
6.08
6.59
7.09
7.59
8.08
8.59
9.09
9.58
10.08
10.59
11.09
11.59
12.1
12.6
13.09
13.59
14.09
14.59
15.09
15.58
16.08
16.58
17.08
17.58
18.09
18.58
19.08
19.57
20.07
20.58
21.08
21.58
22.08
22.57
23.07
23.57
24.06
24.56
25.06
25.57
26.07
26.57
27.06
27.56
28.07
28.57
29.06
29.57
30.07
30.56
31.06
31.56
32.05
32.55
33.05
33.55
34.05
34.55
35.05
35.55
36.05
36.54
37.01
37.47
37.93
38.45
39.0
39.29
39.75
40.21
40.66
41.17
41.6
42.04
42.49
42.94
43.39
44.07
44.52
44.98
45.43
45.89
46.34
46.81
47.27
47.73
48.19
48.65
49.11
49.57
50.02
50.47
50.93
51.39
51.84
52.29
52.76
53.2
53.54
53.88
54.22
54.57
54.91
55.26
55.6
55.95
56.29
56.63
56.97
57.32
57.66
58.0
58.34
58.68
59.03
59.37
59.71
60.06
60.4
60.74
61.08
61.43
61.77
62.12
62.46
62.8
63.14
63.49
63.83
64.17
64.52
64.86
65.2
65.55
65.89
66.23
66.57
66.92
67.26
67.6
67.94
68.28
68.63
68.97
69.32
69.66
70.0
70.34
70.68
71.03
71.37
71.72
72.06
72.4
72.74
73.08
73.43
73.77
74.11
74.46
74.8
75.15
75.49
75.83
76.17
76.51
76.85
77.2
77.54
77.88
78.23
78.57
78.91
79.25
79.6
79.94
80.28
80.62
80.97
81.31
81.65
82.0
82.34
82.68
83.03
83.37
83.71
84.05
84.4
84.74
85.09
85.43
85.77
86.11
86.46
86.8
87.14
87.49
87.83
88.17
88.51
88.86
89.2
89.54
89.89
90.23
90.57
90.92
91.26
91.6
91.94
92.28
92.63
92.97
93.31
93.66
94.0
94.34
94.69
95.03
95.37
95.71
96.05
96.4
96.74
97.08
97.43
97.77
98.11
98.45
98.8
99.14
99.49
99.83
100.17
100.51
100.86
101.2
101.55
101.89
102.23
102.57
102.91
103.25
103.6
103.94
104.29
104.63
104.97
105.31
105.66
106.0
106.34
106.69
107.03
107.37
107.72
108.06
108.4
108.74
109.09
109.43
109.77
110.12
110.46
110.8
111.14
111.49
111.83
112.17
112.51
112.86
113.2
113.54
113.88
114.23
114.57
114.92
115.26
115.6
115.94
116.29
116.63
116.97
117.31
117.65
118.0
118.34
118.68
119.02
119.37
119.71
120.06
120.4
120.75
121.09
121.43
121.78
122.12
122.46
122.8
123.14
123.49
123.83
124.17
124.52
124.86
125.2
125.55
125.89
126.23
126.57
126.92
127.26
127.6
127.95
128.29
128.63
128.97
129.32
129.66
130.0
130.34
130.69
131.03
131.37
131.71
132.05
132.4
132.74
133.08
133.42
133.75
134.09
134.44
134.79
135.13
135.47
135.81
136.15
136.49
136.83
137.18
137.53
137.88
138.23
138.57
138.91
139.25
139.6
139.94
140.29
140.63
140.97
141.31
141.66
142.0
142.34
142.68
143.02
143.37
143.72
144.06
144.4
144.74
145.08
145.43
145.77
146.11
146.45
146.8
147.14
147.48
147.83
148.17
148.52
148.86
149.2
149.54
149.89
150.23
150.57
150.92
151.26
151.6
151.94
152.29
152.63
152.97
153.31
153.66
154.0
154.34
154.68
155.03
155.37
155.71
156.06
156.4
156.74
157.09
157.43
157.77
158.11
158.46
158.8
159.14
159.49
159.83
160.17
160.51
160.85
161.2
161.54
161.88
162.23
162.57
162.92
163.26
163.6
163.94
164.29
164.63
164.97
165.31
165.66
166.0
166.35
166.69
167.03
167.37
167.71
168.06
168.4
168.74
169.09
169.43
169.77
170.11
170.46
170.8
171.14
171.49
171.83
172.17
172.51
172.86
173.2
173.54
173.89
174.23
174.57
174.91
175.26
175.6
175.94
176.29
176.63
176.97
177.31
177.66
178.0
178.34
178.69
179.03
179.37
179.71
180.05
180.4
180.75
181.09
181.43
181.77
182.11
182.46
182.8
183.14
183.48
183.83
184.17
184.52
184.86
185.2
185.55
185.89
186.23
186.57
186.92
187.26
187.6
187.94
188.29
188.63
188.97
189.31
189.66
190.0
190.34
190.69
191.03
191.37
191.72
192.06
192.4
192.74
193.08
193.43
193.77
194.12
194.46
194.8
195.14
195.48
195.82
196.17
196.51
196.86
197.2
197.54
197.89
198.23
198.57
198.91
199.26
199.6
199.94
200.29
200.63
200.97
201.32
201.66
202.0
202.34
202.69
203.03
203.37
203.71
204.06
204.4
204.76
205.11
205.45
205.79
206.13
206.49
206.85
207.21
207.57
207.9
208.39
208.79
209.19
209.59
209.98
210.37
210.76
211.14
211.54
211.92
212.31
212.7
213.09
213.48
213.87
214.26
214.64
215.03
215.42
215.81
216.2
216.58
216.97
217.36
217.74
218.13
218.52
218.91
219.3
219.68
220.07
220.46
220.85
221.23
221.61
222.0
222.39
222.78
223.16
223.55
223.94
224.32
224.71
225.1
225.49
225.88
226.26
226.65
227.03
227.42
227.81
228.2
228.58
228.97
229.36
229.73
230.12
230.7
231.09
231.48
231.87
232.26
232.65
233.03
233.42
233.81
234.19
234.58
234.97
235.35
235.74
236.13
236.52
236.9
237.29
237.68
238.06
238.45
238.84
239.22
239.61
240.0
240.39
240.78
241.16
241.55
241.94
242.32
242.71
243.1
243.49
243.88
244.26
244.65
245.04
245.42
245.81
246.2
246.58
246.97
247.36
247.74
248.12
248.51
248.89
249.28
249.66
250.04
250.43
250.83
251.2
251.56
251.91
252.26
252.57
252.92
253.26
253.6
253.95
254.29
254.63
254.97
255.31
255.65
256.0
256.34
256.68
257.01
257.36
257.7
258.04
258.38
258.73
259.07
259.41
259.75
260.1
260.44
260.78
261.13
261.47
261.81
262.15
262.5
262.84
263.18
263.53
263.87
264.21
264.55
264.9
265.24
265.59
265.93
266.27
266.61
266.96
267.3
267.64
267.99
268.33
268.67
269.01
269.36
269.7
270.04
270.38
270.72
271.07
271.41
271.76
272.1
272.44
272.78
273.13
273.47
273.81
274.16
274.5
274.84
275.18
275.52
275.87
276.21
276.56
276.9
277.24
277.58
277.93
278.27
278.61
278.96
279.3
279.64
279.98
280.33
280.67
281.01
281.36
281.7
282.04
282.39
282.73
283.07
283.41
283.76
284.1
284.44
284.78
285.13
285.47
285.81
286.16
286.5
286.84
287.19
287.53
287.87
288.21
288.56
288.9
289.24
289.58
289.93
290.27
290.61
290.96
291.3
291.64
291.98
292.32
292.66
293.01
293.35
293.69
294.03
294.38
294.73
295.07
295.41
295.76
296.1
296.44
296.78
297.13
297.47
297.81
298.16
298.5
298.84
299.19
299.53
299.87
300.21
300.55
300.9
301.24
301.59
301.93
302.27
302.61
302.96
303.3
303.64
303.99
304.33
304.67
305.01
305.36
305.7
306.04
306.38
306.73
307.07
307.41
307.76
308.1
308.44
308.78
309.13
309.47
309.81
310.16
310.5
310.85
311.19
311.53
311.87
312.21
312.55
312.9
313.24
313.58
313.92
314.27
314.61
314.96
315.3
315.64
315.99
316.33
316.68
317.02
317.36
317.7
318.04
318.39
318.73
319.07
319.42
319.76
320.1
320.44
320.79
321.13
321.47
321.82
322.16
322.5
322.84
323.18
323.53
323.87
324.21
324.56
324.9
325.24
325.59
325.93
326.27
326.61
326.96
327.3
327.65
327.99
328.33
328.67
329.02
329.36
329.71
330.05
330.39
330.73
331.07
331.42
331.76
332.1
332.44
332.78
333.13
333.47
333.81
334.16
334.5
334.84
335.18
335.53
335.87
336.21
336.56
336.9
337.24
337.59
337.93
338.27
338.62
338.96
339.3
339.64
339.99
340.33
340.67
341.02
341.36
341.7
342.04
342.38
342.73
343.07
343.41
343.76
344.1
344.44
344.78
345.13
345.47
345.81
346.16
346.5
346.84
347.19
347.53
347.87
348.21
348.56
348.9
349.24
349.59
349.93
350.27
350.61
350.96
351.3
351.64
351.98
352.33
352.67
353.01
353.36
353.7
354.04
354.39
354.73
355.07
355.41
355.76
356.1
356.44
356.79
357.13
357.47
357.82
358.16
358.5
358.84
359.18
359.53
359.86
360.2
360.53
360.87
361.21
361.55
361.9
362.24
