0.04
0.72
1.42
2.1
2.8
3.49
4.18
4.87
5.56
6.26
6.94
7.63
8.32
9.03
9.72
10.41
11.08
11.76
12.44
13.13
13.81
14.49
15.17
15.85
16.51
17.19
17.86
18.54
19.21
19.89
20.56
21.24
21.91
22.58
23.25
23.91
24.58
25.27
25.93
26.62
27.29
27.96
28.63
29.32
29.99
30.67
31.34
32.01
32.69
33.36
34.02
34.69
35.36
36.02
36.68
37.34
37.99
38.68
39.35
40.03
40.69
41.37
42.04
42.71
43.38
44.07
44.74
45.41
46.08
46.75
47.42
48.1
48.76
49.44
50.1
50.8
51.48
52.17
52.83
53.5
54.18
54.87
55.55
56.21
56.87
57.53
58.2
58.87
59.56
60.26
60.93
61.62
62.29
62.95
63.62
64.28
64.96
65.64
66.32
67.01
67.67
68.35
69.02
69.68
70.37
71.04
71.73
72.42
73.1
73.8
74.5
75.18
75.85
76.53
77.2
77.86
78.51
79.17
79.84
80.51
81.2
81.87
82.55
83.22
83.89
84.57
85.24
85.92
86.6
87.27
87.94
88.62
89.28
89.95
90.62
91.27
91.94
92.62
93.29
93.96
94.63
95.3
95.97
96.64
97.31
97.97
98.63
99.3
99.96
100.64
101.29
101.96
102.61
103.28
103.96
104.65
105.3
105.97
106.64
107.31
107.98
108.65
109.32
110.0
110.66
111.32
111.98
112.64
113.27
113.92
114.57
115.27
115.97
116.63
117.29
117.96
118.62
119.29
119.95
120.63
121.27
121.93
122.58
123.24
123.87
124.53
125.2
125.85
126.54
127.22
127.89
128.56
129.22
129.88
130.56
131.23
131.9
132.57
133.25
133.91
134.57
135.23
135.88
136.54
137.22
137.9
138.56
139.23
139.91
140.57
141.23
141.89
142.55
143.2
143.53
143.86
144.19
144.52
144.85
145.18
145.51
145.84
146.17
146.5
146.84
147.17
147.5
147.83
148.16
148.5
148.84
149.18
149.51
149.84
150.18
150.51
150.85
151.18
151.51
151.84
152.16
152.49
152.82
153.15
153.49
153.83
154.16
154.5
154.83
155.17
155.5
155.83
156.16
156.49
156.82
157.15
157.48
157.81
158.14
158.47
158.8
159.14
159.47
159.81
160.14
160.47
160.8
161.13
161.47
161.8
162.14
162.48
163.15
163.8
164.47
165.14
165.81
166.48
167.15
167.82
168.48
169.15
169.82
170.49
171.17
171.85
172.51
173.18
173.85
174.52
175.2
175.86
176.53
177.19
177.86
178.53
179.19
179.85
180.5
180.83
181.16
181.49
181.83
182.16
182.49
182.82
183.15
183.48
183.81
184.49
185.15
185.83
186.49
187.17
187.85
188.52
189.19
189.85
190.52
191.2
191.86
192.54
193.22
193.89
194.56
195.23
195.91
196.59
197.26
197.92
198.6
199.26
199.93
200.58
201.24
201.91
202.58
203.25
203.93
204.61
205.28
205.95
206.63
207.3
207.97
208.63
209.29
209.95
210.62
211.29
211.96
212.61
213.27
213.95
214.61
215.28
215.95
216.61
217.28
217.94
218.61
219.29
219.96
220.62
221.28
221.94
222.61
223.27
223.95
224.61
225.27
225.92
226.58
227.25
227.92
228.58
229.24
229.9
230.56
231.21
231.86
232.53
233.22
233.89
234.56
235.23
235.9
236.55
237.19
237.85
238.52
239.18
239.84
240.5
241.17
241.82
242.48
243.15
243.83
244.51
245.18
245.85
246.53
247.22
247.91
248.59
249.25
249.94
250.62
251.3
251.97
252.65
252.98
253.3
253.63
254.13
254.46
254.79
255.12
255.46
255.8
256.13
256.45
256.77
257.1
257.42
257.74
258.07
258.4
258.72
259.05
259.4
259.75
260.09
260.42
260.75
261.09
261.43
261.76
262.09
262.42
262.75
263.08
263.41
263.75
264.09
264.42
264.75
265.08
265.41
265.73
266.05
266.38
266.7
267.02
267.34
267.67
268.0
268.34
268.66
268.99
269.33
269.67
270.0
270.33
270.66
270.99
271.83
272.48
273.14
273.79
274.44
275.1
275.76
276.42
277.08
277.73
278.37
279.02
279.68
280.33
280.98
281.64
282.29
282.94
283.6
284.25
284.9
285.56
286.21
286.86
287.49
288.15
288.8
289.46
290.1
290.75
291.4
292.05
292.68
293.34
293.99
294.65
295.3
295.95
296.6
297.25
297.89
298.54
299.19
299.84
300.48
301.14
301.79
302.44
303.09
303.73
304.38
305.04
305.69
306.34
306.99
307.64
308.3
308.95
309.6
310.27
310.93
311.59
312.24
312.9
313.56
314.21
314.86
315.53
316.18
316.83
317.48
318.14
318.8
319.45
320.1
320.75
321.39
322.02
322.67
323.32
323.95
324.59
325.24
325.88
326.52
327.16
327.8
328.43
329.07
329.71
330.36
331.0
331.65
332.3
332.94
333.59
334.24
334.88
335.52
336.16
336.81
337.45
338.09
338.74
339.36
339.99
340.63
341.27
341.91
342.55
343.19
343.83
344.47
345.1
345.75
346.4
347.05
347.68
348.32
348.95
349.59
350.23
350.86
351.5
352.15
352.78
353.42
354.06
354.7
355.33
355.96
356.6
357.23
357.85
358.47
359.09
359.71
360.34
360.97
361.61
362.25
362.88
363.5
364.14
364.79
365.42
366.06
366.7
367.35
367.99
368.6
369.22
369.85
370.5
371.15
371.8
372.44
373.08
373.71
374.34
374.98
375.61
376.25
376.89
377.52
378.16
378.8
379.43
380.07
380.68
381.32
381.95
382.6
383.24
383.87
384.51
385.15
385.79
386.42
387.05
387.69
388.32
388.94
389.58
390.21
390.85
391.49
392.14
392.78
393.42
394.05
394.69
395.33
395.98
396.6
397.24
397.87
398.51
399.14
399.77
400.38
400.98
401.63
402.29
402.91
403.53
404.16
404.78
405.41
406.03
406.66
407.28
407.91
408.53
409.15
409.78
410.42
411.06
411.69
412.33
412.97
413.61
414.25
414.89
415.52
416.16
416.8
417.43
418.07
418.72
419.36
420.0
420.64
421.28
421.92
422.56
423.19
423.83
424.47
425.1
425.74
426.38
427.02
427.66
428.3
428.94
429.57
430.21
430.83
431.45
432.08
432.71
433.34
433.98
434.61
435.22
