0.07
0.68
1.3
1.92
2.53
3.15
3.77
4.38
5.0
5.62
6.24
6.86
7.48
8.1
8.72
9.34
9.96
10.58
11.19
11.81
12.43
13.05
13.67
14.29
14.91
15.52
16.14
16.76
17.38
18.0
18.62
19.24
19.85
20.47
21.1
21.71
22.32
22.93
23.55
24.17
24.8
25.42
26.04
26.66
27.28
27.89
28.51
29.13
29.75
30.37
30.99
31.61
32.22
32.84
33.46
34.07
34.69
35.31
35.93
36.55
37.17
37.79
38.4
39.03
39.65
40.27
40.88
41.5
42.11
42.73
43.35
43.97
44.59
45.25
45.87
46.47
47.07
47.69
48.32
48.93
49.54
50.16
50.78
51.4
52.02
52.64
53.27
53.88
54.49
55.11
55.73
56.35
56.97
57.58
58.2
58.82
59.44
60.06
60.68
61.3
61.91
62.52
63.14
63.76
64.38
65.0
65.62
66.24
66.86
67.48
68.1
68.72
69.34
69.96
70.58
71.2
71.81
72.43
73.06
73.67
74.28
74.9
75.52
76.14
76.75
77.38
78.0
78.61
79.23
79.85
80.47
81.09
81.71
82.32
82.94
83.56
84.18
84.8
85.43
86.05
86.67
87.28
87.92
88.52
89.14
89.75
90.38
90.99
91.61
92.23
92.86
93.47
94.09
94.7
95.32
95.94
96.56
97.18
97.81
98.42
99.04
99.65
100.27
100.89
101.51
102.12
102.73
103.35
103.98
104.6
105.22
105.84
106.46
107.07
107.7
108.32
108.93
109.55
110.17
110.79
111.4
112.02
112.64
113.26
113.88
114.5
115.12
115.74
116.36
116.97
117.59
118.21
118.83
119.45
120.06
120.68
121.29
121.91
122.53
123.15
123.77
124.39
125.01
125.63
126.25
126.87
127.49
128.1
128.72
129.34
129.96
130.58
131.2
131.82
132.43
133.05
133.67
134.29
134.91
135.53
136.14
136.76
137.39
138.0
138.61
139.23
139.85
140.47
141.08
141.7
142.32
142.94
143.57
144.19
144.8
145.42
146.04
146.66
147.28
147.9
148.52
149.14
149.75
150.37
150.99
151.61
152.23
152.85
153.46
154.05
154.66
155.28
155.89
156.51
157.13
157.73
159.05
160.27
