0.06
0.39
0.71
1.04
1.36
1.68
2.01
2.33
2.66
2.99
3.31
3.64
3.97
4.3
4.63
4.96
5.29
5.61
5.94
6.26
6.59
6.92
7.25
7.58
7.9
8.23
8.56
8.89
9.22
9.54
9.87
10.2
10.53
10.85
11.18
11.51
11.84
12.16
12.49
12.82
13.15
13.48
13.81
14.14
14.46
14.79
15.12
15.44
15.77
16.1
16.42
16.75
17.08
17.41
17.74
18.07
18.72
19.38
20.03
20.69
21.34
22.01
22.66
23.32
23.98
24.63
25.28
25.61
25.94
26.27
26.59
26.92
27.25
27.58
27.9
28.23
28.56
28.89
29.22
29.54
29.87
30.2
30.53
30.86
31.19
31.51
31.84
32.16
32.49
32.82
33.15
33.47
33.8
34.13
34.46
34.79
35.12
35.45
35.77
36.1
36.43
36.76
37.09
37.41
37.73
38.06
38.39
38.72
39.05
39.38
39.7
40.03
40.36
40.69
41.02
41.35
41.67
42.0
42.33
42.66
42.98
43.31
43.63
43.96
44.29
44.62
44.95
45.28
45.61
45.94
46.27
46.6
46.92
47.25
47.57
47.9
48.23
48.56
48.89
49.21
49.54
49.87
50.2
50.52
50.85
51.18
51.51
51.84
52.17
52.49
52.81
53.14
53.47
53.8
54.13
54.46
54.79
55.12
55.45
55.77
56.1
56.43
56.75
57.08
57.41
57.74
58.07
58.4
58.73
59.05
59.38
59.71
60.04
60.36
60.69
61.02
61.35
61.67
62.0
62.33
62.66
62.98
63.31
63.64
63.97
64.3
64.63
64.95
65.28
65.61
65.94
66.27
66.6
66.92
67.25
67.58
67.91
68.23
68.56
68.89
69.22
69.54
69.87
70.2
70.53
70.86
71.18
71.51
71.84
72.17
72.5
72.83
73.15
73.48
73.81
74.14
74.46
74.79
75.11
75.44
75.77
76.1
76.43
76.76
77.09
77.42
77.74
78.07
78.4
78.73
79.06
79.38
79.71
80.03
80.36
80.69
81.02
81.35
81.68
82.01
82.34
82.66
82.99
83.32
83.64
83.97
84.3
84.63
84.96
85.29
85.61
85.94
86.26
86.58
86.91
87.24
87.57
87.9
88.23
88.56
88.89
89.22
89.55
89.87
90.2
90.53
90.86
91.19
91.51
91.84
92.17
92.5
92.82
93.15
93.48
93.81
94.13
94.46
94.79
95.12
95.45
95.77
96.1
96.43
96.76
97.09
97.41
97.74
98.07
98.4
98.73
99.06
99.38
99.71
100.03
100.36
100.69
101.01
101.34
101.67
102.0
102.33
102.65
102.98
103.31
103.64
103.97
104.3
105.28
105.61
106.26
107.25
107.57
108.23
108.88
109.21
109.54
109.87
110.2
110.52
110.85
111.18
111.51
111.83
112.17
112.81
113.46
114.13
114.79
115.44
116.1
116.76
117.41
118.07
118.73
119.38
120.04
120.69
121.35
122.01
122.66
123.32
123.97
124.63
125.28
125.94
126.6
127.25
127.91
128.56
129.22
129.87
130.52
131.18
131.84
132.49
133.15
133.81
134.46
135.12
135.77
136.42
137.08
137.74
138.4
138.72
139.05
139.71
140.37
140.69
141.02
141.67
142.33
142.66
142.99
143.32
143.64
143.97
144.29
144.62
144.95
145.27
145.6
145.93
146.26
146.59
146.92
147.25
147.57
148.57
149.55
150.52
151.5
152.48
153.48
154.46
155.45
156.43
157.42
158.39
159.37
160.36
161.35
162.33
163.31
164.3
165.28
166.26
167.24
168.23
169.22
170.2
171.18
172.17
173.15
174.12
175.11
176.1
177.08
178.07
179.06
180.04
181.02
182.0
182.98
183.97
184.95
185.93
186.92
187.91
188.89
189.87
190.86
191.84
192.82
193.8
194.79
195.77
196.75
197.74
198.72
199.71
200.69
201.68
202.0
202.33
202.66
202.99
203.31
203.64
203.97
204.3
204.62
204.94
205.26
205.59
205.92
206.25
206.58
206.91
207.24
207.57
207.9
208.23
208.56
208.89
209.22
209.55
209.87
210.2
210.53
210.86
211.18
211.51
211.84
212.17
212.5
212.82
213.15
213.48
213.81
214.14
214.47
214.79
215.11
215.44
215.77
216.1
216.43
216.75
217.08
217.41
217.74
218.4
219.05
219.7
220.36
221.01
221.66
222.33
222.98
223.64
224.3
224.95
225.61
226.27
227.25
228.24
229.22
230.2
231.18
232.17
233.15
234.14
235.12
236.1
237.08
238.06
239.05
240.04
241.02
242.0
242.98
243.97
244.97
245.95
