0.04
0.6
1.16
1.73
2.29
2.86
3.42
3.99
4.55
5.12
5.68
6.25
6.81
7.38
7.94
8.51
9.07
9.64
10.19
10.77
11.32
11.89
12.45
13.02
13.58
14.15
14.71
15.29
15.84
16.42
16.97
17.54
18.1
18.67
19.23
19.8
20.36
20.92
21.49
22.06
22.62
23.19
23.75
24.32
24.88
25.44
26.01
26.58
27.14
27.7
28.27
28.83
29.39
29.96
30.52
31.09
31.65
32.22
32.78
33.35
33.91
34.48
35.04
35.61
36.17
36.74
37.3
37.87
38.43
38.99
39.56
40.13
40.69
41.25
41.82
42.38
42.95
43.51
44.08
44.64
45.2
45.77
46.34
46.9
47.46
48.03
48.59
49.16
49.72
50.29
50.85
51.42
51.98
52.55
53.11
53.68
54.24
54.81
55.37
55.94
56.5
57.06
57.63
58.19
58.76
59.33
59.89
60.45
61.02
61.58
62.15
62.72
63.28
63.84
64.41
64.97
65.53
66.1
66.66
67.23
67.79
68.37
68.93
69.49
70.05
70.62
71.18
71.75
72.31
72.88
73.44
74.01
74.57
75.14
75.71
76.27
76.83
77.39
77.96
78.52
79.09
79.65
80.22
80.78
81.34
81.91
82.48
83.05
83.61
84.18
84.73
85.3
85.86
86.43
86.99
87.56
88.12
88.69
89.25
89.82
90.38
90.95
91.51
92.08
92.64
93.2
93.77
94.34
94.9
95.46
96.03
96.6
97.16
97.72
98.29
98.85
99.42
99.98
100.55
101.11
101.67
102.24
102.8
103.37
103.93
104.5
105.06
105.63
106.19
106.76
107.32
107.89
108.45
109.02
109.58
110.15
110.71
111.27
111.84
112.4
112.97
113.54
114.1
114.67
115.23
115.79
116.36
116.93
117.49
118.05
118.62
119.18
119.74
120.31
120.88
121.44
122.0
122.58
123.13
123.7
124.26
124.83
125.39
125.96
126.52
127.09
127.65
128.22
128.78
129.35
129.91
130.48
131.04
131.6
132.17
132.73
133.3
133.86
134.43
134.99
135.56
136.12
136.69
137.25
137.81
138.38
138.94
139.51
140.07
140.64
141.2
141.77
142.33
142.9
143.46
144.04
144.59
145.18
145.73
146.29
146.86
147.43
148.04
