0.04
0.38
0.72
1.06
1.4
1.74
2.08
2.42
2.76
3.1
3.44
3.78
4.12
4.47
4.82
5.17
5.51
5.85
6.19
6.53
6.88
7.22
7.56
7.9
8.25
8.59
8.93
9.27
9.61
9.95
10.29
10.63
10.97
11.31
11.65
11.99
12.34
12.68
13.02
13.36
13.7
14.04
14.38
14.72
15.07
15.41
15.75
16.09
16.43
16.77
17.11
17.45
18.15
18.84
19.5
20.18
20.86
21.56
22.23
22.91
23.6
24.29
24.96
25.64
26.32
27.02
27.68
28.37
29.04
29.38
29.73
30.41
31.09
31.79
32.46
32.8
33.14
33.48
33.82
34.16
34.5
34.84
35.18
35.52
35.86
36.2
36.54
36.89
37.23
37.57
37.91
38.25
38.59
38.93
39.27
39.61
39.95
40.29
40.63
40.97
41.31
41.65
42.0
42.34
42.68
43.02
43.36
43.7
44.04
44.38
44.72
45.07
45.42
45.76
46.1
46.44
46.78
47.12
47.46
47.8
48.14
48.48
48.82
49.16
49.5
49.84
50.18
50.52
50.86
51.21
51.55
51.88
52.22
52.56
52.9
53.25
53.59
53.93
54.27
54.61
54.95
55.29
55.64
55.98
56.32
56.66
57.01
57.35
57.68
58.02
58.36
58.71
59.05
59.4
59.74
60.08
60.42
60.76
61.1
61.44
61.78
62.12
62.47
62.81
63.15
63.48
63.82
64.16
64.5
64.84
65.18
65.52
65.86
66.2
66.54
66.89
67.23
67.57
67.91
68.25
68.59
68.93
69.27
69.62
69.96
70.3
70.65
70.98
71.32
71.66
72.0
72.35
72.69
73.03
73.37
73.71
74.05
74.39
74.73
75.07
75.41
75.76
76.1
76.44
76.77
77.11
77.45
77.8
78.15
78.49
78.83
79.16
79.5
79.84
80.18
80.52
80.87
81.21
81.55
81.89
82.23
82.57
82.91
83.25
83.6
83.94
84.28
84.62
84.96
85.29
85.63
85.97
86.32
86.66
87.0
87.34
87.68
88.02
88.36
88.7
89.05
89.39
89.74
90.07
90.41
90.75
91.09
91.43
91.77
92.12
92.46
92.8
93.14
93.48
93.82
94.17
94.51
94.85
95.19
95.53
95.87
96.2
96.54
96.89
97.23
97.58
97.92
98.25
98.59
98.93
99.27
99.61
99.96
100.3
100.64
100.98
101.32
101.66
102.0
102.34
102.68
103.02
103.36
103.7
104.04
104.38
104.72
105.07
105.41
105.75
106.09
106.43
106.77
107.11
107.45
107.8
108.14
108.48
108.82
109.16
109.5
109.84
110.18
110.53
110.87
111.21
111.55
111.89
112.23
112.57
112.91
113.25
113.6
113.94
114.28
114.62
114.96
115.3
115.64
115.99
116.33
116.67
117.01
117.34
117.68
118.02
118.36
118.7
119.05
119.39
119.74
120.07
120.41
120.74
121.08
121.43
121.77
122.12
122.46
122.8
123.14
123.47
123.81
124.15
124.49
124.84
125.19
125.53
125.87
126.2
126.54
126.89
127.23
127.57
127.92
128.25
128.59
128.93
129.27
129.61
129.96
130.27
130.72
131.21
131.69
132.16
132.64
133.12
133.59
134.07
134.56
135.04
135.52
135.99
136.47
136.95
137.43
137.91
138.4
138.88
139.36
139.83
140.31
140.79
141.27
141.75
142.24
142.72
143.21
143.68
144.16
144.64
145.12
145.6
146.08
146.56
147.04
147.51
148.0
148.48
148.96
149.44
149.92
150.4
150.87
151.35
151.83
152.31
152.79
153.27
153.76
154.25
154.73
155.2
155.68
156.16
156.63
157.11
157.6
158.09
158.57
159.04
159.52
160.0
160.47
160.95
161.44
161.92
162.41
162.88
163.36
163.84
164.31
164.79
165.28
165.76
166.24
166.71
167.18
167.67
168.15
168.63
169.12
169.61
170.09
170.56
171.04
171.52
172.0
172.48
172.96
173.44
173.92
174.39
174.88
175.36
175.83
176.31
176.8
177.28
177.77
178.24
178.72
179.2
179.68
180.16
180.64
181.12
181.61
182.08
182.55
183.04
183.54
184.01
184.49
184.97
185.45
185.92
186.41
186.94
187.27
187.61
187.94
188.27
188.6
188.95
189.29
189.64
189.99
190.34
190.69
191.04
191.39
191.73
192.07
192.41
192.75
193.09
193.43
193.77
194.12
194.46
194.8
195.14
195.48
195.82
196.16
196.51
196.85
197.19
197.54
197.88
198.22
198.55
198.89
199.24
199.58
199.92
200.27
200.6
200.94
201.28
201.62
201.96
202.3
202.64
202.99
203.33
203.67
204.01
204.35
204.69
205.03
205.37
205.71
206.05
206.39
206.73
207.07
207.41
207.75
208.09
208.44
208.78
209.12
209.46
209.8
210.14
210.49
210.83
211.17
211.51
211.85
212.19
212.53
212.87
213.21
213.55
213.89
214.58
215.25
215.94
216.61
217.3
217.98
218.67
219.35
220.04
220.71
221.05
221.39
221.73
222.08
222.42
222.76
223.1
223.44
223.78
224.12
224.46
224.8
225.14
225.48
225.82
226.17
226.51
226.85
227.19
227.53
227.87
228.21
228.89
229.56
229.91
230.25
230.59
230.93
231.27
231.61
231.96
232.3
232.64
232.98
233.32
233.66
234.0
234.34
234.68
235.03
235.37
235.71
236.05
236.39
236.73
237.07
237.42
237.76
238.1
238.44
238.78
239.12
239.46
239.8
240.14
240.48
240.82
241.16
241.5
241.84
242.18
242.52
242.87
243.21
243.55
243.89
244.23
244.57
244.91
245.25
245.6
245.94
246.28
246.62
246.96
247.3
247.64
247.98
248.32
248.67
249.01
249.35
249.69
250.03
250.37
250.71
251.05
251.39
251.73
252.07
252.41
252.75
253.09
253.43
253.77
254.11
254.45
254.8
255.14
255.48
255.82
256.15
256.49
256.83
257.16
257.49
258.85
260.17
260.51
260.85
261.18
261.53
261.87
262.21
262.55
262.89
263.23
263.56
263.89
264.24
264.58
264.91
265.29
265.58
265.94
267.08
268.61
268.98
269.35
269.73
270.1
270.48
271.08
271.46
271.75
271.99
272.23
272.48
272.99
273.37
273.75
274.13
274.52
274.92
275.3
275.68
276.07
276.46
276.85
277.23
277.63
278.12
278.41
278.79
279.17
279.56
279.95
280.33
280.72
281.1
281.65
282.04
282.44
282.83
283.23
283.62
284.02
284.42
284.96
285.46
285.77
286.37
286.78
287.42
287.77
288.2
288.72
289.18
289.59
289.84
290.41
290.87
