0.1
0.46
0.82
1.17
1.52
2.21
2.92
3.63
4.34
5.07
5.76
6.48
7.19
7.91
8.61
9.31
10.0
10.72
11.42
12.1
12.81
13.51
14.23
14.92
15.64
16.33
17.04
17.74
18.44
19.14
19.85
20.56
21.28
21.98
22.68
23.39
24.09
24.8
25.51
26.21
26.91
27.62
28.33
29.03
29.74
30.45
31.15
31.87
32.56
33.27
33.97
34.68
35.38
36.09
36.8
37.51
38.21
38.92
39.62
40.33
41.04
41.74
42.45
43.15
43.86
44.57
45.28
45.98
46.68
47.39
48.1
48.8
49.51
50.21
50.92
51.63
52.33
53.03
53.74
54.45
55.16
55.86
56.58
57.27
57.98
58.68
59.39
60.09
60.81
61.51
62.23
62.92
63.64
64.33
65.04
65.74
66.46
67.16
67.86
68.56
69.27
69.98
70.68
71.39
72.09
72.8
73.5
74.21
74.91
75.62
76.33
77.05
77.74
78.45
79.15
79.86
80.56
81.27
81.98
82.68
83.39
84.1
84.8
85.51
86.22
86.92
87.63
88.33
89.04
89.74
90.45
91.15
91.86
92.56
93.27
93.98
94.69
95.39
96.1
96.8
97.51
98.21
98.92
99.62
100.33
101.04
101.75
102.45
103.15
103.85
104.21
104.56
104.91
105.27
105.98
106.68
107.39
108.1
108.8
109.51
110.21
110.92
111.63
112.33
113.05
113.74
114.44
115.15
115.86
116.57
117.28
117.98
118.69
119.39
120.1
120.8
121.51
122.21
122.92
123.62
124.33
125.04
125.74
126.45
127.15
127.86
128.56
129.27
129.98
130.68
131.39
132.09
132.8
133.5
134.21
134.92
135.64
136.35
137.05
137.75
138.45
139.15
139.86
140.57
141.27
141.98
142.68
143.39
144.1
144.8
145.51
146.21
146.92
147.62
148.33
149.04
149.75
150.45
151.14
151.49
151.85
152.2
152.56
152.91
153.26
153.61
153.97
154.32
154.67
155.03
155.39
156.09
156.8
157.51
158.21
158.92
159.63
160.33
161.04
161.74
162.45
163.16
163.87
164.57
165.27
165.97
166.68
167.39
168.1
168.8
169.51
170.2
170.56
170.91
171.26
171.61
171.97
172.32
172.68
173.03
173.38
173.73
174.08
174.44
174.79
175.14
175.5
175.85
176.2
176.56
176.91
177.26
177.61
177.97
178.32
178.68
179.03
179.38
179.73
180.09
180.44
180.8
181.15
181.5
181.85
182.21
182.56
182.91
183.27
183.62
183.97
184.32
184.67
185.02
185.37
185.72
186.07
186.41
186.75
