0.31
0.97
1.63
2.29
2.94
3.6
4.25
4.9
5.55
6.21
6.84
7.49
8.15
8.8
9.44
10.09
10.74
11.4
12.04
12.69
13.34
13.99
14.64
15.29
15.94
16.6
17.25
17.89
18.54
19.2
19.85
20.5
21.15
21.8
22.44
23.09
23.74
24.39
25.05
25.71
26.36
27.02
27.67
28.31
28.96
29.61
30.27
30.91
31.56
32.21
32.86
33.51
34.16
34.81
35.46
36.12
36.77
37.41
38.06
38.72
39.37
40.02
40.67
41.32
41.97
42.6
43.26
43.92
44.57
45.21
45.86
46.53
47.17
47.82
48.47
49.12
49.76
50.42
51.07
51.72
52.36
53.0
53.66
54.31
54.96
55.61
56.26
56.92
57.58
58.23
58.88
59.52
60.17
60.84
61.49
62.13
62.78
63.43
64.09
64.74
65.39
66.03
66.68
67.32
67.98
68.63
69.28
69.93
70.57
71.22
71.87
72.52
73.17
73.82
74.48
75.14
75.79
76.45
77.1
77.75
78.39
79.05
79.7
80.35
80.99
81.64
82.29
82.94
83.59
84.23
84.87
85.52
86.18
86.84
87.49
88.14
88.78
89.44
90.09
90.74
91.38
92.04
92.69
93.34
93.98
94.63
95.28
95.94
96.59
97.25
97.9
98.54
99.18
99.82
100.47
101.13
101.79
102.45
103.1
103.73
104.38
105.03
105.68
106.33
106.98
107.62
108.28
108.93
109.59
110.24
110.91
111.55
112.2
112.85
113.5
114.15
114.79
115.43
116.09
116.74
117.39
118.05
118.71
119.36
120.0
120.64
121.3
121.95
122.6
123.26
123.92
124.57
125.22
125.85
126.5
127.15
127.81
128.46
129.1
129.75
130.4
131.07
131.71
132.36
133.01
133.66
134.3
134.95
135.61
136.27
136.92
137.58
138.22
138.86
139.5
140.15
140.8
141.45
142.1
142.75
143.4
144.07
144.73
145.38
146.02
146.65
147.31
147.97
148.62
149.27
149.93
150.58
151.22
151.87
152.53
153.18
153.83
154.47
155.13
155.77
156.42
157.06
157.71
158.36
159.02
159.67
160.32
160.96
161.62
162.27
162.92
163.57
164.23
164.87
165.52
166.16
166.8
167.44
168.09
168.73
169.39
170.05
170.69
171.36
172.01
172.66
173.31
173.96
174.61
175.27
175.92
176.57
177.2
177.84
178.5
179.15
179.8
180.45
181.1
181.76
182.42
183.07
183.72
184.35
185.01
185.67
186.33
186.99
187.64
188.29
188.94
189.58
190.22
190.87
191.52
192.17
192.82
193.47
194.12
194.76
195.41
196.07
196.72
197.38
198.02
198.67
199.32
199.96
200.61
201.26
201.92
202.57
203.23
203.87
204.52
205.17
205.81
206.46
207.12
207.76
208.41
209.06
209.7
210.34
210.97
211.59
212.79
213.49
215.31
216.14
