0.2
0.55
0.89
1.26
1.64
2.0
2.36
2.73
3.1
3.47
3.84
4.21
4.59
4.96
5.34
5.72
6.09
6.47
6.86
7.23
7.61
7.98
8.35
8.73
9.1
9.47
9.84
10.22
10.59
10.96
11.33
11.71
12.09
12.47
12.84
13.22
13.59
13.96
14.34
14.71
15.09
15.46
15.84
16.22
16.59
16.96
17.33
17.7
18.09
18.47
18.84
19.21
19.59
19.96
20.34
20.71
21.09
21.47
21.84
22.22
22.59
22.96
23.33
23.71
24.09
24.46
24.83
25.2
25.58
25.95
26.33
26.7
27.08
27.45
27.84
28.22
28.59
28.96
29.34
29.71
30.09
30.47
30.84
31.21
31.59
31.97
32.34
32.71
33.09
33.47
33.84
34.21
34.58
34.95
35.32
35.7
36.08
36.47
36.84
37.21
37.59
37.96
38.34
38.71
39.09
39.46
39.84
40.21
40.59
40.96
41.34
41.71
42.09
42.46
42.82
43.2
43.57
43.93
44.3
44.69
45.07
45.45
45.83
46.2
46.58
46.95
47.32
47.7
48.08
48.45
48.83
49.2
49.57
49.95
50.32
50.7
51.07
51.45
51.82
52.2
52.58
52.95
53.33
53.71
54.09
54.46
54.84
55.21
55.58
55.96
56.33
56.71
57.09
57.46
57.84
58.21
58.59
58.96
59.32
59.7
60.07
60.45
60.82
61.2
61.58
61.96
62.32
62.71
63.09
63.47
63.84
64.21
64.59
64.96
65.34
65.71
66.09
66.47
66.84
67.21
67.58
67.96
68.33
68.71
69.09
69.46
69.84
70.22
70.59
70.96
71.33
71.71
72.09
72.47
72.84
73.21
73.58
73.96
74.32
74.71
75.08
75.46
75.84
76.22
76.59
76.96
77.34
77.72
78.1
78.48
78.86
79.23
79.61
79.99
80.37
80.74
81.1
81.47
81.84
82.22
82.59
82.96
83.33
83.71
84.09
84.47
84.84
85.22
85.59
85.96
86.34
86.71
87.09
87.46
87.84
88.21
88.59
88.96
89.33
89.71
90.08
90.46
90.84
91.2
91.58
91.95
92.33
92.7
93.08
93.47
93.83
94.22
94.58
94.95
95.32
95.7
96.08
96.45
96.83
97.2
97.58
97.95
98.33
98.7
99.08
99.45
99.83
100.2
100.58
100.95
101.32
101.71
102.09
102.47
102.84
103.21
103.59
103.96
104.34
104.71
105.09
105.47
105.84
106.21
106.58
106.95
107.32
107.7
108.08
108.45
108.83
109.21
109.59
109.96
110.34
110.72
111.09
111.46
111.84
112.21
112.59
112.96
113.34
113.72
114.09
114.46
114.83
115.2
115.57
115.94
116.32
116.69
117.06
117.45
117.82
118.2
118.58
118.95
119.32
119.7
120.08
120.45
120.82
121.2
121.58
121.95
122.33
122.7
123.08
123.45
123.82
124.2
124.58
124.95
125.34
125.71
126.09
126.46
126.84
127.21
127.58
127.96
128.34
128.71
129.09
129.46
129.84
130.21
130.57
130.95
131.32
131.7
132.08
132.46
132.83
133.21
133.57
133.96
134.34
134.71
135.09
135.46
135.84
136.22
136.59
136.96
137.34
137.71
138.09
138.46
138.84
139.21
139.59
139.96
140.33
140.71
141.09
141.46
141.84
142.22
142.59
142.96
143.33
143.71
144.09
144.47
144.84
145.21
145.59
145.96
146.33
146.71
147.09
147.46
147.84
148.21
148.59
148.96
149.34
149.72
150.1
150.48
150.85
151.24
151.62
151.99
152.36
152.73
153.1
153.47
153.84
154.22
154.59
154.96
155.33
155.71
156.09
156.47
156.84
157.22
157.59
157.96
158.34
158.71
159.09
159.46
159.84
160.22
160.58
160.95
161.32
161.7
162.08
162.46
162.84
163.21
163.58
163.95
164.33
164.7
165.09
165.47
165.84
166.22
166.59
166.96
167.34
167.71
168.08
168.46
168.83
169.21
169.58
169.95
170.33
170.7
171.08
171.45
171.83
172.2
172.58
172.95
173.34
173.71
174.09
174.47
174.84
175.21
175.59
175.96
176.34
176.71
177.09
177.47
177.84
178.21
178.59
178.96
179.32
179.71
180.08
180.47
180.84
181.21
181.59
181.96
182.34
182.72
183.09
183.46
183.84
184.21
184.59
184.96
185.34
185.72
186.09
186.46
186.83
187.2
187.57
187.94
188.32
188.69
189.07
189.45
189.83
190.21
190.59
190.96
191.33
191.71
192.08
192.45
192.83
193.2
193.58
193.95
194.33
194.71
195.08
195.45
195.83
196.2
196.58
196.95
197.32
197.7
198.08
198.46
198.83
199.21
199.58
199.95
200.32
200.7
201.08
201.46
201.83
202.21
202.6
202.97
203.35
203.72
204.09
204.46
204.83
205.2
205.58
205.96
206.33
206.7
207.07
207.43
207.79
208.16
208.53
208.9
209.27
209.65
210.05
210.44
210.82
211.2
211.58
211.95
212.32
212.7
213.08
213.46
213.83
214.2
214.58
214.95
215.32
215.7
216.08
216.45
216.83
217.2
217.58
217.95
218.34
218.72
219.09
219.46
219.84
220.21
220.59
220.96
221.33
221.71
222.09
222.47
222.84
223.21
223.59
223.96
224.34
224.71
225.09
225.46
225.84
226.21
226.59
226.96
227.33
227.71
228.09
228.47
228.84
229.22
229.59
229.97
230.34
230.72
231.09
231.47
231.84
232.22
232.59
232.97
233.34
233.72
234.1
234.47
234.84
235.21
235.58
235.95
236.33
236.7
237.08
237.46
237.83
238.2
238.61
