0.34
0.81
1.28
1.75
2.22
2.69
3.16
3.63
4.1
4.58
5.04
5.51
5.99
6.45
6.92
7.4
7.87
8.35
8.82
9.3
9.77
10.24
10.71
11.18
11.65
12.13
12.6
13.07
13.54
14.01
14.48
14.95
15.43
15.9
16.37
16.85
17.33
17.8
18.27
18.74
19.21
19.68
20.15
20.63
21.1
21.57
22.05
22.52
23.0
23.48
23.94
24.42
24.88
25.35
25.83
26.3
26.77
27.25
27.72
28.19
28.66
29.13
29.6
30.07
30.55
31.02
31.5
31.97
32.44
32.91
33.38
33.85
34.33
34.81
35.28
35.76
36.23
36.7
37.17
37.64
38.11
38.59
39.06
39.53
40.0
40.47
40.94
41.41
41.89
42.36
42.83
43.3
43.77
44.24
44.72
45.2
45.66
46.13
46.6
47.07
47.55
48.03
48.5
48.97
49.44
49.92
50.39
50.87
51.34
51.81
52.28
52.75
53.22
53.7
54.17
54.64
55.12
55.59
56.06
56.53
57.0
57.48
57.95
58.42
58.9
59.37
59.84
60.31
60.78
61.25
61.72
62.2
62.68
63.15
63.62
64.09
64.56
65.03
65.51
65.98
66.46
66.93
67.4
67.87
68.34
68.81
69.28
69.76
70.23
70.7
71.17
71.64
72.12
72.59
73.06
73.54
74.01
74.48
74.96
75.44
75.91
76.37
76.84
77.32
77.79
78.26
78.73
79.2
79.67
80.15
80.62
81.09
81.56
82.03
82.51
82.98
83.45
83.93
84.4
84.87
85.34
85.81
86.28
86.76
87.24
87.71
88.18
88.66
89.12
89.58
90.06
90.53
91.01
91.47
91.94
92.42
92.89
93.36
93.84
94.31
94.78
95.26
95.73
96.21
96.69
97.16
97.63
98.11
98.58
99.05
99.52
99.99
100.46
100.93
101.4
101.88
102.36
102.83
103.3
103.77
104.24
104.7
105.17
105.65
106.13
106.6
107.07
107.54
108.01
108.49
108.96
109.43
109.9
110.38
110.85
111.32
111.79
112.27
112.74
113.21
113.68
114.15
114.62
115.09
115.57
116.04
116.51
116.99
117.47
117.94
118.41
118.88
119.35
119.82
120.29
120.76
121.24
121.71
122.18
122.66
123.13
123.6
124.07
124.54
125.02
125.49
125.96
126.44
126.91
127.38
127.85
128.33
128.8
129.27
129.74
130.22
130.69
131.16
131.63
132.11
132.58
133.05
133.52
134.0
134.47
134.94
135.42
135.89
136.36
136.83
137.3
137.78
138.25
138.72
139.19
139.67
140.15
140.62
141.09
141.56
142.03
142.5
142.97
143.44
143.91
144.37
144.84
145.32
145.8
146.27
146.74
147.22
147.69
148.17
148.64
149.12
149.59
150.06
150.53
151.0
151.48
151.95
152.42
152.89
153.37
153.84
154.31
154.79
155.26
155.73
156.2
156.68
157.15
157.62
158.08
158.56
159.04
159.51
159.97
160.44
160.91
161.38
161.85
162.33
162.81
163.28
163.75
164.22
164.69
165.16
165.64
166.11
166.59
167.06
167.53
168.0
168.47
168.94
169.42
169.89
170.36
170.83
171.3
171.78
172.25
172.71
173.18
173.66
174.14
174.62
175.1
175.57
176.04
176.51
176.99
177.46
177.93
178.4
178.87
179.35
179.82
180.28
180.76
181.23
181.7
182.17
182.64
183.12
183.59
184.06
184.54
185.01
185.48
185.94
186.4
186.88
187.36
187.83
188.3
188.78
189.25
189.72
190.19
190.66
191.14
191.61
192.08
192.56
193.04
193.51
193.98
194.46
194.93
195.4
195.87
196.34
196.81
197.29
197.75
198.22
198.7
199.17
199.64
200.12
200.6
201.07
201.55
202.02
202.49
202.95
203.42
203.9
204.37
204.84
205.31
205.78
206.25
206.72
207.19
207.67
208.15
208.63
209.1
209.58
210.04
210.51
210.98
211.45
211.93
212.4
212.87
213.34
213.81
214.28
214.76
215.23
215.71
216.18
216.65
217.13
217.61
218.08
218.55
219.02
219.49
219.96
220.42
220.88
221.35
221.82
222.27
223.71
225.21
