0.11
0.58
1.05
1.52
1.99
2.46
2.93
3.4
3.88
4.35
4.83
5.32
5.79
6.27
6.72
7.19
7.66
8.13
8.6
9.07
9.54
10.02
10.49
10.96
11.43
11.91
12.38
12.85
13.32
13.8
14.27
14.74
15.21
15.69
16.16
16.63
17.1
17.58
18.05
18.52
18.99
19.47
19.94
20.41
20.88
21.36
21.83
22.3
22.77
23.24
23.72
24.19
24.66
25.14
25.61
26.08
26.55
27.02
27.5
27.97
28.44
28.91
29.39
29.86
30.33
30.8
31.28
31.75
32.22
32.7
33.17
33.64
34.11
34.58
35.06
35.53
36.0
36.47
36.95
37.42
37.89
38.36
38.84
39.31
39.78
40.26
40.73
41.2
41.67
42.14
42.62
43.09
43.56
44.03
44.51
44.98
45.45
45.92
46.4
46.87
47.34
47.81
48.29
48.76
49.23
49.7
50.18
50.65
51.13
51.6
52.07
52.54
53.01
53.48
53.95
54.43
54.9
55.37
55.84
56.32
56.79
57.26
57.73
58.21
58.68
59.15
59.62
60.1
60.57
61.04
61.51
61.99
62.46
62.93
63.4
63.88
64.35
64.82
65.29
65.77
66.24
66.71
67.18
67.66
68.13
68.6
69.07
69.55
70.02
70.49
70.96
71.43
71.91
72.38
72.85
73.32
73.8
74.27
74.74
75.21
75.69
76.16
76.63
77.1
77.58
78.05
78.52
78.99
79.47
79.94
80.41
80.88
81.36
81.83
82.3
82.78
83.25
83.72
84.19
84.66
85.13
85.6
86.08
86.55
87.02
87.5
87.97
88.44
88.92
89.4
89.87
90.34
90.81
91.28
91.75
92.22
92.69
93.17
93.64
94.11
94.58
95.06
95.53
96.0
96.47
96.95
97.42
97.89
98.36
98.84
99.31
99.78
100.25
100.73
101.2
101.67
102.14
102.62
103.09
103.56
104.03
104.51
104.98
105.45
105.92
106.39
106.87
107.34
107.81
108.29
108.76
109.23
109.7
110.18
110.65
111.12
111.59
112.06
112.54
113.01
113.48
113.95
114.43
114.9
115.37
115.84
116.32
116.79
117.26
117.73
118.21
118.68
119.15
119.62
120.1
120.57
121.04
121.51
121.99
122.46
122.93
123.41
123.88
124.35
124.82
125.29
125.77
126.24
126.71
127.18
127.66
128.13
128.6
129.07
129.54
130.02
130.49
130.96
131.43
131.91
132.38
132.85
133.32
133.8
134.28
134.75
135.22
135.69
136.16
136.63
137.1
137.58
138.05
138.52
138.99
139.47
139.94
140.41
140.88
141.36
141.83
142.3
142.77
143.25
143.72
144.19
144.66
145.14
145.61
146.08
146.55
147.03
147.5
147.97
148.44
148.92
149.39
149.86
150.33
150.8
151.28
151.75
152.22
152.7
153.17
153.64
154.11
154.58
155.06
155.53
156.0
156.47
156.95
157.42
157.89
158.36
158.84
159.31
159.78
160.25
160.73
161.2
161.67
162.14
162.61
163.09
163.56
164.03
164.5
164.98
165.45
165.92
166.4
166.87
167.34
167.81
168.3
168.77
169.24
169.71
170.18
170.65
171.13
171.6
172.08
172.55
173.01
173.47
173.95
174.43
174.91
175.39
175.87
176.35
176.82
177.28
177.75
178.22
178.69
179.15
179.63
180.1
180.57
181.01
181.5
181.98
182.48
182.97
183.44
183.9
184.37
184.83
185.3
185.77
186.24
186.71
187.18
187.65
188.12
188.59
189.07
189.55
190.03
190.5
190.98
191.45
191.92
192.39
192.86
193.33
193.8
194.27
194.74
195.22
195.68
196.16
196.63
197.1
197.58
198.05
198.52
198.99
199.47
199.94
200.41
200.88
201.36
201.83
202.3
202.77
203.25
203.72
204.19
204.66
205.14
205.61
206.08
206.55
207.02
207.5
207.97
208.44
208.91
209.39
209.86
210.33
210.81
211.28
211.75
212.22
212.69
213.17
213.64
214.11
214.58
215.06
215.53
216.0
216.47
216.95
217.42
217.89
218.36
218.84
219.31
219.78
220.25
220.73
221.2
221.67
222.14
222.61
223.09
223.56
224.03
224.51
224.98
225.45
225.92
226.4
226.87
227.34
227.79
228.26
