0.48
1.25
2.0
2.75
3.48
4.25
5.02
5.77
6.55
7.3
8.05
8.8
9.54
10.31
11.07
11.8
12.57
13.34
14.08
14.83
15.57
16.32
17.06
17.81
18.54
19.27
20.01
20.76
21.5
22.23
22.97
23.72
24.47
25.21
25.96
26.71
27.45
28.19
28.93
29.68
30.43
31.16
31.9
32.64
33.38
34.12
34.86
35.59
36.33
37.08
37.83
38.57
39.31
40.05
40.79
41.54
42.29
43.03
43.78
44.53
45.28
46.03
46.77
47.51
48.24
48.97
49.71
50.43
51.16
51.9
52.63
53.37
54.1
54.83
55.57
56.3
57.04
57.77
58.5
59.24
59.96
60.7
61.45
62.18
62.93
63.66
64.41
65.14
65.88
66.6
67.35
68.09
68.83
69.56
70.3
71.03
71.78
72.52
73.27
74.01
74.76
75.51
76.27
77.02
77.77
78.5
79.24
79.98
80.72
81.46
82.21
82.93
83.67
84.41
85.17
85.92
86.66
87.42
88.17
88.91
89.65
90.39
91.13
91.87
92.61
93.35
94.09
94.84
95.58
96.31
97.05
97.79
98.53
99.27
100.01
100.74
101.47
102.19
102.94
103.67
104.41
105.15
105.88
106.63
107.4
108.14
108.89
109.64
110.38
111.11
111.85
112.58
113.32
114.06
114.79
115.53
116.27
117.0
117.74
118.47
119.22
119.96
120.7
121.45
122.2
122.92
123.66
124.41
125.14
125.87
126.59
127.32
128.04
128.77
129.48
130.21
130.94
131.67
132.4
133.12
133.85
134.56
135.3
136.02
136.75
137.46
138.19
138.93
139.66
140.39
141.12
141.85
142.58
143.31
144.05
144.78
145.51
146.25
146.99
147.74
148.48
149.22
149.95
150.68
151.43
152.18
152.9
153.61
154.34
155.05
155.78
156.51
157.24
157.97
158.7
159.43
160.17
160.91
161.65
162.38
163.12
163.85
164.57
165.3
166.02
166.75
167.48
168.23
168.97
169.72
170.44
171.18
171.92
172.65
173.39
174.13
174.88
175.62
176.34
177.07
177.79
178.52
179.26
179.97
180.69
181.41
182.12
182.85
183.58
184.31
185.01
185.74
186.47
187.2
187.93
188.65
189.37
190.11
190.85
191.58
192.31
193.04
193.78
194.51
195.24
195.99
196.72
197.46
198.19
198.92
199.64
200.36
201.06
201.8
202.53
203.27
203.99
204.72
205.43
206.15
206.88
207.61
208.34
209.08
209.81
210.54
211.26
211.98
212.68
213.42
214.15
214.88
215.6
216.34
217.06
217.79
218.52
219.24
219.97
220.69
221.43
222.15
222.88
223.58
224.29
225.02
225.74
226.48
227.2
227.93
228.66
229.38
230.11
230.84
231.57
232.32
233.05
233.78
234.5
235.88
236.67
