0.12
0.59
1.06
1.55
2.02
2.49
2.97
3.44
3.92
4.4
4.88
5.35
5.83
6.3
6.78
7.25
7.73
8.21
8.68
9.16
9.63
10.11
10.58
11.06
11.54
12.02
12.49
12.97
13.44
13.92
14.4
14.87
15.35
15.83
16.3
16.78
17.25
17.73
18.2
18.68
19.16
19.64
20.11
20.59
21.06
21.54
22.01
22.49
22.97
23.45
23.92
24.4
24.87
25.35
25.83
26.3
26.78
27.26
27.73
28.21
28.68
29.16
29.64
30.11
30.59
31.06
31.54
32.02
32.49
32.97
33.44
33.92
34.4
34.88
35.35
35.83
36.3
36.77
37.24
37.72
38.21
38.69
39.16
39.63
40.11
40.59
41.06
41.54
42.02
42.49
42.97
43.45
43.92
44.4
44.87
45.35
45.83
46.3
46.78
47.26
47.73
48.2
48.68
49.15
49.63
50.11
50.59
51.07
51.54
52.02
52.49
52.96
53.44
53.92
54.4
54.87
55.35
55.83
56.3
56.77
57.25
57.73
58.21
58.68
59.15
59.63
60.11
60.58
61.06
61.53
62.01
62.48
62.96
63.45
63.94
64.42
64.88
65.35
65.83
66.3
66.77
67.25
67.72
68.2
68.68
69.15
69.63
70.1
70.58
71.06
71.54
72.01
72.49
72.96
73.44
73.91
74.39
74.87
75.35
75.82
76.3
76.77
77.25
77.72
78.2
78.68
79.16
79.63
80.11
80.58
81.06
81.53
82.01
82.49
82.97
83.44
83.92
84.39
84.87
85.35
85.83
86.3
86.78
87.25
87.73
88.2
88.68
89.15
89.63
90.1
90.58
91.05
91.53
92.01
92.49
92.97
93.45
93.92
94.4
94.87
95.35
95.82
96.3
96.77
97.25
97.72
98.2
98.67
99.15
99.62
100.1
100.58
101.06
101.53
102.01
102.48
102.96
103.43
103.91
104.39
104.87
105.34
105.82
106.29
106.77
107.25
107.73
108.2
108.68
109.15
109.63
110.1
110.58
111.05
111.53
112.01
112.49
112.96
113.44
113.92
114.4
114.87
115.35
115.82
116.3
116.77
117.24
117.71
118.2
118.67
119.15
119.63
120.11
120.58
121.06
121.53
122.01
122.48
122.96
123.44
123.92
124.39
124.87
125.34
125.82
126.29
126.77
127.25
127.73
128.2
128.68
129.15
129.63
130.1
130.58
131.05
131.53
132.0
132.48
132.96
133.44
133.91
134.39
134.86
135.34
135.82
136.3
136.77
137.25
137.72
138.2
138.68
139.16
139.63
140.11
140.58
141.06
141.53
142.01
142.48
142.96
143.44
143.92
144.39
144.87
145.35
145.83
146.3
146.77
147.25
147.73
148.2
148.68
149.16
149.63
150.11
150.58
151.06
151.54
152.01
152.49
152.97
153.44
153.92
154.39
154.87
155.34
155.82
156.3
156.78
157.25
157.72
158.2
158.67
159.15
159.63
160.11
160.58
161.06
161.53
162.01
162.48
162.96
163.43
163.91
164.38
164.86
165.34
165.82
166.29
166.77
167.25
167.73
168.2
168.68
169.15
169.63
170.1
170.58
171.06
171.53
172.0
172.48
172.96
173.43
173.91
174.39
174.86
175.34
175.82
176.3
176.77
177.25
177.72
178.2
178.68
179.15
179.62
180.1
180.58
181.06
181.53
182.01
182.49
182.96
183.43
183.91
184.39
184.87
185.34
185.82
186.29
186.77
187.24
187.72
188.2
188.67
189.15
189.63
190.1
190.58
191.05
191.53
192.0
192.48
192.96
193.44
193.91
194.38
194.85
195.34
195.81
196.29
196.77
197.25
197.72
198.2
198.67
199.15
199.63
200.1
200.58
201.06
201.53
202.01
202.48
202.96
203.43
203.91
204.38
204.86
205.34
205.81
206.29
206.77
207.24
207.72
208.19
208.67
209.15
209.63
210.1
210.58
211.05
211.53
212.01
212.49
212.96
213.44
213.91
214.39
214.86
215.34
215.81
216.29
216.76
217.24
217.72
218.2
218.67
219.15
219.62
220.1
220.58
221.05
221.53
222.01
222.48
222.96
223.44
223.92
224.4
224.88
225.35
225.83
226.3
226.77
227.26
