0.11
0.61
1.11
1.61
2.11
2.62
3.12
3.63
4.14
4.64
5.15
5.66
6.16
6.65
7.16
7.67
8.17
8.67
9.17
9.7
10.21
10.69
11.19
11.69
12.2
12.7
13.21
13.71
14.22
14.73
15.23
15.73
16.24
16.74
17.25
17.76
18.26
18.76
19.26
19.77
20.28
20.78
21.28
21.79
22.29
22.79
23.3
23.8
24.31
24.81
25.32
25.83
26.33
26.83
27.33
27.84
28.34
28.84
29.35
29.86
30.36
30.86
31.36
31.87
32.38
32.88
33.39
33.89
34.4
34.9
35.4
35.9
36.41
36.91
37.42
37.93
38.43
38.93
39.43
39.94
40.45
40.95
41.46
41.96
42.46
42.96
43.47
43.97
44.47
44.97
45.48
45.99
46.5
46.99
47.5
48.01
48.51
49.01
49.52
50.01
50.52
51.02
51.53
52.03
52.54
53.04
53.54
54.05
54.56
55.05
55.56
56.07
56.58
57.08
57.59
58.08
58.59
59.09
59.6
60.1
60.61
61.12
61.62
62.11
62.61
63.12
63.63
64.14
64.65
65.16
65.66
66.16
66.66
67.16
67.67
68.17
68.67
69.18
69.68
70.19
70.69
71.19
71.7
72.2
72.71
73.21
73.72
74.22
74.72
75.22
75.72
76.23
76.74
77.24
77.75
78.26
78.76
79.26
79.77
80.27
80.78
81.28
81.78
82.28
82.79
83.29
83.8
84.3
84.8
85.31
85.82
86.33
86.83
87.33
87.83
88.34
88.84
89.34
89.84
90.35
90.85
91.36
91.87
92.37
92.87
93.38
93.89
94.4
94.9
95.4
95.9
96.4
96.91
97.42
97.92
98.42
98.92
99.43
99.94
100.44
100.95
101.45
101.95
102.46
102.96
103.47
103.97
104.47
104.98
105.48
105.99
106.49
107.0
107.5
108.0
108.5
109.01
109.51
110.01
110.52
111.03
111.53
112.04
112.54
113.05
113.55
114.05
114.56
115.07
115.57
116.07
116.58
117.08
117.58
118.09
118.59
119.09
119.6
120.1
120.61
121.12
121.62
122.12
122.63
123.13
123.64
124.14
124.65
125.15
125.65
126.15
126.65
127.16
127.67
128.17
128.68
129.18
129.68
130.19
130.69
131.2
131.7
132.21
132.71
133.22
133.72
134.22
134.72
135.23
135.74
136.24
136.74
137.25
137.75
138.25
138.76
139.27
139.77
140.27
140.77
141.27
141.78
142.28
142.79
143.29
143.8
144.3
144.82
145.32
145.82
146.32
146.83
147.33
147.83
148.34
148.84
149.35
149.85
150.35
150.86
151.37
151.87
152.37
152.87
153.38
153.89
154.39
154.89
155.4
155.9
156.41
156.91
157.42
157.92
158.42
158.93
159.43
159.93
160.44
160.94
161.45
161.95
162.46
162.97
163.47
163.97
164.47
164.97
165.48
165.98
166.49
166.99
167.5
168.0
168.5
169.01
169.51
170.01
170.52
171.03
171.54
172.04
172.55
173.05
173.56
174.06
174.56
175.06
175.56
176.07
176.58
177.08
177.58
178.09
178.6
179.11
179.61
180.11
180.61
181.12
181.62
182.12
182.62
183.12
183.63
184.14
184.65
185.15
185.65
186.15
186.66
187.16
187.66
188.17
188.68
189.17
189.68
190.19
190.69
191.19
191.69
192.2
192.71
193.21
193.71
194.22
194.73
195.23
195.73
196.24
196.74
197.25
197.75
198.27
198.79
199.25
199.75
200.31
200.81
201.32
201.83
202.33
202.83
203.33
203.83
204.33
204.79
205.35
