0.01
0.76
1.54
2.29
3.06
3.83
4.6
5.37
6.13
6.9
7.66
8.44
9.2
9.97
10.74
11.51
12.28
13.05
13.82
14.59
15.35
16.12
16.89
17.66
18.42
19.19
19.96
20.73
21.5
22.27
23.04
23.81
24.58
25.33
26.1
26.87
27.64
28.41
29.18
29.95
30.72
31.5
32.27
33.03
33.8
34.57
35.33
36.1
36.87
37.64
38.41
39.17
39.93
40.7
41.48
42.25
43.02
43.78
44.55
45.32
46.09
46.86
47.63
48.4
49.16
49.93
50.7
51.47
52.24
53.01
53.77
54.54
55.3
56.08
56.85
57.61
58.38
59.15
59.92
60.69
61.46
62.23
62.99
63.76
64.53
65.3
66.07
66.84
67.61
68.38
69.15
69.92
70.68
71.45
72.22
72.98
73.74
74.51
75.28
76.06
76.83
77.59
78.35
79.13
79.9
80.67
81.45
82.22
82.98
83.75
84.52
85.29
86.05
86.82
87.59
88.35
89.13
89.89
90.66
91.43
92.2
92.96
93.74
94.51
95.27
96.03
96.8
97.57
98.34
99.12
99.88
100.65
101.42
102.18
102.95
103.72
104.48
105.25
106.02
106.79
107.56
108.33
109.1
109.87
110.64
111.42
112.18
112.94
113.71
114.48
115.24
116.01
116.78
117.55
118.32
119.08
119.84
120.61
121.38
122.14
122.91
123.68
124.46
125.23
125.99
126.75
127.52
128.29
129.06
129.82
130.6
131.38
132.14
132.91
133.68
134.46
135.22
135.99
136.77
137.54
138.3
139.07
139.83
140.6
141.36
142.13
142.9
143.68
144.44
145.21
145.98
146.74
147.51
148.27
149.04
149.82
150.59
151.36
152.13
152.9
153.67
154.43
155.2
155.97
156.74
157.51
158.27
159.04
159.8
160.58
161.35
162.12
162.9
163.67
164.44
165.21
165.98
166.74
167.51
168.27
169.03
169.79
170.56
171.31
172.09
172.86
173.63
174.41
175.17
175.94
176.71
177.49
178.25
179.02
179.79
180.56
181.32
182.09
182.85
183.61
184.38
185.15
185.93
186.71
187.47
188.24
189.01
189.77
190.54
191.3
192.07
192.84
193.61
194.37
195.14
195.91
196.68
197.46
198.24
199.01
199.78
200.56
201.33
202.09
202.86
203.64
204.41
205.19
205.97
206.73
207.5
208.26
209.03
209.79
210.56
211.32
212.09
212.86
213.63
214.39
215.16
215.92
216.68
217.45
218.22
219.0
219.76
220.52
221.29
222.05
