0.09
0.49
0.9
1.31
1.72
2.13
2.54
2.95
3.34
3.73
4.12
4.54
4.97
5.35
5.76
6.16
6.57
7.0
7.41
7.8
8.21
8.66
9.08
9.51
9.92
10.34
10.75
11.16
11.57
11.99
12.4
12.81
13.22
13.63
14.04
14.46
14.87
15.28
15.69
16.1
16.51
16.92
17.33
17.74
18.15
18.56
18.97
19.38
19.79
20.21
20.62
21.03
21.44
21.85
22.26
22.67
23.09
23.5
23.91
24.32
24.73
25.13
25.54
25.96
26.37
26.79
27.2
27.61
28.02
28.42
28.83
29.25
29.66
30.07
30.48
30.9
31.31
31.72
32.13
32.54
32.95
33.36
33.77
34.18
34.59
35.0
35.41
35.82
36.23
36.65
37.06
37.47
37.88
38.29
38.7
39.11
39.52
39.93
40.34
40.75
41.16
41.58
41.99
42.4
42.81
43.22
43.63
44.04
44.45
44.86
45.27
45.68
46.09
46.51
46.92
47.33
47.74
48.16
48.57
48.98
49.39
49.8
50.21
50.62
51.03
51.44
51.85
52.26
52.67
53.08
53.49
53.9
54.31
54.72
55.14
55.55
55.96
56.37
56.78
57.19
57.6
58.01
58.42
58.83
59.24
59.66
60.07
60.48
60.89
61.3
61.71
62.12
62.53
62.94
63.36
63.77
64.18
64.59
65.0
65.4
65.8
66.2
66.59
66.99
67.41
67.85
68.28
68.69
69.09
69.5
69.9
70.31
70.73
71.16
71.57
71.98
72.4
72.82
73.22
73.64
74.04
74.45
74.86
75.28
75.69
76.1
76.51
76.92
77.33
77.74
78.15
78.56
78.97
79.38
79.8
80.21
80.62
81.04
81.45
81.86
82.27
82.69
83.11
83.51
83.91
84.32
84.74
85.15
85.55
85.96
86.37
86.78
87.19
87.61
88.03
88.45
88.86
89.27
89.68
90.1
90.52
90.92
91.34
91.74
92.15
92.56
92.97
93.39
93.8
94.2
94.6
95.01
95.42
95.84
96.24
96.65
97.06
97.47
97.88
98.29
98.7
99.11
99.52
99.93
100.34
100.75
101.16
101.58
101.99
102.4
102.81
103.23
103.64
104.05
104.46
104.87
105.29
105.71
106.12
106.54
106.95
107.35
107.76
108.17
108.58
108.99
109.39
109.8
110.21
110.62
111.04
111.45
111.86
112.28
112.69
113.09
113.5
113.91
114.32
114.73
115.14
115.55
115.96
116.37
116.78
117.19
117.6
118.01
118.42
118.83
119.24
119.66
120.07
120.48
120.89
121.3
121.71
122.12
122.53
122.95
123.36
123.77
124.18
124.59
125.0
125.42
125.83
126.26
126.67
127.07
127.47
127.88
128.29
128.7
129.11
129.53
129.94
130.35
130.76
131.17
131.58
131.98
132.39
132.8
133.22
133.63
134.04
134.45
134.86
135.27
135.68
136.1
136.51
136.92
137.33
137.74
138.15
138.56
138.97
139.39
139.8
140.21
140.62
141.03
141.44
141.86
142.26
142.67
143.09
143.5
143.91
144.32
144.73
145.14
145.55
145.96
146.37
146.79
147.2
147.61
148.02
148.43
148.84
149.25
149.66
150.07
150.49
150.9
151.31
151.73
152.13
152.54
152.95
153.36
153.77
154.18
154.59
155.01
155.42
155.83
156.24
156.65
157.06
157.47
157.88
158.3
158.71
159.12
159.53
159.94
160.35
160.76
161.17
161.58
161.99
162.4
162.81
163.22
163.63
164.05
164.46
164.87
165.28
165.69
166.1
166.51
166.92
167.33
167.74
168.15
168.56
168.98
169.39
169.8
170.21
170.62
171.03
171.44
171.85
172.26
172.67
173.08
173.5
173.91
174.32
174.74
175.15
175.56
175.97
176.38
176.8
177.21
177.61
178.02
178.43
178.85
179.25
179.66
180.07
180.48
180.89
181.3
181.71
182.12
182.53
182.94
183.36
183.77
184.18
184.59
185.0
185.41
185.82
186.23
186.64
187.06
187.47
187.88
188.29
188.7
189.11
189.52
189.93
190.34
190.75
191.16
191.57
191.99
192.4
192.81
193.22
193.63
194.04
194.45
194.86
195.28
195.69
196.1
196.51
196.92
197.33
197.74
198.15
198.56
198.97
199.38
199.79
200.21
200.62
201.03
201.44
201.86
202.27
202.68
203.09
203.5
203.91
204.31
204.72
205.14
205.55
205.96
206.37
206.78
207.19
207.6
208.01
208.43
208.84
209.25
209.66
210.07
210.48
210.89
211.3
211.71
212.12
212.53
212.94
213.36
213.77
214.18
214.59
215.01
215.42
215.83
216.24
216.65
217.06
217.47
217.88
218.29
218.7
219.11
219.52
219.93
220.34
220.74
221.14
221.55
221.95
222.37
