0.11
0.41
0.72
1.03
1.34
1.65
1.96
2.27
2.58
2.89
3.2
3.51
3.82
4.13
4.44
4.75
5.06
5.37
5.68
6.3
6.92
7.55
8.17
8.79
9.41
10.03
10.65
11.27
11.89
12.51
13.13
13.75
14.37
14.98
15.61
16.23
16.86
17.49
18.11
18.72
19.34
19.96
20.59
21.21
21.83
22.45
23.07
23.69
24.31
24.93
25.55
26.17
26.79
27.41
28.04
28.66
29.28
29.9
30.52
31.14
31.77
32.39
33.01
33.65
34.26
34.87
35.5
36.11
36.73
37.36
37.98
38.6
39.22
39.83
40.45
41.08
41.69
42.32
42.95
43.57
44.18
44.8
45.41
46.04
46.67
47.29
47.92
48.23
48.85
49.46
50.06
50.65
50.96
51.27
51.9
52.52
52.84
53.15
53.79
54.4
54.71
55.02
55.33
55.66
56.28
56.91
57.53
58.14
58.78
59.4
60.03
60.65
61.27
61.89
62.51
63.13
63.74
64.35
64.98
65.6
66.22
66.85
67.46
68.09
68.71
69.33
69.94
70.54
71.17
71.49
71.8
72.11
72.42
72.73
73.04
73.34
73.65
73.96
74.27
74.58
74.89
75.2
75.51
75.83
76.14
76.45
76.76
77.08
77.39
77.7
78.01
78.32
78.64
78.95
79.26
79.57
79.88
80.18
80.49
80.8
81.11
81.42
81.74
82.05
82.36
82.66
82.97
83.28
83.6
83.91
84.22
84.53
84.84
85.15
85.46
85.77
86.08
86.4
86.71
87.02
87.31
87.62
87.93
88.25
88.57
88.88
89.19
89.5
89.81
90.12
90.43
90.74
91.06
91.38
91.69
92.0
92.31
92.62
92.92
93.23
93.53
93.84
94.15
94.47
94.79
95.1
95.41
95.72
96.03
96.34
96.65
96.97
97.28
97.59
97.89
98.2
98.51
98.82
99.13
99.44
99.75
100.06
100.37
100.67
100.98
101.29
101.6
101.91
102.23
102.54
102.85
103.16
103.47
103.78
104.1
104.41
104.72
105.03
105.34
105.66
105.97
106.28
106.59
106.9
107.21
107.51
107.82
108.13
108.44
108.75
109.07
109.38
109.69
110.0
110.31
110.61
110.92
111.23
111.54
111.85
112.16
112.47
112.78
113.09
113.4
113.71
114.02
114.33
114.63
114.94
115.25
115.56
115.87
116.19
116.51
116.82
117.13
117.44
117.75
118.06
118.38
118.7
119.01
119.32
119.63
119.94
120.25
120.56
120.87
121.18
121.49
121.81
122.12
122.43
122.74
123.05
123.36
123.66
123.97
124.28
124.59
124.9
125.21
125.52
125.83
126.14
126.46
126.77
127.08
127.39
127.7
128.01
128.32
128.63
128.94
129.25
129.57
129.88
130.19
130.49
130.8
131.11
131.43
131.74
132.05
132.36
132.67
132.98
133.29
133.6
133.92
134.23
134.54
134.85
135.16
135.47
135.78
136.09
136.4
136.71
137.02
137.33
137.63
137.94
138.24
138.55
138.86
139.17
139.49
139.8
140.12
140.43
140.74
141.05
141.36
141.67
141.97
142.28
142.6
143.24
143.86
144.49
145.1
145.72
146.34
146.96
147.58
148.21
148.83
149.44
150.05
150.67
151.29
151.91
152.53
153.14
153.78
154.41
155.03
155.65
156.27
156.87
157.49
158.13
158.75
159.37
159.99
160.6
161.23
161.86
162.48
163.1
163.72
164.33
164.95
165.58
166.19
166.81
167.44
168.06
168.68
169.3
169.92
170.55
171.18
171.8
172.42
173.05
173.67
174.28
174.89
175.5
176.13
176.76
177.38
178.0
178.61
179.22
179.84
180.15
180.46
180.78
181.1
181.41
181.72
182.03
182.33
182.64
182.94
183.24
183.54
183.84
