0.1
0.48
0.87
1.25
1.64
2.02
2.4
2.78
3.16
3.54
3.93
4.31
4.7
5.08
5.46
5.84
6.21
6.6
6.98
7.36
7.74
8.13
8.52
8.91
9.29
9.66
10.04
10.41
10.79
11.17
11.56
11.93
12.31
12.7
13.09
13.48
13.87
14.26
14.64
15.01
15.39
15.77
16.15
16.53
16.92
17.3
17.68
18.06
18.45
18.83
19.21
19.6
19.98
20.36
20.75
21.13
21.5
21.87
22.25
22.64
23.03
23.41
23.8
24.19
24.57
24.95
25.32
25.7
26.09
26.47
26.85
27.23
27.61
28.0
28.39
28.77
29.15
29.53
29.91
30.29
30.67
31.05
31.43
31.81
32.2
32.59
32.97
33.35
33.72
34.1
34.48
34.87
35.26
36.03
36.79
37.56
38.32
39.09
39.85
40.61
41.38
42.14
42.9
43.67
44.44
45.2
45.96
46.73
47.48
47.87
48.25
48.63
49.01
49.39
49.77
50.16
50.54
50.92
51.3
51.69
52.07
52.45
52.83
53.22
53.6
53.98
54.36
54.74
55.13
55.51
55.89
56.27
56.66
57.04
57.43
58.19
58.96
59.72
60.48
61.25
62.02
62.78
63.54
64.31
65.07
65.84
66.6
67.37
68.13
68.9
69.66
70.42
71.19
71.96
72.72
73.48
74.24
75.02
75.78
76.54
77.31
78.07
78.83
79.6
80.36
81.13
81.89
82.65
83.42
84.19
84.95
85.71
86.47
87.24
88.0
88.77
89.53
90.3
91.06
91.82
92.59
93.36
94.12
94.88
95.65
96.41
97.17
97.94
98.7
99.46
100.23
101.0
101.76
102.52
103.29
104.05
104.81
105.58
106.35
107.11
107.87
108.64
109.4
110.17
110.93
111.7
112.47
113.23
113.99
114.76
115.52
116.28
117.05
117.81
118.58
119.35
120.11
120.87
121.63
122.01
122.39
122.77
123.16
123.54
123.92
124.3
124.69
125.07
125.45
125.83
126.21
126.59
126.98
127.36
127.74
128.12
128.51
128.89
129.27
129.65
130.04
130.42
130.8
131.19
131.57
131.95
132.33
132.71
133.1
133.48
133.86
134.24
134.62
135.0
135.39
135.77
136.15
136.53
136.92
137.3
137.68
138.06
138.44
138.83
139.21
139.59
139.97
140.35
140.74
141.12
141.5
141.88
142.27
142.65
143.03
143.41
143.8
144.18
144.56
144.94
145.33
145.71
146.09
146.47
146.85
147.23
147.62
148.0
148.39
148.77
149.15
149.53
149.91
150.29
150.67
151.05
151.44
151.82
152.2
152.58
152.97
153.35
153.73
154.11
154.49
154.88
155.26
155.64
156.02
156.41
156.79
157.17
157.55
157.93
158.31
158.7
159.08
159.46
159.85
160.23
160.61
160.99
161.38
161.76
162.14
162.52
162.9
163.28
163.66
164.05
164.43
164.81
165.19
165.57
165.95
166.34
166.72
167.1
167.48
167.87
168.25
168.63
169.01
169.4
169.78
170.16
170.54
170.92
171.31
171.69
172.07
172.45
172.83
173.22
173.6
173.98
174.36
174.75
175.13
175.51
175.9
176.28
176.66
177.04
177.42
177.81
178.19
178.57
178.95
179.33
179.71
180.09
180.48
180.86
181.24
181.63
182.01
182.39
182.77
183.15
183.53
183.92
184.3
184.69
185.07
185.45
185.83
186.21
186.6
186.98
187.36
187.73
188.1
188.48
188.86
189.23
189.63
190.02
190.41
190.8
191.18
191.55
191.93
192.31
192.69
193.08
193.47
193.85
194.23
194.61
195.0
195.38
195.76
196.14
196.52
196.9
197.28
197.66
198.05
198.44
198.82
199.2
199.59
199.97
200.35
200.73
201.12
201.5
201.88
202.25
202.62
203.01
203.4
203.79
204.18
204.56
204.94
205.32
205.71
206.09
206.47
206.85
207.23
207.62
208.0
208.38
208.76
209.14
209.52
209.9
210.29
210.67
211.06
211.44
211.82
212.2
212.58
212.96
213.35
213.73
214.11
214.5
214.88
215.26
215.64
216.02
216.4
216.78
217.17
217.55
217.94
218.32
218.7
219.08
219.46
219.85
220.23
220.61
220.99
221.37
221.76
222.14
222.52
222.9
223.29
223.67
224.05
224.43
224.81
225.19
225.58
225.96
226.35
226.73
227.11
227.49
227.87
228.26
228.64
229.02
229.41
229.79
230.17
230.55
230.93
231.32
231.7
232.08
232.46
232.84
233.22
233.6
233.98
234.36
234.75
235.13
235.52
235.9
236.29
237.05
237.82
238.58
239.34
240.11
240.87
241.63
242.4
243.17
243.93
244.69
245.45
246.22
246.99
247.75
248.51
249.28
250.04
250.81
251.57
252.33
253.1
253.86
254.62
255.75
256.9
257.28
257.66
258.06
258.45
258.83
259.22
259.59
259.96
260.33
260.71
261.08
261.52
261.91
262.27
263.03
263.82
264.2
264.58
264.94
265.4
265.72
266.17
266.57
266.97
267.35
267.74
268.01
268.51
268.79
