0.13
0.67
1.23
1.8
2.37
2.93
3.5
4.05
4.6
5.16
5.73
6.3
6.87
7.43
8.0
8.56
9.12
9.68
10.24
10.81
11.36
11.92
12.48
13.05
13.62
14.19
14.75
15.31
15.87
16.44
17.0
17.57
18.13
18.7
19.26
19.82
20.38
20.94
21.5
22.07
22.63
23.2
23.76
24.32
24.89
25.45
26.01
26.57
27.14
27.7
28.26
28.82
29.39
29.95
30.52
31.08
31.64
32.21
32.77
33.33
33.9
34.46
35.02
35.58
36.14
36.71
37.27
37.84
38.4
38.96
39.52
40.09
40.65
41.22
41.78
42.34
42.9
43.47
44.03
44.59
45.15
45.72
46.28
46.84
47.41
47.97
48.53
49.1
49.66
50.22
50.78
51.34
51.91
52.47
53.03
53.6
54.16
54.73
55.29
55.85
56.41
56.97
57.53
58.1
58.66
59.23
59.79
60.36
60.92
61.49
62.05
62.61
63.17
63.74
64.3
64.86
65.42
65.99
66.55
67.11
67.67
68.24
68.8
69.36
69.93
70.49
71.05
71.61
72.17
72.74
73.3
73.86
74.41
74.98
75.54
76.11
76.68
77.24
77.82
78.38
78.94
79.5
80.07
80.63
81.19
81.76
82.32
82.88
83.45
84.0
84.56
85.12
85.69
86.26
86.82
87.39
87.94
88.5
89.07
89.64
90.2
90.76
91.32
91.89
92.45
93.01
93.58
94.14
94.7
95.26
95.82
96.39
96.95
97.51
98.08
98.65
99.21
99.77
100.33
100.89
101.46
102.02
102.58
103.15
103.71
104.28
104.84
105.4
105.96
106.52
107.09
107.66
108.22
108.78
109.35
109.91
110.47
111.03
111.58
112.15
112.72
113.28
113.84
114.41
114.97
115.54
116.1
116.66
117.22
117.79
118.35
118.91
119.47
120.03
120.59
121.16
121.72
122.29
122.85
123.42
123.98
124.55
125.11
125.67
126.23
126.8
127.35
127.92
128.48
129.04
129.61
130.17
130.73
131.29
131.85
132.42
132.99
133.55
134.12
134.68
135.24
135.81
136.36
136.92
137.48
138.04
138.61
139.18
139.76
140.32
140.88
141.44
142.01
142.56
143.13
143.7
144.27
144.83
145.39
145.95
146.51
147.08
147.64
148.21
148.77
149.33
149.89
150.45
151.01
151.57
152.14
152.71
153.27
153.84
154.4
154.95
155.53
156.09
156.65
157.22
157.78
158.34
158.9
159.47
160.03
160.59
161.15
161.72
162.28
162.84
163.4
163.97
164.53
165.09
165.66
166.22
166.78
167.35
167.9
168.46
169.03
169.59
170.16
170.73
171.29
171.85
172.41
172.97
173.53
174.09
174.66
175.23
175.79
176.35
176.91
177.48
178.04
178.6
179.16
179.73
180.29
180.86
181.42
181.99
182.55
183.12
183.68
184.24
184.8
185.36
185.92
186.49
187.05
187.61
188.17
188.74
189.3
189.87
190.43
190.99
191.55
192.12
192.69
193.25
193.81
194.38
194.94
195.5
196.06
196.63
197.19
197.75
198.32
198.89
199.45
200.01
200.57
201.13
201.7
202.26
202.82
203.39
203.95
204.51
205.07
205.63
206.19
206.76
207.32
207.89
208.45
209.02
209.58
210.14
210.69
211.27
211.83
212.4
212.96
213.52
214.08
214.64
215.2
215.77
216.33
216.9
217.46
218.02
218.59
219.15
219.71
220.28
220.84
221.4
221.96
222.52
223.08
223.65
224.21
224.78
225.34
225.91
226.46
227.03
227.59
228.15
228.72
229.28
229.84
230.41
230.97
231.53
232.1
232.66
233.22
233.79
234.35
234.92
235.48
236.03
236.57
237.13
237.66
238.2
238.78
239.33
239.85
