0.31
0.73
1.15
1.56
1.99
2.41
2.83
3.25
3.67
4.09
4.52
4.94
5.36
5.78
6.21
6.63
7.05
7.47
7.89
8.31
8.74
9.16
9.58
10.0
10.42
10.85
11.27
11.69
12.12
12.54
12.97
13.39
13.81
14.23
14.66
15.08
15.51
15.93
16.35
16.77
17.19
17.61
18.03
18.67
19.09
19.51
19.94
20.36
20.78
21.21
21.63
22.05
22.46
22.89
23.32
23.74
24.16
24.58
24.99
25.41
25.84
26.26
26.69
27.12
27.54
27.96
28.38
28.8
29.22
29.64
30.06
30.49
30.91
31.33
31.76
32.18
32.6
33.02
33.44
33.86
34.28
34.7
35.13
35.55
35.97
36.39
36.82
37.24
37.66
38.08
38.5
38.92
39.33
39.76
40.19
40.61
41.03
41.46
41.89
42.3
42.72
43.15
43.57
43.99
44.42
44.84
45.26
45.68
46.11
46.53
46.95
47.37
47.79
48.21
48.64
49.06
49.48
49.9
50.75
51.59
52.43
53.28
53.7
54.12
54.54
54.96
55.39
55.81
56.23
56.65
57.08
57.5
57.92
58.35
58.77
59.19
59.61
60.03
60.45
60.87
61.29
61.72
62.14
62.56
62.99
63.41
63.83
64.25
64.67
65.1
65.52
65.94
66.36
66.79
67.21
67.63
68.05
68.47
68.89
69.32
69.74
70.16
70.58
71.01
71.43
71.85
72.27
72.7
73.13
73.56
73.98
74.39
74.81
75.23
75.65
76.07
76.49
76.91
77.33
77.75
78.17
78.6
79.02
79.44
79.87
80.3
80.72
81.14
81.56
81.98
82.4
82.82
83.24
83.67
84.09
84.51
84.93
85.35
85.78
86.2
86.63
87.05
87.47
87.89
88.31
88.73
89.15
89.57
90.0
90.42
90.84
91.27
91.69
92.11
92.53
92.95
93.37
93.8
94.22
94.64
95.07
95.49
95.91
96.33
96.75
97.18
97.6
98.02
98.44
98.86
99.28
99.7
100.13
100.56
100.98
101.4
101.82
102.24
102.66
103.08
103.5
103.92
104.35
104.77
105.19
105.62
106.04
106.46
106.88
107.3
107.73
108.15
108.57
108.99
109.41
109.83
110.25
110.68
111.1
111.53
111.95
112.37
112.79
113.21
113.63
114.05
114.47
114.9
115.32
115.74
116.16
116.59
117.02
117.44
117.86
118.28
118.7
119.12
119.54
119.97
120.39
120.81
121.23
121.65
122.08
122.5
122.92
123.35
123.77
124.19
124.61
125.03
125.45
125.87
126.3
126.72
127.14
127.56
127.98
128.4
128.83
129.26
129.68
130.1
130.52
130.94
131.36
131.78
132.21
132.64
133.06
133.48
133.9
134.32
134.74
135.16
135.59
136.01
136.43
136.85
137.27
137.7
138.12
138.54
138.96
139.38
139.81
140.23
140.65
141.07
141.49
141.92
142.34
142.76
143.18
143.6
144.03
144.46
145.3
146.14
146.99
147.83
148.67
149.52
150.36
151.21
152.05
152.89
153.73
154.58
155.42
156.26
157.12
157.96
158.81
159.65
160.49
161.33
162.18
163.02
163.87
164.71
165.55
166.4
167.24
167.66
168.08
168.5
168.92
169.34
169.77
170.19
170.6
171.03
171.46
171.88
172.3
172.72
173.14
173.57
174.0
174.42
174.85
175.27
175.69
176.12
176.54
176.97
177.38
177.8
178.22
178.65
179.07
179.49
179.91
180.33
180.75
181.17
181.59
182.01
182.43
182.86
183.29
183.71
184.13
184.55
184.98
185.39
185.81
186.24
186.66
187.08
187.5
187.93
188.35
188.77
189.19
189.61
190.03
190.46
190.88
191.3
191.72
192.14
192.57
192.99
193.41
193.84
194.26
194.68
195.1
195.52
195.94
196.36
196.79
197.21
197.63
198.07
198.5
198.92
199.33
199.75
200.17
200.59
201.01
201.43
201.85
202.28
202.7
203.12
203.75
204.18
204.6
205.02
205.45
205.87
206.29
206.71
207.13
207.55
207.97
208.39
208.81
209.24
209.66
210.08
210.5
210.93
211.35
211.78
212.2
212.62
213.05
213.47
213.88
214.3
