0.07
0.53
0.99
1.45
1.91
2.37
2.85
3.31
3.78
4.24
4.69
5.13
5.6
6.03
6.47
6.98
7.4
7.9
8.33
8.82
9.31
9.78
10.24
10.7
11.16
11.62
12.04
12.5
12.99
13.46
13.92
14.39
14.85
15.32
15.78
16.24
16.7
17.16
17.61
18.08
18.54
19.01
19.49
19.96
20.41
20.87
21.33
21.8
22.25
22.71
23.18
23.63
24.09
24.55
25.01
25.47
25.93
26.39
26.85
27.31
27.77
28.24
28.7
29.16
29.62
30.08
30.54
31.0
31.47
31.93
32.39
32.85
33.31
33.77
34.24
34.7
35.16
35.62
36.08
36.54
37.0
37.47
37.93
38.39
38.85
39.31
39.77
40.24
40.7
41.17
41.64
42.1
42.55
43.01
43.47
43.93
44.38
44.85
45.31
45.77
46.24
46.7
47.16
47.62
48.08
48.54
49.0
49.47
49.93
50.39
50.85
51.31
51.77
52.23
52.7
53.16
53.62
54.08
54.54
55.0
55.47
55.93
56.39
56.85
57.31
57.77
58.24
58.7
59.16
59.63
60.09
60.57
61.03
61.48
61.95
62.4
62.85
63.31
63.77
64.24
64.7
65.16
65.62
66.08
66.54
67.0
67.47
67.93
68.39
68.85
69.31
69.77
70.24
70.7
71.16
71.62
72.08
72.54
73.01
73.47
73.93
74.39
74.85
75.31
75.78
76.24
76.7
77.16
77.62
78.08
78.54
79.01
79.47
79.93
80.4
80.86
81.31
81.78
82.23
82.69
83.16
83.62
84.09
84.56
85.02
85.48
85.94
86.39
86.85
87.31
87.77
88.24
88.7
89.16
89.62
90.09
90.55
91.01
91.48
91.94
92.4
92.86
93.32
93.78
94.25
94.7
95.16
95.62
96.08
96.55
97.02
97.47
97.93
98.39
98.86
99.32
99.78
100.24
100.7
101.16
101.62
102.08
102.55
103.01
103.47
103.93
104.39
104.85
105.31
105.78
106.24
106.7
107.16
107.62
108.08
108.54
109.01
109.47
109.93
110.39
110.85
111.31
111.78
112.24
112.7
113.16
113.62
114.08
114.55
115.01
115.47
115.93
116.39
116.85
117.31
117.77
118.24
118.7
119.16
119.62
120.08
120.54
121.01
121.47
121.93
122.39
122.85
123.31
123.77
124.24
124.7
125.16
125.62
126.08
126.54
127.0
127.47
127.93
128.39
128.85
129.32
129.78
130.24
130.71
131.18
131.63
132.1
132.55
133.01
133.47
133.93
134.39
134.85
135.31
135.78
136.24
136.7
137.16
137.62
138.08
138.54
139.01
139.47
139.93
140.39
140.85
141.31
141.77
142.24
142.7
143.16
143.62
144.08
144.54
145.01
145.47
145.92
146.39
146.85
147.31
147.78
148.24
148.7
149.16
149.63
150.08
150.53
150.99
151.45
151.93
152.39
152.85
153.32
153.78
154.25
154.71
155.17
155.63
156.09
156.54
157.0
157.47
157.93
158.39
158.85
159.31
159.78
160.24
160.71
161.17
161.63
162.09
162.55
163.01
163.48
163.93
164.39
164.85
165.32
165.78
166.25
166.71
167.17
167.63
168.09
168.55
169.01
169.47
169.93
170.39
170.85
171.31
171.78
172.24
172.7
173.16
173.62
174.08
174.54
175.01
175.47
175.93
176.39
176.85
177.32
177.78
178.24
178.7
179.16
179.62
180.08
180.54
181.01
181.47
181.93
182.39
182.85
183.31
183.78
184.24
184.7
185.17
185.63
186.1
186.56
187.02
187.48
187.94
188.4
188.86
189.32
189.78
190.24
190.7
191.16
191.62
192.08
192.54
193.01
193.47
193.93
194.39
194.85
195.31
195.78
196.24
196.7
197.16
197.62
198.08
198.54
199.0
199.47
199.94
200.41
200.86
201.32
201.77
202.24
202.7
203.16
203.62
204.08
204.54
205.01
205.47
205.93
206.39
206.85
207.31
207.78
208.24
208.7
209.16
209.62
210.08
210.55
211.01
211.47
211.93
212.39
212.85
213.31
213.77
214.24
214.7
215.16
215.62
216.08
216.54
217.01
217.47
217.93
218.39
218.85
219.31
219.78
220.24
220.7
221.16
221.62
222.08
222.54
223.01
223.47
223.93
224.39
224.86
225.33
225.79
226.25
226.71
227.17
227.59
