0.18
0.65
1.13
1.6
2.08
2.56
3.04
3.52
4.01
4.49
4.97
5.44
5.92
6.4
6.88
7.36
7.85
8.33
8.81
9.28
9.76
10.24
10.72
11.2
11.69
12.18
12.66
13.13
13.62
14.09
14.57
15.05
15.52
16.0
16.49
16.95
17.44
17.93
18.41
18.89
19.37
19.85
20.33
20.81
21.29
21.77
22.25
22.73
23.21
23.69
24.17
24.65
25.13
25.61
26.09
26.57
27.05
27.53
28.01
28.49
28.97
29.45
29.93
30.41
30.89
31.37
31.85
32.33
32.81
33.29
33.77
34.25
34.73
35.21
35.69
36.17
36.65
37.13
37.61
38.09
38.57
39.05
39.53
40.01
40.49
40.97
41.45
41.93
42.41
42.89
43.37
43.85
44.33
44.81
45.29
45.77
46.25
46.73
47.21
47.69
48.17
48.65
49.13
49.61
50.09
50.57
51.05
51.53
52.01
52.49
52.97
53.45
53.93
54.41
54.89
55.37
55.85
56.33
56.81
57.29
57.77
58.25
58.73
59.21
59.69
60.17
60.65
61.13
61.61
62.09
62.57
63.05
63.53
64.01
64.49
64.97
65.44
65.91
66.39
66.88
67.37
67.86
68.33
68.81
69.29
69.77
70.25
70.73
71.21
71.69
72.17
72.65
73.13
73.61
74.09
74.57
75.05
75.53
76.01
76.49
76.97
77.45
77.93
78.41
78.89
79.37
79.85
80.33
80.81
81.29
81.77
82.25
82.73
83.21
83.69
84.17
84.65
85.13
85.61
86.09
86.57
87.05
87.53
88.01
88.49
88.97
89.45
89.93
90.41
90.89
91.37
91.85
92.33
92.81
93.29
93.77
94.25
94.73
95.21
95.69
96.17
96.65
97.13
97.61
98.09
98.57
99.05
99.53
100.01
100.49
100.97
101.45
101.93
102.41
102.89
103.37
103.85
104.33
104.81
105.29
105.77
106.25
106.73
107.21
107.69
108.17
108.65
109.13
109.61
110.09
110.57
111.05
111.53
112.01
112.49
112.97
113.45
113.93
114.41
114.89
115.37
115.85
116.33
116.81
117.29
117.77
118.25
118.73
119.21
119.69
120.17
120.65
121.13
121.61
122.09
122.57
123.05
123.53
124.01
124.49
124.97
125.45
125.93
126.41
126.89
127.37
127.85
128.33
128.81
129.29
129.77
130.24
130.71
131.19
131.67
132.16
132.65
133.13
133.61
134.09
134.57
135.05
135.53
136.01
136.49
136.97
137.45
137.93
138.41
138.89
139.37
139.85
140.33
140.81
141.29
141.77
142.25
142.73
143.21
143.69
144.17
144.65
145.13
145.61
146.09
146.57
147.05
147.53
148.01
148.49
148.97
149.45
149.93
150.41
150.89
151.37
151.85
152.33
152.81
153.29
153.77
154.25
154.73
155.21
155.69
156.17
156.65
157.13
157.61
158.09
158.57
159.05
159.53
160.01
160.49
160.97
161.45
161.93
162.41
162.89
163.37
163.85
164.31
164.78
165.26
165.75
166.24
166.72
167.2
167.69
168.17
168.65
169.12
169.6
170.08
170.56
171.05
171.53
172.01
172.49
172.96
173.44
173.92
174.4
174.89
175.38
175.87
176.35
176.83
177.3
177.78
178.25
178.73
179.21
179.7
180.17
180.64
181.12
181.6
182.08
182.57
183.06
183.53
184.01
184.49
184.97
185.45
185.93
186.41
186.89
187.37
187.85
188.33
188.81
189.29
189.77
190.25
190.73
191.21
191.69
192.17
192.65
193.13
193.61
194.09
194.57
195.05
195.53
196.01
196.49
196.97
197.45
197.93
198.41
198.88
199.36
199.83
200.32
200.81
201.29
201.79
202.27
202.74
