0.1
0.8
1.49
2.18
2.85
3.55
4.23
4.92
5.59
6.29
6.98
7.67
8.34
9.03
9.72
10.41
11.08
11.78
12.47
13.16
13.82
14.52
15.21
15.9
16.56
17.26
17.95
18.64
19.31
20.0
20.69
21.38
22.05
22.75
23.44
24.12
24.79
25.49
26.18
26.87
27.54
28.23
28.92
29.61
30.28
30.98
31.66
32.35
33.02
33.72
34.41
35.1
35.76
36.46
37.14
37.84
38.51
39.2
39.9
40.58
41.25
41.94
42.63
43.32
43.99
44.69
45.37
46.06
46.73
47.43
48.11
48.81
49.48
50.17
50.85
51.54
52.22
52.91
53.6
54.29
54.96
55.66
56.34
57.03
57.71
58.4
59.08
59.78
60.45
61.14
61.82
62.52
63.19
63.88
64.57
65.26
65.93
66.63
67.32
68.01
68.68
69.38
70.06
70.75
71.42
72.12
72.8
73.49
74.16
74.86
75.55
76.24
76.91
77.6
78.29
78.98
79.65
80.35
81.04
81.73
82.4
83.09
83.78
84.47
85.14
85.83
86.52
87.21
87.88
88.57
89.27
89.96
90.63
91.32
92.0
92.69
93.36
94.06
94.75
95.44
96.11
96.8
97.49
98.18
98.85
99.54
100.22
100.92
101.59
102.28
102.97
103.66
104.34
105.03
105.71
106.4
107.08
107.77
108.45
109.15
109.82
110.51
111.19
111.89
112.56
113.26
113.94
114.63
115.31
116.0
116.68
117.38
118.05
118.74
119.42
120.12
120.8
121.49
122.18
122.87
123.54
124.23
124.92
125.61
126.28
126.97
127.66
128.35
129.02
129.72
130.41
131.09
131.76
132.46
133.14
133.84
134.51
135.2
135.89
136.58
137.25
137.95
138.64
139.33
140.0
140.69
141.39
142.07
142.74
143.42
144.12
144.81
145.48
146.17
146.86
147.55
148.22
148.91
149.6
150.29
150.96
151.65
152.34
153.04
153.71
154.4
155.08
155.77
156.45
157.14
157.82
158.52
159.19
159.88
160.56
161.25
161.93
162.63
163.31
164.0
164.68
165.37
166.05
166.74
167.42
168.11
168.8
169.49
170.16
170.85
171.54
172.23
172.91
173.6
174.28
174.98
175.68
176.35
177.04
177.73
178.41
179.09
179.78
180.47
181.15
181.82
182.53
183.23
183.91
184.58
185.26
185.97
186.66
187.34
188.02
188.72
189.39
190.06
191.44
192.81
194.28
194.63
194.99
195.34
196.18
196.72
197.06
197.39
197.75
