0.26
0.66
1.01
1.37
1.73
2.1
2.47
2.84
3.2
3.57
3.94
4.3
4.66
5.03
5.4
5.77
6.13
6.5
6.87
7.23
7.59
7.95
8.32
8.68
9.04
9.4
9.76
10.12
10.48
10.84
11.2
11.56
11.93
12.29
12.65
13.01
13.38
13.74
14.1
14.46
14.83
15.19
15.55
15.92
16.28
16.64
16.99
17.35
17.7
18.05
18.4
18.76
19.12
19.49
19.85
20.22
20.59
20.95
21.32
21.68
22.05
22.41
22.77
23.13
23.49
23.85
24.21
24.57
24.93
25.29
25.65
26.01
26.37
26.73
27.09
27.45
27.81
28.18
28.54
28.9
29.26
29.62
29.98
30.34
30.7
31.07
31.45
31.83
32.2
32.56
32.92
33.28
33.64
34.01
34.37
34.73
35.09
35.45
35.81
36.18
36.54
36.91
37.27
37.64
38.0
38.37
38.73
39.09
39.45
39.81
40.17
40.53
40.89
41.26
41.62
41.98
42.34
42.7
43.05
43.42
43.78
44.15
44.51
44.87
45.23
45.59
45.96
46.33
46.7
47.06
47.43
47.8
48.16
48.53
48.9
49.27
49.63
49.99
50.35
50.72
51.08
51.44
51.8
52.16
52.52
52.89
53.26
53.62
53.99
54.35
54.72
55.08
55.44
55.8
56.16
56.52
56.87
57.22
57.59
57.96
58.33
58.69
59.06
59.43
59.8
60.16
60.52
60.89
61.26
61.62
61.98
62.34
62.69
63.05
63.41
63.77
64.13
64.5
64.86
65.22
65.58
65.94
66.3
66.67
67.05
67.42
67.79
68.16
68.53
68.89
69.25
69.61
69.97
70.34
70.71
71.07
71.43
71.8
72.17
72.53
72.9
73.26
73.62
73.99
74.36
74.72
75.09
75.46
75.83
76.2
76.57
76.94
77.31
77.67
78.03
78.4
78.77
79.13
79.5
79.87
80.23
80.61
80.98
81.36
81.73
82.1
82.46
82.83
83.2
83.56
83.93
84.29
84.66
85.03
85.4
85.77
86.13
86.5
86.86
87.23
87.6
87.97
88.33
88.69
89.05
89.42
89.78
90.15
90.51
90.87
91.24
91.6
91.96
92.33
92.69
93.06
93.43
93.79
94.16
94.53
94.9
95.26
95.63
96.0
96.37
96.74
97.11
97.48
97.85
98.22
98.58
98.95
99.32
99.68
100.04
100.4
100.77
101.14
101.51
101.88
102.25
102.62
102.99
103.35
103.71
104.07
104.44
104.81
105.17
105.54
105.91
106.28
106.65
107.02
107.39
107.76
108.12
108.48
108.84
109.21
109.57
109.94
110.3
110.66
111.03
111.4
111.78
112.16
112.53
112.9
113.27
113.64
114.02
114.39
114.77
115.14
115.52
115.89
116.26
116.63
117.0
117.36
117.73
118.1
118.47
118.84
119.21
119.58
119.96
120.34
120.71
121.08
121.44
121.8
122.18
122.55
122.93
123.31
123.67
124.07
124.46
124.85
125.22
125.58
125.92
126.3
126.67
127.03
127.38
127.76
128.12
128.48
128.84
129.21
129.59
130.17
130.56
130.92
131.29
131.7
131.98
132.5
132.85
133.38
133.92
134.26
134.61
134.95
135.3
135.65
136.0
136.36
136.73
137.08
137.44
137.8
138.17
138.51
138.86
139.21
139.55
139.9
140.28
140.65
141.01
141.37
141.73
142.08
142.44
142.81
143.17
143.54
143.89
144.25
144.62
144.99
145.36
145.72
146.08
146.45
146.81
147.17
147.54
147.9
148.27
148.63
149.0
149.36
149.72
150.08
150.43
150.79
151.16
151.52
151.89
152.25
152.61
152.97
153.33
153.68
154.04
154.4
154.77
155.13
155.49
155.85
156.21
156.57
156.93
157.3
157.67
158.03
158.39
158.76
159.12
159.49
159.85
160.21
160.58
160.94
161.31
161.68
162.04
162.41
162.77
163.14
163.51
163.87
164.24
164.61
164.97
165.34
165.71
166.07
166.44
166.8
167.16
167.52
167.88
168.24
168.6
168.96
169.32
169.68
170.04
170.4
170.77
171.14
171.51
171.88
172.25
172.61
172.97
173.33
173.69
174.05
174.41
174.78
175.15
175.51
175.88
176.24
176.6
176.96
177.32
177.69
178.05
178.41
178.77
179.13
179.5
179.86
180.23
180.59
180.96
181.32
181.68
182.04
182.4
182.76
183.13
183.49
183.87
184.23
184.6
184.96
185.32
185.68
186.05
186.41
186.77
187.14
187.5
187.86
188.22
188.58
188.94
189.31
189.67
190.04
190.41
190.78
191.15
191.51
191.88
192.25
192.62
192.99
193.36
193.72
194.09
194.46
194.83
195.2
195.57
195.94
196.31
196.68
197.04
197.41
197.78
198.15
198.52
198.88
199.24
199.6
199.96
200.33
200.7
201.07
201.44
201.81
202.17
202.53
202.9
203.27
203.64
204.01
204.38
204.75
205.12
205.48
205.85
206.22
206.58
206.94
207.31
207.68
208.05
208.41
208.78
209.15
209.54
209.93
210.32
210.68
211.05
211.45
211.83
212.21
212.56
212.91
213.28
213.62
213.97
214.35
214.72
215.07
215.43
215.82
216.09
216.44
216.8
217.42
218.39
218.77
219.18
219.55
219.96
220.51
221.01
221.27
221.54
221.86
222.12
222.39
222.72
223.18
223.54
223.81
