0.38
0.9
1.4
1.9
2.4
2.91
3.43
3.93
4.45
4.96
5.46
5.97
6.47
7.0
7.51
8.01
8.53
9.04
9.55
10.06
10.56
11.06
11.57
12.08
12.59
13.1
13.61
14.12
14.64
15.14
15.65
16.16
16.67
17.18
17.69
18.21
18.72
19.22
19.73
20.24
20.76
21.27
21.78
22.29
22.8
23.31
23.82
24.32
24.83
25.34
25.85
26.35
26.87
27.38
27.88
28.39
28.9
29.41
29.92
30.43
30.94
31.44
31.94
32.45
32.96
33.46
33.97
34.47
34.98
35.5
36.02
36.53
37.04
37.55
38.06
38.57
39.08
39.6
40.11
40.62
41.13
41.64
42.15
42.66
43.16
43.67
44.18
44.69
45.2
45.71
46.22
46.72
47.22
47.74
48.25
48.76
49.27
49.78
50.29
50.8
51.31
51.82
52.32
52.83
53.34
53.85
54.36
54.87
55.37
55.88
56.39
56.9
57.4
57.9
58.41
58.91
59.42
59.94
60.45
60.97
61.49
62.0
62.51
63.02
63.53
64.04
64.55
65.05
65.56
66.07
66.58
67.09
67.6
68.11
68.61
69.12
69.63
70.14
70.65
71.16
71.68
72.19
72.7
73.21
73.72
74.23
74.74
75.24
75.75
76.26
76.77
77.28
77.79
78.3
78.81
79.32
79.82
80.34
80.85
81.36
81.87
82.38
82.89
83.4
83.9
84.42
84.93
85.44
85.95
86.46
86.97
87.48
87.98
88.5
89.01
89.52
90.04
90.56
91.08
91.6
92.11
92.62
93.13
93.64
94.15
94.66
95.17
95.68
96.2
96.71
97.22
97.73
98.24
98.74
99.25
99.76
100.28
100.79
101.3
101.81
102.32
102.82
103.33
103.84
104.35
104.86
105.37
105.88
106.39
106.9
107.41
107.92
108.43
108.94
109.45
109.96
110.47
110.98
111.49
112.01
112.51
113.01
113.52
114.03
114.53
115.04
115.55
116.06
116.57
117.08
117.59
118.1
118.61
119.12
119.63
120.15
120.67
121.18
121.69
122.2
122.71
123.21
123.72
124.22
124.73
125.25
125.75
126.26
126.77
127.28
127.79
128.3
128.8
129.32
129.84
130.35
130.86
131.37
131.89
132.4
132.91
133.43
133.94
134.45
134.96
135.47
135.99
136.5
137.01
137.53
138.05
138.57
139.09
139.59
140.09
140.6
141.1
141.61
142.11
142.62
143.13
143.64
144.15
144.67
145.18
145.69
146.2
146.71
147.23
147.74
148.25
148.76
149.27
149.78
150.29
150.8
151.3
151.81
152.32
152.82
153.32
153.83
154.34
154.84
155.35
155.86
156.37
156.89
157.4
157.91
158.42
158.93
159.44
159.95
160.45
160.97
161.48
161.99
162.5
163.01
163.52
164.03
164.54
165.05
165.55
166.06
166.57
167.08
167.59
168.1
168.61
169.12
169.63
170.14
170.65
171.16
171.67
172.17
172.68
173.19
173.7
174.22
174.73
175.24
175.76
176.27
176.77
177.28
177.79
178.3
178.81
179.32
179.83
180.35
180.86
181.37
181.87
182.39
182.9
183.41
183.92
184.43
184.94
185.44
185.94
186.46
186.97
187.49
188.0
188.51
189.02
189.53
190.03
190.54
191.05
191.56
192.07
192.59
193.1
193.61
194.12
194.64
195.15
195.65
196.16
196.68
197.19
197.7
198.22
198.73
199.23
199.74
200.25
200.76
201.26
201.77
202.28
202.79
203.3
203.81
204.32
204.82
205.33
205.83
206.34
206.85
207.36
207.87
208.39
208.9
209.41
209.92
210.43
210.94
211.44
211.95
212.46
212.97
213.49
214.0
214.52
215.03
215.54
216.04
216.55
217.07
217.58
218.09
218.61
219.12
219.63
220.13
220.64
221.14
221.65
222.17
222.68
223.2
223.71
