0.04
0.36
0.7
1.03
1.36
1.71
2.06
2.41
2.76
3.11
3.46
3.82
4.17
4.52
4.87
5.22
5.58
5.93
6.28
6.6
7.02
7.49
8.01
8.43
8.89
9.42
9.92
10.39
10.87
11.33
11.79
12.26
12.73
13.2
13.66
14.13
14.6
15.07
15.54
16.01
16.48
16.94
17.41
17.88
18.35
18.82
19.29
19.76
20.23
20.7
21.16
21.63
22.1
22.57
23.04
23.51
23.98
24.45
24.92
25.38
25.86
26.32
26.79
27.26
27.73
28.2
28.66
29.13
29.6
30.07
30.54
31.01
31.48
31.95
32.42
32.88
33.35
33.82
34.29
34.76
35.23
35.7
36.16
36.63
37.1
37.57
38.04
38.51
38.98
39.45
39.92
40.38
40.84
41.31
41.78
42.25
42.72
43.19
43.66
44.13
44.6
45.07
45.54
46.01
46.48
46.95
47.42
47.88
48.35
48.82
49.29
49.76
50.23
50.7
51.17
51.64
52.1
52.57
53.04
53.51
53.98
54.45
54.92
55.39
55.85
56.32
56.79
57.26
57.73
58.2
58.66
59.13
59.6
60.07
60.54
61.01
61.48
61.95
62.42
62.89
63.35
63.82
64.29
64.76
65.23
65.7
66.17
66.64
67.11
67.58
68.05
68.52
68.99
69.46
69.93
70.4
70.87
71.33
71.79
72.26
72.73
73.2
73.67
74.14
74.6
75.07
75.54
76.01
76.48
76.95
77.42
77.89
78.36
78.82
79.29
79.76
80.23
80.7
81.16
81.63
82.1
82.57
83.04
83.51
83.98
84.45
84.92
85.38
85.85
86.32
86.79
87.26
87.73
88.2
88.66
89.13
89.6
90.08
90.54
91.01
91.48
91.94
92.41
92.88
93.35
93.82
94.29
94.76
95.23
95.7
96.16
96.63
97.1
97.57
98.04
98.51
98.98
99.45
99.91
100.38
100.85
101.32
101.79
102.26
102.73
103.2
103.66
104.13
104.6
105.08
105.55
106.02
106.48
106.95
107.42
107.88
108.35
108.82
109.29
109.76
110.23
110.7
111.17
111.64
112.1
112.57
113.04
113.51
113.98
114.45
114.92
115.39
115.85
116.32
116.79
117.26
117.73
118.2
118.67
119.14
119.6
120.07
120.54
121.01
121.48
121.95
122.42
122.89
123.35
123.82
124.29
124.76
125.23
125.7
126.17
126.64
127.1
127.57
128.04
128.51
128.98
129.45
129.92
130.39
130.85
131.32
131.79
132.26
132.73
133.2
133.67
134.14
134.6
135.08
135.55
136.02
136.48
136.96
137.43
137.9
138.37
138.83
139.29
139.76
140.23
140.7
141.17
141.64
142.1
142.57
143.04
143.51
143.98
144.45
144.92
145.38
145.85
146.32
146.79
147.26
147.73
148.2
148.67
149.13
149.6
150.07
150.54
151.01
151.48
151.95
152.42
152.89
153.36
153.82
154.29
154.76
155.23
155.69
156.16
156.63
157.1
157.57
158.04
158.51
158.97
159.44
159.91
160.38
160.85
161.32
161.79
162.26
162.73
163.19
163.66
164.13
164.6
165.07
165.54
166.01
166.48
166.95
167.42
167.89
168.35
168.81
169.27
169.75
170.22
170.7
171.17
171.65
172.12
172.59
173.08
173.55
174.01
174.46
174.92
175.37
175.84
176.31
176.78
177.25
177.72
178.19
178.66
179.13
179.6
180.07
180.54
181.01
181.48
181.95
182.42
182.88
183.35
183.82
184.29
184.76
185.23
185.7
186.16
186.63
187.1
187.57
188.04
188.51
188.98
189.45
189.92
190.39
190.85
191.32
191.79
192.26
192.73
193.2
193.67
194.14
194.6
195.08
195.55
196.02
196.48
196.96
197.43
197.9
198.36
198.82
199.29
199.76
200.23
200.7
201.17
201.63
202.1
202.57
203.04
203.51
203.98
204.45
204.92
205.39
205.85
206.32
206.79
207.26
207.73
208.2
208.67
209.14
209.6
210.07
210.54
211.01
211.48
211.95
212.42
212.89
213.36
213.83
214.29
214.76
215.23
215.71
216.19
216.65
217.13
217.59
218.05
218.52
219.03
219.45
219.8
220.15
220.5
220.86
221.21
221.56
221.92
222.27
