0.12
0.47
0.83
1.18
1.53
1.89
2.25
2.6
2.96
3.32
3.68
4.04
4.4
4.76
5.11
5.47
5.82
6.18
6.54
6.89
7.25
7.61
7.96
8.32
8.67
9.03
9.39
9.75
10.11
10.46
10.82
11.18
11.53
11.89
12.25
12.6
12.96
13.32
13.68
14.03
14.39
14.74
15.1
15.46
15.82
16.18
16.54
16.89
17.25
17.61
17.96
18.31
18.67
19.03
19.39
19.74
20.1
20.46
20.82
21.17
21.53
21.89
22.25
22.61
22.96
23.32
23.67
24.03
24.39
24.75
25.1
25.45
25.81
26.17
26.53
26.89
27.25
27.61
27.97
28.32
28.68
29.04
29.4
29.75
30.11
30.47
30.83
31.18
31.53
31.89
32.25
32.61
32.97
33.32
33.68
34.04
34.39
34.75
35.11
35.46
35.82
36.18
36.54
36.89
37.25
37.61
37.97
38.33
38.68
39.03
39.39
39.75
40.11
40.46
40.82
41.18
41.54
41.9
42.25
42.61
42.96
43.31
43.67
44.03
44.38
44.75
45.11
45.47
45.82
46.18
46.54
46.89
47.25
47.61
47.97
48.32
48.67
49.03
49.39
49.74
50.1
50.46
50.82
51.18
51.54
51.9
52.26
52.61
52.96
53.32
53.68
54.03
54.39
54.75
55.1
55.46
55.82
56.17
56.53
56.89
57.25
57.61
57.97
58.32
58.67
59.03
59.39
59.74
60.1
60.46
60.82
61.18
61.54
61.9
62.26
62.61
62.97
63.33
63.69
64.04
64.39
64.75
65.11
65.46
65.82
66.18
66.54
66.89
67.25
67.61
67.97
68.32
68.68
69.04
69.4
69.76
70.11
70.47
70.83
71.17
71.53
71.89
72.25
72.6
72.96
73.32
73.68
74.03
74.39
74.75
75.1
75.46
75.82
76.18
76.54
76.89
77.24
77.6
77.96
78.32
78.68
79.04
79.4
79.75
80.1
80.46
80.82
81.17
81.53
81.89
82.26
82.61
82.96
83.32
83.68
84.04
84.4
84.75
85.11
85.46
85.82
86.18
86.54
86.89
87.25
87.61
87.96
88.31
88.67
89.03
89.39
89.75
90.11
90.46
90.82
91.18
91.54
91.9
92.26
92.61
92.96
93.32
93.67
94.02
94.38
94.74
95.1
95.46
95.82
96.18
96.54
96.89
97.25
97.61
97.96
98.31
98.67
99.03
99.39
99.75
100.1
100.46
100.82
101.17
101.53
101.89
102.25
102.6
102.96
103.32
103.68
104.04
104.39
104.75
105.11
105.46
105.82
106.17
106.53
106.89
107.25
107.61
107.97
108.32
108.68
109.04
109.4
109.75
110.1
110.46
110.82
111.17
111.53
111.89
112.25
112.61
112.97
113.33
113.69
114.04
114.4
114.76
115.12
115.47
115.82
116.18
116.53
116.88
117.24
117.6
117.96
118.32
118.68
119.04
119.4
119.75
120.1
120.46
120.82
121.17
121.53
121.88
122.24
122.6
122.96
123.32
123.68
124.04
124.4
124.75
125.11
125.46
125.82
126.18
126.54
126.89
127.25
127.61
127.96
128.31
128.67
129.03
129.39
129.75
130.11
130.46
130.82
131.17
131.53
131.89
132.25
132.6
132.96
133.32
133.68
134.03
134.38
134.74
135.1
135.46
135.82
136.18
136.54
136.89
137.25
137.61
137.96
138.32
138.68
139.03
139.39
139.74
140.1
140.46
140.82
141.17
141.53
141.89
142.25
142.6
142.96
143.32
143.68
144.04
144.39
144.75
145.1
145.46
145.82
146.18
146.53
146.89
147.25
147.61
147.97
148.32
148.68
149.03
149.39
149.75
150.1
150.46
150.82
151.17
151.53
151.88
152.24
152.6
152.96
153.32
153.68
154.04
154.39
154.75
155.11
155.46
155.82
156.17
156.53
156.88
157.24
157.6
157.96
158.32
158.68
159.04
159.4
159.75
160.1
160.46
160.82
161.18
161.53
161.89
162.24
162.6
162.96
163.31
163.67
164.03
164.39
164.75
165.11
165.82
166.54
167.24
167.96
168.67
169.39
169.74
170.1
170.46
170.82
171.18
171.54
171.89
172.25
172.6
172.96
173.32
173.67
174.03
174.39
174.74
175.1
175.46
175.82
176.18
176.54
176.89
177.25
177.6
177.96
178.31
178.67
179.03
179.39
179.74
180.1
180.46
180.82
181.18
181.54
181.89
182.25
182.61
182.96
183.32
183.68
184.03
184.39
184.75
185.11
185.46
185.81
186.17
186.53
186.89
187.25
187.61
187.97
188.32
188.68
189.03
189.39
189.75
190.1
190.46
190.82
191.17
191.53
191.88
192.24
192.6
192.96
193.31
193.67
194.03
194.39
194.75
195.11
195.46
195.82
196.17
196.53
196.88
197.24
197.6
197.96
198.32
198.68
199.04
199.4
199.76
200.11
200.47
200.83
201.18
201.53
201.89
202.25
202.6
202.95
203.31
203.67
204.03
204.39
204.75
205.11
205.46
205.82
206.18
206.54
206.89
207.24
207.6
207.96
208.32
208.67
209.03
209.39
209.74
210.1
210.46
210.82
211.18
211.54
211.89
212.25
212.61
212.96
213.31
213.67
214.02
214.38
214.74
215.1
215.46
215.82
216.18
216.54
216.89
217.25
217.6
217.96
218.31
218.67
219.03
219.38
219.74
220.1
220.46
220.81
221.17
221.53
221.89
222.25
222.61
222.97
223.32
223.68
224.03
224.39
224.75
225.11
225.46
225.81
226.17
226.53
226.89
227.25
227.6
227.96
228.32
228.68
229.04
229.4
229.75
230.11
230.47
230.83
231.18
231.53
231.89
232.25
232.61
232.96
233.32
233.68
234.03
234.39
234.75
235.11
235.46
235.82
236.18
236.54
236.89
237.24
237.6
237.96
238.32
238.68
239.04
239.4
239.75
240.11
240.47
240.83
241.18
241.54
241.9
242.26
242.61
242.96
243.33
243.69
244.06
244.42
244.78
245.14
245.5
245.85
246.19
246.53
246.88
247.24
247.59
247.94
248.3
248.66
249.01
249.36
249.71
250.06
250.41
250.76
251.11
251.47
251.83
252.19
252.77
253.24
253.59
253.94
254.23
254.51
256.02
256.33
