0.1
0.57
1.04
1.51
1.98
2.45
2.92
3.38
3.85
4.32
4.79
5.26
5.73
6.2
6.66
7.13
7.6
8.07
8.54
9.01
9.48
9.95
10.41
10.88
11.35
11.83
12.3
12.77
13.23
13.7
14.17
14.64
15.1
15.57
16.04
16.51
16.99
17.45
17.92
18.39
18.85
19.32
19.79
20.26
20.73
21.2
21.67
22.14
22.61
23.07
23.54
24.0
24.47
24.94
25.41
25.88
26.35
26.82
27.29
27.76
28.23
28.7
29.17
29.63
30.11
30.58
31.04
31.51
31.98
32.45
32.92
33.38
33.85
34.32
34.79
35.26
35.73
36.2
36.67
37.13
37.6
38.07
38.55
39.03
39.49
39.96
40.43
40.9
41.36
41.82
42.29
42.75
43.22
43.69
44.16
44.64
45.11
45.58
46.04
46.51
46.98
47.45
47.92
48.39
48.86
49.32
49.79
50.26
50.73
51.2
51.67
52.14
52.61
53.07
53.54
54.0
54.47
54.94
55.41
55.88
56.35
56.82
57.29
57.75
58.22
58.69
59.16
59.63
60.1
60.57
61.04
61.5
61.97
62.44
62.91
63.38
63.85
64.32
64.79
65.25
65.72
66.19
66.66
67.13
67.6
68.07
68.54
69.0
69.47
69.94
70.41
70.88
71.35
71.82
72.29
72.76
73.23
73.7
74.17
74.64
75.11
75.57
76.04
76.51
76.98
77.44
77.91
78.38
78.85
79.32
79.79
80.26
80.73
81.19
81.66
82.13
82.6
83.07
83.54
84.01
84.48
84.95
85.42
85.88
86.35
86.82
87.29
87.76
88.23
88.69
89.16
89.63
90.1
90.57
91.04
91.51
91.98
92.44
92.91
93.38
93.85
94.32
94.79
95.25
95.73
96.2
96.67
97.14
97.6
98.07
98.54
99.01
99.48
99.94
100.41
100.88
101.35
101.82
102.29
102.76
103.23
103.69
104.16
104.63
105.1
105.57
106.04
106.51
106.98
107.45
107.92
108.39
108.86
109.32
109.79
110.25
110.72
111.19
111.66
112.13
112.6
113.07
113.54
114.01
114.48
114.95
115.42
115.89
116.35
116.82
117.29
117.75
118.22
118.69
119.16
119.63
120.1
120.57
121.04
121.51
121.98
122.45
122.92
123.39
123.86
124.32
124.79
125.26
125.74
126.21
126.67
127.14
127.61
128.07
128.54
129.01
129.48
129.95
130.42
130.89
131.35
131.82
132.29
132.76
133.24
133.71
134.17
134.64
135.11
135.58
136.05
136.52
136.98
137.45
137.92
138.39
138.86
139.33
139.8
140.27
140.74
141.21
141.67
142.14
142.61
143.08
143.55
144.02
144.49
144.95
145.42
145.89
146.36
146.83
147.3
147.77
148.24
148.7
149.17
149.64
150.11
150.58
151.04
151.51
151.98
152.45
152.92
153.39
153.86
154.32
154.79
155.26
155.73
156.2
156.67
157.14
157.61
158.07
158.54
159.01
159.48
159.95
160.42
160.89
161.36
161.82
162.29
162.75
163.22
163.69
164.16
164.63
165.1
165.57
166.04
166.5
166.97
167.44
167.91
168.38
168.85
169.32
169.79
170.25
170.72
171.19
171.66
172.13
172.6
173.07
173.54
174.01
174.48
174.95
175.42
175.89
176.36
176.82
177.29
177.75
178.22
178.69
179.16
179.63
180.1
180.57
181.04
181.51
181.98
182.44
182.91
183.38
183.85
184.32
184.79
185.26
185.73
186.2
186.67
187.14
187.6
188.07
188.54
189.01
189.48
189.95
190.42
190.89
191.36
191.82
192.29
192.75
193.22
193.69
194.16
194.63
195.1
195.57
196.04
196.51
196.99
197.45
197.91
198.39
198.85
199.32
199.79
200.25
200.73
201.21
201.67
202.12
202.59
203.06
203.52
203.98
204.47
204.96
205.41
205.87
206.34
206.77
207.21
207.67
208.11
208.54
209.0
209.45
209.9
210.33
210.77
211.22
211.65
212.07
212.52
212.98
213.44
213.9
214.36
214.8
215.27
215.75
216.22
216.69
217.15
217.61
218.08
218.55
219.01
219.48
219.95
220.42
220.89
221.36
221.82
222.29
222.76
223.23
223.7
224.17
224.64
225.11
225.57
226.04
226.51
226.98
227.45
227.92
228.39
228.86
229.32
229.79
230.26
230.73
231.2
231.67
232.14
232.61
233.08
233.55
234.01
234.48
234.95
235.42
235.89
236.36
236.82
237.29
237.76
238.23
238.7
239.17
239.64
240.11
240.57
241.04
241.51
241.98
242.45
242.92
243.38
243.85
244.32
244.79
245.26
245.73
246.2
246.67
247.14
247.6
248.04
248.5
248.98
249.46
249.93
250.4
