0.17
0.81
1.45
2.09
2.73
3.36
4.0
4.64
5.27
5.91
6.55
7.19
7.83
8.47
9.11
9.75
10.38
11.02
11.66
12.3
12.94
13.58
14.21
14.85
15.49
16.13
16.77
17.41
18.04
18.68
19.32
19.96
20.59
21.23
21.87
22.51
23.15
23.79
24.43
25.07
25.7
26.34
26.98
27.62
28.26
28.9
29.53
30.17
30.81
31.45
32.09
32.73
33.36
34.0
34.64
35.27
35.91
36.55
37.19
37.83
38.47
39.11
39.75
40.38
41.02
41.66
42.3
42.94
43.58
44.21
44.85
45.49
46.13
46.77
47.41
48.04
48.68
49.32
49.96
50.59
51.23
51.87
52.51
53.15
53.79
54.43
55.07
55.7
56.34
56.98
57.62
58.25
58.89
59.53
60.17
60.81
61.45
62.09
62.73
63.36
64.0
64.64
65.27
65.91
66.55
67.19
67.83
68.47
69.11
69.75
70.39
71.02
71.66
72.3
72.94
73.58
74.21
74.85
75.49
76.13
76.76
77.4
78.04
78.68
79.32
79.96
80.6
81.23
81.87
82.51
83.15
83.79
84.43
85.07
85.7
86.34
86.97
87.61
88.25
88.89
89.53
90.17
90.81
91.44
92.08
92.72
93.36
94.0
94.64
95.28
95.92
96.55
97.19
97.83
98.47
99.11
99.75
100.38
101.02
101.66
102.3
102.94
103.58
104.21
104.85
105.49
106.13
106.76
107.4
108.04
108.68
109.32
109.96
110.6
111.24
111.87
112.51
113.15
113.79
114.42
115.06
115.7
116.33
116.97
117.61
118.25
118.89
119.53
120.17
120.81
121.44
122.08
122.72
123.36
124.0
124.63
125.27
125.91
126.55
127.19
127.83
128.47
129.11
129.74
130.38
131.02
131.66
132.3
132.94
133.57
134.21
134.85
135.49
136.13
136.76
137.38
138.03
138.68
139.32
139.96
140.59
141.23
141.87
142.51
143.15
143.79
144.43
145.06
145.7
146.34
146.98
147.62
148.25
148.89
149.53
150.17
150.81
151.45
152.09
152.72
153.36
154.0
154.64
155.28
155.92
156.55
157.19
157.83
158.47
159.1
159.74
160.38
161.02
161.66
162.3
162.94
163.58
164.21
164.85
165.49
166.13
166.77
167.41
168.04
168.68
169.32
169.96
170.6
171.24
171.87
172.51
173.15
173.78
174.42
175.06
175.7
176.34
176.98
177.62
178.26
178.89
179.53
180.17
180.81
181.45
182.08
182.72
183.36
184.0
184.64
185.28
185.92
186.56
187.18
187.81
