0.12
0.53
0.93
1.33
1.75
2.15
2.55
2.95
3.37
3.78
4.19
4.6
5.02
5.43
5.85
6.27
6.68
7.09
7.5
7.91
8.32
8.74
9.15
9.56
9.97
10.38
10.78
11.19
11.6
12.01
12.42
12.84
13.25
13.66
14.07
14.48
14.89
15.3
15.71
16.11
16.53
16.94
17.36
17.77
18.18
18.6
19.01
19.42
19.83
20.24
20.65
21.06
21.47
21.89
22.3
22.71
23.12
23.53
23.94
24.35
24.75
25.16
25.58
25.99
26.41
26.82
27.22
27.63
28.04
28.45
28.85
29.25
29.67
30.09
30.51
30.92
31.33
31.75
32.16
32.57
32.98
33.39
33.8
34.21
34.62
35.04
35.45
35.85
36.26
36.68
37.09
37.49
37.9
38.31
38.73
39.15
39.56
39.97
40.37
40.78
41.18
41.6
42.0
42.41
42.82
43.24
43.66
44.07
44.49
44.9
45.31
45.72
46.13
46.54
46.95
47.36
47.77
48.19
48.6
49.01
49.42
49.83
50.24
50.65
51.06
51.47
51.88
52.29
52.7
53.11
53.51
53.92
54.34
54.76
55.16
55.56
55.98
56.39
56.81
57.22
57.63
58.05
58.46
58.87
59.28
59.69
60.1
60.51
60.93
61.34
61.75
62.16
62.57
62.98
63.39
63.8
64.2
64.61
65.03
65.44
65.86
66.27
66.68
67.08
67.49
67.91
68.31
68.72
69.13
69.55
69.97
70.38
70.79
71.2
71.61
72.03
72.44
72.85
73.26
73.67
74.08
74.49
74.9
75.31
75.72
76.13
76.54
76.95
77.36
77.77
78.18
78.6
79.01
79.42
79.82
80.23
80.64
81.06
81.46
81.86
82.27
82.69
83.11
83.52
83.94
84.36
84.77
85.18
85.59
86.0
86.41
86.82
87.23
87.65
88.05
88.46
88.87
89.28
89.69
90.1
90.51
90.92
91.33
91.75
92.16
92.57
92.97
93.38
93.79
94.21
94.61
95.01
95.42
95.84
96.26
96.67
97.09
97.51
97.92
98.33
98.74
99.14
99.55
99.96
100.38
100.8
101.2
101.61
102.02
102.43
102.84
103.25
103.66
104.07
104.48
104.89
105.3
105.72
106.13
106.54
106.95
107.36
107.77
108.17
108.59
109.0
109.41
109.82
110.23
110.64
111.06
111.48
111.89
112.3
112.71
113.12
113.53
113.94
114.35
114.76
115.18
115.59
115.99
116.4
116.81
117.22
117.63
118.05
118.46
118.87
119.28
119.69
120.1
120.51
120.92
121.33
121.74
122.15
122.57
122.98
123.39
123.8
124.21
124.63
125.04
125.45
125.86
126.26
126.67
127.09
127.5
127.92
128.33
128.74
129.14
129.55
129.96
130.37
130.78
131.2
131.61
132.02
132.42
132.83
133.25
133.66
134.06
134.47
134.88
135.29
135.71
136.12
136.54
136.96
137.37
137.78
138.19
138.6
139.01
139.42
139.84
140.25
140.66
141.06
141.47
141.88
142.29
142.7
143.11
143.52
143.93
144.35
144.77
145.18
145.59
146.0
146.41
146.83
147.24
147.64
148.05
148.46
148.87
149.28
149.69
150.11
150.53
150.94
151.35
151.76
152.18
152.59
153.0
153.41
153.82
154.24
154.65
155.06
155.47
155.87
156.27
156.68
157.09
157.5
157.91
158.32
158.72
159.13
159.54
159.96
160.37
160.77
161.18
161.6
162.02
162.43
162.84
163.25
163.66
164.08
164.49
164.9
165.31
165.72
166.13
166.55
166.96
167.37
167.78
168.19
168.59
169.0
169.41
169.82
170.23
170.65
171.06
171.47
171.88
172.29
172.7
173.11
173.52
173.92
174.34
174.75
175.17
175.58
175.99
176.4
176.82
177.23
177.64
178.05
178.46
178.87
179.28
179.69
180.1
180.52
180.93
181.34
181.75
182.15
182.56
182.97
183.39
183.8
184.21
184.62
185.03
185.44
185.85
186.26
186.67
187.07
187.49
187.91
188.32
188.73
189.14
189.55
189.96
190.38
190.79
191.2
191.61
192.02
192.43
192.84
193.25
193.67
194.08
194.49
194.9
195.31
195.72
196.12
196.53
196.95
197.37
197.78
198.19
198.6
199.01
199.42
199.83
200.23
200.64
201.06
201.47
201.88
202.29
202.71
203.12
203.53
203.94
204.35
204.76
205.17
205.58
205.99
206.4
206.82
207.23
207.64
208.05
208.46
208.87
209.28
209.69
210.1
210.52
210.93
211.34
211.75
212.16
212.57
212.97
213.38
213.79
214.21
214.62
215.03
215.45
215.86
216.27
216.68
217.09
217.5
217.91
218.32
218.73
219.15
219.56
219.97
220.38
220.79
221.2
221.61
222.02
222.43
222.84
223.25
223.67
224.09
224.5
224.91
225.32
225.73
226.15
226.56
226.97
227.38
227.79
228.2
228.61
229.02
229.43
229.84
230.25
230.67
231.08
231.49
231.9
232.31
232.72
233.13
233.54
233.95
234.35
234.76
235.18
235.59
236.01
236.41
