0.09
0.57
1.04
1.5
1.97
2.43
2.9
3.36
3.83
4.29
4.76
5.22
5.69
6.15
6.62
7.08
7.55
8.01
8.48
8.94
9.41
9.87
10.34
10.8
11.27
11.73
12.2
12.66
13.12
13.59
14.06
14.52
14.99
15.45
15.92
16.38
16.84
17.32
17.78
18.24
18.71
19.17
19.63
20.1
20.56
21.03
21.49
21.96
22.42
22.89
23.35
23.82
24.28
24.75
25.21
25.68
26.14
26.61
27.07
27.54
28.0
28.47
28.93
29.4
29.86
30.33
30.8
31.26
31.72
32.19
32.66
33.12
33.58
34.05
34.52
35.01
35.46
35.92
36.39
36.86
37.34
37.8
38.26
38.74
39.19
39.65
40.12
40.6
41.05
41.51
41.97
42.42
42.9
43.39
43.86
44.31
44.76
45.22
45.69
46.15
46.61
47.07
47.55
48.01
48.48
48.94
49.41
49.87
50.33
50.8
51.27
51.73
52.2
52.66
53.13
53.59
54.05
54.52
54.99
55.45
55.92
56.38
56.85
57.31
57.78
58.24
58.71
59.18
59.65
60.11
60.57
61.03
61.49
61.96
62.43
62.9
63.36
63.82
64.29
64.75
65.22
65.68
66.15
66.62
67.09
67.55
68.02
68.48
68.94
69.41
69.88
70.34
70.81
71.27
71.73
72.2
72.66
73.13
73.59
74.06
74.52
74.99
75.46
75.93
76.39
76.86
77.32
77.79
78.25
78.71
79.18
79.64
80.11
80.57
81.04
81.51
81.97
82.44
82.91
83.37
83.83
84.3
84.77
85.23
85.69
86.15
86.61
87.08
87.54
88.01
88.47
88.94
89.41
89.87
90.34
90.81
91.28
91.74
92.2
92.66
93.12
93.59
94.06
94.52
94.98
95.45
95.92
96.39
96.85
97.32
97.78
98.25
98.71
99.17
99.65
100.12
100.59
101.04
101.5
101.96
102.4
102.86
103.3
103.77
104.26
104.75
105.21
105.68
106.14
106.61
107.07
107.54
108.01
108.47
108.94
109.4
109.86
110.33
110.8
111.26
111.74
112.19
112.67
113.13
113.58
114.05
114.52
114.99
115.46
115.92
116.38
116.84
117.31
117.78
118.25
118.71
119.18
119.64
120.11
120.57
121.03
121.5
121.97
122.43
122.9
123.36
123.83
124.29
124.75
125.22
125.69
126.15
126.62
127.09
127.55
128.01
128.48
128.95
129.41
129.88
130.34
130.81
131.27
131.74
132.21
132.66
133.13
133.6
134.06
134.53
135.0
135.46
135.93
136.39
136.86
137.32
137.79
138.25
138.72
139.19
139.65
140.11
140.58
141.05
141.51
141.97
142.43
142.89
143.36
143.82
144.29
144.75
145.22
145.68
146.15
146.61
147.09
147.55
148.02
148.48
148.94
149.42
149.89
150.35
150.8
151.28
151.75
152.21
152.66
153.14
153.62
154.09
154.55
155.02
155.48
155.94
156.4
156.87
157.34
157.82
158.25
158.74
159.2
159.68
160.13
160.6
161.05
161.48
161.96
162.44
162.9
163.35
163.81
164.29
164.74
165.22
165.68
166.14
166.61
167.08
167.54
168.01
168.47
168.94
169.4
169.87
170.33
170.8
171.26
171.73
172.19
172.66
173.12
173.59
174.05
174.52
174.98
175.45
175.91
176.38
176.84
177.31
177.77
178.24
178.7
179.16
179.63
180.09
180.56
181.02
181.49
181.95
182.42
182.88
183.36
183.82
184.28
184.75
185.21
185.68
186.15
186.61
187.08
187.54
188.0
188.47
188.94
189.4
189.87
190.33
190.8
191.26
191.72
192.19
192.66
193.13
193.59
194.05
194.52
194.98
195.45
195.91
196.38
196.84
197.31
197.77
198.24
198.7
199.16
199.63
200.1
200.57
201.03
201.49
201.96
202.42
202.89
203.35
203.82
204.29
204.75
205.22
205.68
206.15
206.61
207.07
207.54
208.01
208.47
208.94
209.4
209.87
210.32
210.8
211.26
211.73
212.19
212.66
213.12
213.59
214.05
214.52
214.98
215.45
215.92
216.38
216.84
217.3
217.77
218.24
218.7
219.17
219.64
220.1
220.56
221.02
221.49
221.96
222.43
222.89
223.36
223.82
224.28
224.75
225.21
225.68
226.15
226.61
227.08
227.54
228.01
228.47
228.94
229.39
229.86
230.32
230.79
231.25
231.72
232.18
232.66
233.11
233.59
234.05
234.52
234.98
235.45
235.91
236.38
236.84
237.31
237.78
238.24
238.7
239.17
239.63
240.1
240.56
241.03
241.49
241.95
242.42
242.88
243.35
243.81
244.28
244.74
245.21
245.67
246.14
246.6
247.07
247.53
248.0
248.46
248.93
249.39
249.86
250.32
250.79
251.25
251.72
252.18
252.65
253.09
