0.1
0.58
1.06
1.54
2.02
2.5
2.99
3.46
3.95
4.44
4.93
5.41
5.89
6.38
6.86
7.34
7.83
8.31
8.8
9.28
9.76
10.25
10.73
11.22
11.7
12.19
12.67
13.15
13.64
14.12
14.6
15.09
15.57
16.05
16.54
17.02
17.51
17.99
18.47
18.96
19.44
19.92
20.41
20.9
21.38
21.86
22.35
22.83
23.31
23.8
24.28
24.77
25.25
25.73
26.22
26.7
27.18
27.67
28.15
28.64
29.12
29.6
30.09
30.57
31.06
31.54
32.02
32.51
32.99
33.47
33.96
34.44
34.93
35.41
35.89
36.38
36.86
37.34
37.83
38.31
38.8
39.28
39.76
40.25
40.73
41.21
41.7
42.18
42.67
43.15
43.64
44.12
44.61
45.09
45.57
46.06
46.54
47.02
47.51
47.99
48.48
48.96
49.44
49.93
50.41
50.9
51.38
51.86
52.35
52.83
53.32
53.8
54.28
54.77
55.25
55.74
56.22
56.7
57.19
57.67
58.15
58.64
59.12
59.61
60.09
60.57
61.06
61.54
62.03
62.51
62.99
63.48
63.96
64.44
64.93
65.41
65.9
66.38
66.86
67.35
67.83
68.32
68.8
69.28
69.77
70.25
70.73
71.22
71.7
72.19
72.67
73.15
73.64
74.12
74.61
75.09
75.57
76.06
76.54
77.03
77.51
77.99
78.48
78.96
79.44
79.93
80.41
80.9
81.38
81.86
82.35
82.83
83.32
83.8
84.28
84.77
85.25
85.74
86.22
86.7
87.18
87.66
88.15
88.64
89.12
89.61
90.09
90.57
91.06
91.54
92.02
92.51
92.99
93.47
93.96
94.44
94.93
95.41
95.89
96.38
96.86
97.34
97.83
98.31
98.8
99.28
99.77
100.25
100.73
101.22
101.7
102.19
102.67
103.15
103.64
104.12
104.6
105.09
105.57
106.05
106.54
107.02
107.51
107.99
108.48
108.96
109.44
109.93
110.41
110.89
111.38
111.86
112.35
112.83
113.31
113.8
114.28
114.76
115.23
115.7
116.18
116.66
117.19
117.68
118.16
118.64
119.12
119.6
120.09
120.57
121.05
121.54
122.02
122.5
122.99
123.47
123.96
124.44
124.93
125.41
125.89
126.38
126.86
127.35
127.83
128.31
128.8
129.28
129.77
130.25
130.73
131.22
131.7
132.19
132.67
133.16
133.64
134.12
134.61
135.09
135.57
136.06
136.54
137.02
137.51
137.99
138.48
138.96
139.44
139.93
140.41
140.89
141.38
141.86
142.35
142.83
143.32
143.8
144.28
144.77
145.25
145.73
146.22
146.7
147.19
147.67
148.15
148.64
149.12
149.61
150.09
150.57
151.06
151.54
152.02
152.51
152.99
153.48
153.96
154.44
154.93
155.41
155.9
156.38
156.86
157.35
157.83
158.32
158.8
159.28
159.76
160.25
160.73
161.22
161.7
162.19
162.67
163.15
163.64
164.12
164.6
165.09
165.57
166.06
166.54
167.02
167.51
167.99
168.48
168.96
169.44
169.9
170.37
170.87
171.36
171.85
172.33
172.82
173.3
173.79
174.28
174.77
175.25
175.74
176.22
176.7
177.18
177.66
178.15
178.64
179.12
179.6
180.09
180.57
181.06
181.54
182.02
182.51
182.99
183.47
183.96
184.45
184.93
185.41
185.89
186.38
186.86
187.34
187.83
188.32
188.8
189.28
189.76
190.24
190.73
191.21
191.7
192.18
192.67
193.16
193.64
194.11
194.59
195.07
195.56
196.04
196.54
197.01
197.5
197.97
198.46
198.94
199.43
199.92
200.41
200.89
201.37
201.83
202.32
202.82
203.31
203.8
204.28
204.76
205.24
205.71
206.2
206.68
207.18
207.67
208.15
208.64
209.12
209.61
210.09
210.57
211.05
211.54
212.03
212.51
212.99
213.48
213.96
214.44
214.93
215.42
215.9
216.38
216.86
217.35
217.83
218.32
218.8
219.29
219.77
220.26
220.74
221.21
221.69
222.18
222.67
223.15
223.64
224.12
224.6
225.09
225.57
226.06
226.54
227.02
227.5
227.99
228.48
228.96
229.44
229.93
230.41
230.89
231.38
231.86
232.35
232.83
233.31
233.8
234.28
234.77
235.25
235.74
236.22
236.7
237.18
237.67
238.15
238.64
239.12
239.6
240.09
240.57
241.06
241.54
242.03
242.51
242.99
243.48
243.96
244.44
244.93
245.41
245.9
246.38
246.86
247.35
247.83
248.32
248.8
249.28
249.77
250.25
250.73
251.22
251.7
252.18
252.66
253.16
253.64
254.12
254.6
255.09
255.57
256.05
256.54
257.02
257.5
257.99
258.47
258.95
259.44
259.92
260.4
260.89
261.38
