0.11
0.58
1.05
1.52
1.99
2.46
2.93
3.4
3.87
4.34
4.81
5.29
5.76
6.23
6.7
7.17
7.65
8.12
8.59
9.06
9.53
10.0
10.47
10.95
11.42
11.89
12.36
12.83
13.3
13.78
14.25
14.72
15.19
15.66
16.13
16.61
17.08
17.55
18.02
18.49
18.96
19.43
19.9
20.38
20.85
21.32
21.79
22.26
22.73
23.2
23.67
24.14
24.61
25.09
25.56
26.03
26.5
26.98
27.44
27.91
28.37
28.84
29.33
29.81
30.3
30.76
31.23
31.69
32.16
32.63
33.1
33.57
34.04
34.52
34.99
35.46
35.93
36.4
36.87
37.34
37.81
38.28
38.75
39.22
39.7
40.17
40.64
41.11
41.59
42.06
42.53
43.0
43.47
43.95
44.42
44.89
45.36
45.83
46.3
46.77
47.24
47.71
48.18
48.66
49.13
49.6
50.07
50.54
51.01
51.47
51.94
52.41
52.89
53.35
53.83
54.31
54.78
55.25
55.72
56.19
56.66
57.14
57.61
58.08
58.55
59.02
59.49
59.97
60.44
60.91
61.38
61.85
62.32
62.79
63.26
63.73
64.2
64.67
65.14
65.62
66.09
66.56
67.03
67.5
67.97
68.44
68.91
69.39
69.86
70.33
70.8
71.27
71.74
72.21
72.68
73.16
73.63
74.1
74.57
75.04
75.51
75.98
76.45
76.93
77.4
77.87
78.34
78.81
79.28
79.75
80.23
80.71
81.19
81.67
82.13
82.61
83.08
83.56
84.06
84.53
85.01
85.47
85.93
86.38
86.84
87.31
87.77
88.24
88.71
89.18
89.65
90.12
90.59
91.06
91.53
92.0
92.48
92.95
93.42
93.89
94.36
94.83
95.3
95.77
96.24
96.72
97.19
97.66
98.13
98.6
99.07
99.54
100.01
100.49
100.96
101.43
101.9
102.37
102.84
103.31
103.78
104.25
104.72
105.19
105.66
106.13
106.6
107.07
107.53
108.0
108.48
108.96
109.43
109.91
110.38
110.85
111.32
111.79
112.26
112.73
113.2
113.68
114.15
114.62
115.09
115.56
116.03
116.5
116.97
117.44
117.91
118.38
118.85
119.32
119.79
120.27
120.74
121.21
121.68
122.15
122.62
123.09
123.56
124.03
124.5
124.98
125.45
125.92
126.39
126.86
127.33
127.8
128.27
128.74
129.21
129.69
130.16
130.63
131.1
131.57
132.04
132.51
132.98
133.46
133.93
134.4
134.87
135.34
135.81
136.29
136.75
137.22
137.68
138.15
138.64
139.12
139.61
140.07
140.53
140.99
141.46
141.93
142.4
142.87
143.34
143.81
144.28
144.75
145.22
145.69
146.16
146.64
147.11
147.58
148.05
148.53
149.0
149.46
149.93
150.4
150.87
151.34
151.81
152.28
152.75
153.23
153.7
154.17
154.64
155.11
155.58
156.06
156.53
157.0
157.47
157.94
158.41
158.88
159.35
159.82
160.29
160.76
161.23
161.7
162.17
162.64
163.12
163.59
164.06
164.53
165.0
165.47
165.94
166.41
166.88
167.35
167.82
168.29
168.76
169.23
169.7
170.18
170.65
171.12
171.59
172.06
172.53
173.0
173.47
173.94
174.41
174.88
175.36
175.83
176.3
176.77
177.24
177.71
178.18
178.65
179.12
179.59
180.06
180.53
181.0
181.47
181.94
182.41
182.88
183.35
183.83
184.3
184.77
185.24
185.71
186.18
186.65
