0.09
0.34
0.66
0.91
1.15
1.4
1.64
1.88
2.34
2.58
2.99
3.45
3.91
4.37
4.83
5.29
5.75
6.21
6.69
7.14
7.6
8.05
8.54
8.99
9.46
9.92
10.39
10.85
11.31
11.77
12.24
12.7
13.17
13.63
14.09
14.55
15.01
15.46
15.93
16.39
16.85
17.3
17.77
18.24
18.7
19.15
19.62
20.08
20.54
20.99
21.46
21.93
22.39
22.85
23.31
23.77
24.23
24.69
25.16
25.62
26.08
26.54
27.01
27.47
27.93
28.39
28.86
29.32
29.78
30.25
30.71
31.17
31.63
32.09
32.55
33.01
33.47
33.93
34.39
34.85
35.31
35.77
36.23
36.69
37.16
37.63
38.09
38.55
39.01
39.47
39.93
40.39
40.85
41.31
41.78
42.24
42.7
43.16
43.62
44.08
44.55
45.01
45.47
45.93
46.39
46.86
47.32
47.78
48.24
48.7
49.16
49.62
50.08
50.55
51.01
51.47
51.93
52.39
52.85
53.31
53.77
54.24
54.7
55.16
55.62
56.08
56.54
57.0
57.47
57.93
58.39
58.85
59.31
59.77
60.24
60.7
61.16
61.61
62.08
62.54
63.0
63.46
63.93
64.39
64.85
65.3
65.77
66.24
66.7
67.16
67.62
68.08
68.54
69.0
69.47
69.93
70.39
70.85
71.31
71.77
72.24
72.69
73.16
73.62
74.08
74.55
75.01
75.47
75.93
76.39
76.85
77.31
77.78
78.25
78.71
79.17
79.63
80.09
80.55
80.99
81.46
81.94
82.4
82.86
83.32
83.77
84.23
84.7
85.16
85.62
86.09
86.55
87.01
87.46
87.93
88.39
88.85
89.32
89.78
90.24
90.7
91.15
91.62
92.08
92.54
93.01
93.47
93.93
94.39
94.86
95.32
95.78
96.24
96.72
97.17
97.63
98.09
98.55
99.01
99.47
99.93
100.38
100.85
101.31
101.78
102.24
102.7
103.16
103.62
104.07
104.54
105.0
105.47
105.93
106.39
106.86
107.32
107.78
108.24
108.71
109.16
109.63
110.09
110.55
111.01
111.46
111.93
112.39
112.85
113.31
113.77
114.24
114.7
115.17
115.63
116.09
116.55
117.0
117.47
117.93
118.39
118.85
119.31
119.77
120.23
120.7
121.16
121.62
122.08
122.55
123.01
123.47
123.93
124.4
124.86
125.31
125.77
126.24
126.7
127.16
127.62
128.09
128.55
129.01
129.47
129.93
130.39
130.85
131.31
131.78
132.24
132.7
133.16
133.62
134.08
134.55
135.01
135.47
135.93
136.39
136.85
137.32
137.78
138.24
138.7
139.16
139.62
140.08
140.54
141.0
141.47
141.93
142.39
142.85
143.31
143.77
144.24
144.71
145.17
145.63
146.09
146.55
147.01
147.47
147.93
148.39
148.85
149.31
149.77
150.24
150.7
151.16
151.62
152.08
152.54
153.01
153.47
153.92
154.39
154.85
155.31
155.78
156.24
156.7
157.16
157.62
158.08
158.54
159.01
159.47
159.93
160.39
160.85
161.32
161.78
162.24
162.7
163.16
163.62
164.08
164.54
165.0
165.47
165.93
166.39
166.85
167.31
167.77
168.23
168.69
169.16
169.62
170.08
170.54
171.0
171.47
171.93
172.39
172.85
173.31
173.78
174.24
174.7
175.16
175.62
176.08
176.54
177.01
177.47
177.93
178.39
178.85
179.31
179.77
180.23
180.7
181.16
181.62
182.08
182.54
183.0
183.46
183.93
184.39
184.85
185.31
185.77
186.23
186.7
187.16
187.62
188.08
188.54
189.0
189.47
189.93
190.39
190.85
191.31
191.77
192.24
192.7
193.16
193.62
194.08
194.54
195.0
195.47
195.93
196.39
196.85
197.31
197.77
198.23
198.7
199.16
199.62
200.08
200.54
201.0
201.46
201.92
202.38
202.84
203.3
203.76
204.22
204.68
205.14
205.6
206.07
206.53
206.99
207.45
207.91
208.38
208.84
209.3
209.76
210.22
210.69
211.15
211.61
212.07
212.53
212.99
213.45
213.91
214.38
214.84
215.29
215.75
216.21
216.66
