0.36
1.53
2.7
3.87
5.01
6.18
7.31
8.47
9.62
10.78
11.93
13.09
14.24
15.39
16.54
17.69
18.86
20.01
21.17
22.29
23.45
24.64
25.79
26.93
28.09
29.23
30.39
31.53
32.69
33.87
35.01
36.16
37.32
38.46
39.63
40.8
41.94
42.52
43.07
43.63
44.21
44.78
45.35
45.94
46.51
47.08
47.65
48.24
48.83
49.41
50.0
50.58
51.17
51.76
52.34
52.9
53.47
54.04
54.62
55.18
55.75
56.34
56.94
57.53
58.09
58.68
59.25
59.84
60.42
60.98
61.57
62.17
62.74
63.31
63.86
64.44
65.01
65.58
66.15
66.74
67.31
67.88
68.46
69.05
69.62
70.19
70.78
71.36
71.93
72.51
73.08
73.65
74.22
74.8
75.37
75.95
76.53
77.11
77.68
78.26
78.84
79.41
79.98
80.56
81.14
81.72
82.29
82.87
83.45
84.03
84.59
85.18
85.76
86.34
86.9
87.49
88.07
88.65
89.22
89.79
90.37
91.13
91.51
91.9
92.28
92.67
93.05
93.43
93.82
94.2
94.59
94.98
95.36
95.74
96.13
96.51
96.9
97.28
97.67
98.05
98.44
98.82
99.21
99.59
99.97
100.35
100.74
101.11
101.5
101.89
102.27
102.65
103.04
103.43
103.82
104.2
104.59
104.97
105.35
105.73
106.13
106.52
106.9
107.29
107.67
108.05
108.44
108.82
109.21
109.59
109.97
110.35
110.74
111.13
111.53
111.89
112.28
112.68
113.06
113.44
113.82
114.22
114.59
114.99
115.37
115.75
116.13
116.91
117.48
118.06
118.63
119.21
119.79
120.36
120.95
121.53
122.11
122.68
123.26
123.84
124.42
124.99
125.57
126.14
126.72
127.3
127.88
128.46
129.03
129.6
130.18
130.76
131.34
131.91
132.49
133.06
133.64
134.22
134.8
135.38
135.95
136.53
137.11
137.68
138.26
138.83
139.41
139.99
140.57
141.14
141.72
142.3
142.88
143.45
144.03
144.6
145.18
145.76
146.34
146.91
147.49
148.64
149.8
150.95
152.1
153.26
154.42
154.99
155.57
156.14
156.72
157.3
157.88
158.46
159.03
159.6
160.18
160.76
161.34
162.49
163.64
164.22
164.8
165.38
165.95
166.52
167.1
167.68
168.26
168.82
169.41
169.99
170.56
171.14
171.72
172.28
172.87
173.45
174.03
175.18
176.33
176.91
177.49
178.07
178.65
179.23
179.8
180.37
180.95
181.54
182.11
182.68
183.26
184.41
185.56
186.72
187.87
188.45
189.03
189.6
190.18
191.34
192.49
193.64
194.8
195.95
197.1
197.68
198.26
199.42
200.57
201.72
202.88
204.03
205.18
206.33
207.49
208.64
209.8
210.95
212.11
212.68
213.26
213.84
214.41
214.98
215.56
216.14
216.72
217.29
217.87
218.45
219.03
219.6
220.18
221.34
222.49
223.64
224.8
225.95
227.11
228.26
229.41
230.57
231.72
232.88
234.03
235.18
236.33
237.49
238.64
239.8
240.95
242.1
243.26
244.41
245.57
246.72
247.87
249.02
250.18
251.34
252.49
253.64
254.8
255.94
257.1
258.25
259.41
260.56
261.7
262.08
262.46
262.85
263.23
263.61
264.0
264.38
264.77
265.35
265.74
266.12
266.51
266.89
267.26
267.65
268.04
268.43
268.82
269.2
269.57
269.96
270.35
270.73
271.12
271.5
271.88
272.27
272.66
273.05
273.43
273.81
274.18
274.57
274.96
275.35
275.74
276.12
276.49
276.88
277.27
277.65
278.03
278.39
