0.0
0.44
0.89
1.35
1.82
2.28
2.74
3.22
3.67
4.14
4.61
5.07
5.54
6.01
6.47
6.94
7.4
7.86
8.32
8.79
9.25
9.72
10.18
10.65
11.11
11.58
12.04
12.52
12.98
13.45
13.91
14.38
14.84
15.31
15.77
16.24
16.7
17.17
17.63
18.1
18.56
19.03
19.49
19.96
20.42
20.89
21.35
21.82
22.28
22.75
23.21
23.68
24.14
24.61
25.07
25.54
26.0
26.47
26.93
27.4
27.86
28.33
28.79
29.26
29.72
30.19
30.65
31.12
31.58
32.05
32.51
32.99
33.46
33.92
34.38
34.85
35.3
35.77
36.23
36.69
37.17
37.64
38.1
38.56
39.02
39.49
39.95
40.41
40.87
41.34
41.81
42.28
42.74
43.22
43.69
44.15
44.6
45.07
45.53
46.0
46.46
46.93
47.4
47.87
48.33
48.79
49.25
49.73
50.19
50.66
51.12
51.59
52.05
52.51
52.97
53.45
53.91
54.38
54.84
55.31
55.78
56.24
56.7
57.17
57.63
58.1
58.57
59.03
59.5
59.96
60.42
60.88
61.36
61.82
62.29
62.75
63.22
63.68
64.15
64.61
65.08
65.54
66.01
66.47
66.93
67.4
67.87
68.32
68.79
69.26
69.72
70.19
70.66
71.12
71.58
72.04
72.51
72.98
73.44
73.91
74.37
74.84
75.3
75.77
76.23
76.7
77.16
77.63
78.09
78.56
79.02
79.49
79.96
80.43
80.89
81.36
81.82
82.29
82.74
83.22
83.68
84.15
84.61
85.08
85.54
86.0
86.46
86.94
87.4
87.87
88.33
88.8
89.27
89.73
90.19
90.66
91.12
91.59
92.06
92.52
92.99
93.45
93.91
94.38
94.85
95.31
95.78
96.24
96.71
97.17
97.63
98.1
98.57
99.03
99.5
99.96
100.43
100.89
101.36
101.81
102.28
102.75
103.22
103.68
104.15
104.61
105.07
105.53
106.0
106.47
106.93
107.4
107.86
108.33
108.79
109.26
109.72
110.19
110.65
111.12
111.59
112.05
112.51
112.98
113.44
113.91
114.37
114.84
115.31
115.77
116.24
116.7
117.17
117.64
118.1
118.57
119.03
119.5
119.97
120.44
120.9
121.36
121.82
122.29
122.76
123.23
123.69
124.16
124.62
125.08
125.54
126.01
126.47
126.94
127.41
127.88
128.35
128.8
129.26
129.72
130.19
130.67
131.13
131.6
132.07
132.77
133.45
133.69
134.15
134.61
135.08
135.52
136.0
136.47
136.95
137.42
137.89
138.33
138.82
139.29
139.74
140.2
140.67
141.13
141.6
142.06
142.52
142.98
143.45
143.92
144.38
144.84
145.31
145.77
146.25
146.72
147.19
147.65
148.12
148.58
149.04
149.5
149.96
150.43
150.9
151.37
151.84
152.31
152.77
153.22
153.69
154.16
154.62
155.08
155.55
156.02
156.49
156.95
157.4
157.86
158.34
158.81
159.28
159.75
160.21
160.66
161.14
161.61
162.07
162.54
163.0
163.46
163.93
164.4
164.86
165.32
165.79
166.48
166.95
167.41
167.88
168.35
168.81
169.26
169.72
170.18
170.65
171.11
171.36
171.83
172.3
172.77
173.23
173.7
174.16
174.63
175.1
175.56
176.02
176.48
176.95
177.42
177.89
178.35
178.82
179.28
179.74
180.21
180.67
181.13
181.6
182.06
182.53
182.98
183.44
183.91
184.38
184.85
185.32
185.78
186.25
186.72
187.19
187.65
188.11
188.58
189.04
189.5
189.97
190.45
190.91
191.37
191.83
192.29
192.76
193.22
193.69
194.15
194.61
195.06
195.53
196.0
196.47
196.94
197.41
197.87
198.35
198.82
199.27
199.73
200.2
200.88
201.35
201.82
202.29
202.75
203.2
203.66
204.14
204.62
205.09
205.55
206.01
206.48
206.94
207.41
207.87
208.33
208.8
209.26
209.73
210.19
210.65
211.12
211.59
212.05
212.52
212.98
213.44
213.91
214.38
214.84
215.31
215.77
216.24
216.7
217.17
217.63
218.1
218.56
219.03
219.5
219.97
220.43
220.89
221.35
221.82
222.28
222.75
223.21
223.68
224.15
224.62
225.08
225.55
226.01
226.47
226.94
227.41
227.87
228.34
228.8
229.27
229.73
230.2
230.66
231.13
231.59
232.06
232.52
232.99
233.45
233.92
234.38
234.85
235.32
235.78
236.24
236.71
237.17
237.64
238.1
238.56
239.03
239.49
239.96
240.42
240.89
241.36
241.83
242.29
242.76
243.22
243.69
244.15
244.62
245.08
245.54
246.01
246.47
246.93
247.4
247.87
248.33
248.79
249.26
249.73
250.19
250.66
251.12
251.59
252.05
252.52
252.99
253.45
253.92
254.38
254.84
255.31
255.78
256.24
256.71
257.18
257.64
258.11
258.57
259.03
259.5
259.97
260.43
260.9
261.35
261.83
262.29
262.76
263.22
263.69
264.15
264.62
265.08
265.55
266.01
266.48
266.94
267.41
267.87
268.34
268.8
269.27
269.73
270.2
270.66
271.13
271.6
272.06
272.52
272.99
273.45
273.92
274.38
274.85
275.31
275.77
276.24
276.7
277.17
277.64
278.1
278.57
279.04
279.5
279.97
280.43
280.9
281.36
281.83
282.29
282.76
283.22
283.68
284.15
284.62
285.08
285.55
286.01
286.48
286.94
287.41
287.87
288.34
288.8
289.27
289.73
290.2
290.66
291.12
291.58
292.05
292.53
292.99
293.45
293.91
294.38
294.84
295.31
295.77
296.24
296.7
297.17
297.63
298.1
298.56
299.03
299.5
299.97
300.43
300.9
301.36
301.83
302.29
302.76
303.22
303.69
304.15
304.62
305.08
305.55
306.01
306.48
306.94
307.41
307.87
308.34
308.8
309.27
309.73
310.2
310.66
311.13
311.6
312.06
312.53
313.0
