0.1
0.45
0.8
1.15
1.5
1.85
2.2
2.55
2.9
3.25
3.6
3.95
4.3
4.64
4.96
5.28
5.61
5.95
6.3
6.65
7.0
7.35
7.7
8.05
8.4
8.72
9.04
9.37
9.71
10.05
10.4
10.75
11.1
11.45
11.8
12.15
12.47
12.79
13.12
13.46
13.8
14.15
14.5
14.85
15.2
15.56
15.91
16.27
16.61
16.96
17.31
17.66
18.01
18.35
18.66
18.99
19.33
19.68
20.02
20.36
20.7
21.02
21.34
21.67
22.01
22.36
22.71
23.06
23.41
23.75
24.06
24.38
24.72
25.06
25.41
25.76
26.11
26.45
26.81
27.16
27.51
27.86
28.2
28.51
28.84
29.17
29.51
29.86
30.21
30.56
30.91
31.27
31.62
31.98
32.33
32.67
33.01
33.33
33.65
33.99
34.3
34.65
35.01
35.36
35.72
36.06
36.4
36.71
37.04
37.38
37.72
38.07
38.52
39.0
39.47
39.94
40.41
40.88
41.35
41.82
42.28
42.74
43.21
43.68
44.15
44.62
45.09
45.56
46.02
46.49
46.96
47.43
47.9
48.37
48.84
49.31
49.78
50.24
50.71
51.18
51.65
52.12
52.58
53.05
53.52
53.99
54.46
54.93
55.4
55.87
56.34
56.81
57.28
57.74
58.21
58.68
59.15
59.61
60.08
60.55
61.02
61.49
61.96
62.43
62.9
63.37
63.84
64.3
64.77
65.24
65.71
66.18
66.65
67.11
67.58
68.05
68.52
68.99
69.46
69.93
70.4
70.87
71.34
71.8
72.27
72.74
73.21
73.68
74.15
74.62
75.08
75.55
76.02
76.49
76.96
77.43
77.9
78.36
78.83
79.3
79.77
80.24
80.71
81.18
81.65
82.12
82.58
83.05
83.52
83.99
84.46
84.93
85.4
85.87
86.34
86.8
87.27
87.73
88.2
88.67
89.14
89.61
90.08
90.55
91.02
91.49
91.96
92.43
92.9
93.37
93.84
94.3
94.77
95.24
95.71
96.18
96.65
97.12
97.59
98.05
98.52
98.99
99.46
99.93
100.4
100.87
101.34
101.8
102.27
102.74
103.21
103.68
104.15
104.62
105.09
105.56
106.03
106.5
106.96
107.43
107.9
108.37
108.84
109.3
109.77
110.24
110.71
111.18
111.65
112.12
112.6
113.06
113.53
114.0
114.47
114.94
115.41
115.88
116.36
116.83
117.29
117.76
118.22
118.69
119.16
119.64
120.1
120.56
121.02
121.5
121.97
122.44
122.91
123.39
123.86
124.33
124.79
125.26
125.72
126.19
126.66
127.12
127.58
128.05
128.52
128.99
129.46
129.93
130.4
130.87
131.34
131.8
132.27
132.74
133.21
133.68
134.15
134.62
135.09
135.55
136.02
136.49
136.96
137.43
137.9
138.37
138.84
139.3
139.77
140.24
140.71
141.18
141.65
142.12
142.59
143.05
143.52
143.99
144.46
144.92
145.39
145.86
146.33
146.8
147.27
147.74
148.21
148.68
149.15
149.61
150.09
150.56
151.01
151.49
151.96
152.44
152.91
153.39
153.86
154.32
154.8
155.29
155.76
156.24
156.71
157.18
157.64
158.1
158.57
159.04
159.51
159.99
160.45
160.91
161.37
161.84
162.3
162.77
163.22
163.68
164.15
164.62
165.09
165.55
166.02
166.49
166.96
167.43
167.9
168.37
168.84
169.31
169.78
170.24
170.71
171.18
171.65
172.12
172.59
173.06
173.52
173.99
174.46
174.93
175.4
175.87
176.34
176.81
177.28
177.74
178.21
178.68
179.15
179.62
180.09
180.56
181.02
181.49
181.96
182.43
182.9
183.37
183.84
184.31
184.77
185.24
185.71
186.18
186.65
187.12
187.59
188.05
188.52
188.99
189.46
189.93
190.4
190.87
191.34
191.81
192.27
192.74
193.21
193.68
194.15
194.62
195.09
195.56
196.02
196.49
196.96
197.43
197.9
198.37
198.84
199.31
199.77
200.24
200.71
201.18
201.65
202.12
202.59
203.06
203.53
203.99
204.46
204.93
205.4
205.87
206.34
206.81
207.28
207.74
208.21
208.68
209.15
209.62
210.09
210.56
211.02
211.49
211.96
212.43
212.9
213.37
213.84
214.31
214.78
215.24
215.71
216.18
216.65
217.12
217.59
218.06
218.53
219.0
219.46
219.93
220.4
220.87
221.34
221.81
222.28
222.74
223.21
223.68
224.15
224.62
225.09
225.56
226.03
226.49
226.96
227.43
227.9
228.37
228.84
229.31
229.78
230.25
230.71
231.18
231.65
232.12
232.59
233.06
233.53
233.99
234.46
234.93
235.4
235.87
236.34
236.81
237.28
237.74
238.21
238.68
239.15
239.62
240.09
240.56
241.03
241.49
241.96
242.43
242.9
243.37
243.84
244.31
244.78
245.25
245.72
246.18
246.65
247.12
247.58
