0.09
0.52
0.96
1.4
1.84
2.28
2.71
3.15
3.59
4.03
4.47
4.9
5.34
5.78
6.22
6.66
7.1
7.53
7.97
8.41
8.85
9.28
9.72
10.16
10.6
11.03
11.47
11.91
12.35
12.79
13.23
13.66
14.1
14.54
14.98
15.41
15.85
16.29
16.73
17.17
17.6
18.04
18.48
18.92
19.36
19.8
20.24
20.67
21.11
21.55
21.99
22.42
22.86
23.3
23.74
24.18
24.61
25.05
25.49
25.92
26.36
26.8
27.24
27.68
28.11
28.55
28.99
29.43
29.87
30.31
30.74
31.18
31.62
32.06
32.5
32.93
33.37
33.81
34.25
34.68
35.12
35.56
36.0
36.44
36.88
37.31
37.75
38.19
38.62
39.05
39.49
39.92
40.36
40.8
41.24
41.68
42.12
42.55
42.99
43.43
43.87
44.31
44.75
45.19
45.62
46.06
46.5
46.94
47.38
47.81
48.25
48.69
49.12
49.56
50.0
50.44
50.88
51.32
51.75
52.19
52.63
53.07
53.51
53.94
54.38
54.81
55.25
55.69
56.13
56.57
57.0
57.44
57.88
58.32
58.75
59.19
59.63
60.07
60.51
60.95
61.38
61.82
62.26
62.7
63.14
63.58
64.02
64.45
64.89
65.33
65.77
66.21
66.64
67.08
67.52
67.96
68.39
68.83
69.27
69.71
70.15
70.58
71.02
71.46
71.9
72.34
72.78
73.21
73.65
74.09
74.53
74.96
75.4
75.84
76.28
76.72
77.15
77.59
78.03
78.47
78.91
79.34
79.78
80.22
80.66
81.09
81.53
81.97
82.41
82.85
83.29
83.72
84.16
84.6
85.04
85.47
85.91
86.35
86.79
87.23
87.67
88.1
88.54
88.98
89.42
89.86
90.29
90.73
91.17
91.61
92.04
92.48
92.92
93.36
93.8
94.23
94.67
95.11
95.55
95.99
96.43
96.87
97.31
97.75
98.19
98.62
99.06
99.5
99.94
100.38
100.81
101.25
101.69
102.12
102.56
103.0
103.44
103.88
104.32
104.76
105.19
105.63
106.07
106.51
106.94
107.38
107.82
108.26
108.7
109.14
109.58
110.01
110.45
110.89
111.33
111.76
112.2
112.64
113.07
113.51
113.95
114.39
114.83
115.26
115.7
116.14
116.58
117.01
117.45
117.89
118.33
118.77
119.21
119.64
120.08
120.52
120.96
121.4
121.83
122.27
122.71
123.15
123.59
124.03
124.46
124.9
125.33
125.77
126.21
126.65
127.09
127.53
127.97
128.4
128.84
129.28
129.72
130.16
130.59
131.03
131.47
131.91
132.35
132.78
133.22
133.66
134.1
134.53
134.97
135.41
135.85
136.29
136.73
137.16
137.6
138.04
138.47
138.91
139.35
139.79
140.23
140.67
141.11
141.54
141.98
142.42
142.86
143.3
143.73
144.17
144.61
145.05
145.49
145.92
146.36
146.8
147.24
147.68
148.11
148.55
148.99
149.43
149.86
150.3
150.74
151.18
151.62
152.06
152.5
152.93
153.37
153.81
154.25
154.68
155.12
155.56
156.0
156.44
156.87
157.31
157.75
158.18
158.62
159.06
159.5
159.94
160.37
160.81
161.25
161.69
162.13
162.56
163.0
163.44
163.88
164.32
164.76
165.19
165.63
166.07
166.51
166.94
167.38
167.82
168.26
168.7
169.14
169.57
170.01
170.45
170.89
171.32
171.76
172.2
172.64
173.08
173.52
173.95
174.39
174.83
175.27
175.7
176.14
176.58
177.02
177.46
177.89
178.32
178.75
179.19
