0.3
0.73
1.16
1.59
2.03
2.46
2.9
3.33
3.77
4.2
4.63
5.07
5.5
5.94
6.38
6.81
7.24
7.68
8.11
8.55
8.98
9.42
9.85
10.29
10.72
11.16
11.59
12.02
12.46
12.9
13.33
13.76
14.19
14.63
15.07
15.5
15.94
16.38
17.03
17.46
17.9
18.34
18.77
19.21
19.64
20.08
20.52
20.94
21.39
21.81
22.25
22.68
23.11
23.55
24.0
24.42
24.85
25.29
25.72
26.15
26.59
27.03
27.46
27.9
28.33
28.77
29.21
29.65
30.08
30.52
30.94
31.38
31.82
32.25
32.68
33.12
33.56
33.99
34.42
34.86
35.29
35.73
36.16
36.6
37.03
37.47
37.9
38.34
38.77
39.21
39.64
40.07
40.51
40.95
41.38
41.81
42.25
42.69
43.12
43.55
43.99
44.43
44.86
45.29
45.73
46.16
46.59
47.03
47.47
47.91
48.34
48.77
49.21
49.64
50.07
50.51
50.95
51.38
51.81
52.25
52.68
53.12
53.55
53.98
54.42
54.86
55.29
55.72
56.16
56.6
57.03
57.46
57.9
58.34
58.77
59.2
59.64
60.07
60.51
60.94
61.38
61.82
62.25
62.69
63.12
63.55
63.99
64.42
64.85
65.29
65.72
66.16
66.59
67.03
67.46
67.9
68.33
68.77
69.2
69.64
70.08
70.51
70.95
71.38
71.82
72.26
72.69
73.12
73.55
73.99
74.42
74.85
75.28
75.72
76.16
76.59
77.03
77.47
77.9
78.34
78.78
79.21
79.64
80.08
80.51
80.95
81.38
81.81
82.25
82.68
83.12
83.55
83.98
84.42
84.86
85.29
85.72
86.16
86.6
87.03
87.46
87.9
88.34
88.78
89.2
89.64
90.07
90.51
90.94
91.38
91.81
92.25
92.68
93.12
93.54
93.98
94.42
94.86
95.29
95.72
96.16
96.6
97.03
97.46
97.9
98.34
98.77
99.2
99.64
100.08
100.51
100.94
101.38
101.82
102.25
102.68
103.11
103.55
103.99
104.42
104.86
105.29
105.73
106.16
106.6
107.03
107.46
107.9
108.33
108.77
109.2
109.63
110.07
110.51
110.94
111.37
111.8
112.26
113.12
114.0
114.86
115.73
116.6
117.47
118.34
119.21
120.08
120.95
121.82
122.69
123.56
124.43
125.3
126.17
127.04
127.9
128.77
129.64
130.52
131.36
131.8
132.24
132.69
133.12
133.55
133.98
134.41
134.85
135.3
135.73
136.16
136.59
137.04
137.47
137.9
138.34
138.77
139.2
139.63
140.07
140.51
140.95
141.39
141.82
142.25
142.68
143.11
143.55
143.99
144.42
144.86
145.3
145.73
146.16
146.6
147.03
147.47
147.9
148.34
148.78
149.21
149.64
150.07
150.51
151.39
152.25
152.68
153.12
153.55
153.99
154.42
154.85
155.29
155.73
156.16
156.6
157.03
157.47
158.34
159.22
160.09
160.95
161.82
162.69
163.56
164.43
165.3
166.17
167.04
167.91
168.77
169.65
170.52
171.39
172.25
173.13
173.99
174.86
175.73
176.6
177.47
178.34
179.21
180.08
180.95
181.82
182.69
183.56
184.43
185.3
186.17
187.04
187.91
188.78
189.64
190.52
191.39
192.26
193.13
194.23
194.87
195.53
196.2
196.86
197.53
198.2
198.87
199.53
200.19
200.86
201.53
202.19
202.86
203.52
203.85
204.18
204.51
204.85
205.18
205.51
205.84
206.18
206.52
206.85
207.18
207.51
207.85
208.18
208.52
208.85
209.18
209.51
209.84
210.17
210.51
210.85
211.18
211.51
211.84
212.18
212.52
212.85
213.18
213.52
213.86
214.19
214.52
214.85
215.18
215.51
215.84
216.16
216.49
216.82
217.15
217.48
217.81
218.14
218.47
218.8
219.13
219.46
219.79
220.12
220.46
