0.1
0.56
1.03
1.49
1.96
2.42
2.88
3.34
3.81
4.28
4.74
5.21
5.68
6.14
6.61
7.07
7.53
8.0
8.47
8.93
9.4
9.86
10.33
10.78
11.25
11.72
12.18
12.65
13.11
13.57
14.04
14.5
14.97
15.43
15.9
16.37
16.84
17.3
17.77
18.23
18.7
19.16
19.63
20.09
20.56
21.02
21.49
21.95
22.41
22.88
23.35
23.81
24.28
24.73
25.21
25.67
26.13
26.6
27.06
27.53
27.99
28.46
28.93
29.4
29.86
30.33
30.79
31.25
31.72
32.19
32.65
33.11
33.58
34.05
34.51
34.97
35.44
35.9
36.37
36.83
37.3
37.77
38.23
38.69
39.16
39.63
40.09
40.55
41.02
41.49
41.95
42.41
42.89
43.35
43.81
44.28
44.75
45.21
45.67
46.13
46.6
47.06
47.52
48.0
48.46
48.93
49.39
49.86
50.33
50.79
51.25
51.72
52.19
52.65
53.11
53.58
54.04
54.51
54.97
55.44
55.91
56.37
56.83
57.3
57.77
58.24
58.71
59.17
59.63
60.09
60.56
61.02
61.49
61.95
62.42
62.88
63.35
63.81
64.28
64.74
65.21
65.67
66.14
66.6
67.07
67.54
68.0
68.47
68.93
69.38
69.86
70.32
70.78
71.26
71.72
72.19
72.65
73.12
73.58
74.05
74.51
74.98
75.44
75.91
76.37
76.84
77.3
77.77
78.23
78.7
79.16
79.63
80.09
80.55
81.02
81.49
81.95
82.42
82.88
83.35
83.81
84.28
84.74
85.21
85.67
86.14
86.6
87.07
87.54
88.0
88.46
88.92
89.39
89.85
90.32
90.78
91.25
91.71
92.18
92.64
93.11
93.57
94.04
94.5
94.97
95.43
95.9
96.36
96.83
97.29
97.76
98.22
98.69
99.15
99.62
100.08
100.55
101.01
101.48
101.95
102.42
102.87
103.34
103.8
104.27
104.73
105.21
105.67
106.14
106.6
107.07
107.53
108.0
108.46
108.93
109.39
109.86
110.32
110.79
111.25
111.72
112.18
112.65
113.11
113.57
114.04
114.5
114.97
115.43
115.9
116.36
116.83
117.31
117.78
118.25
118.71
119.17
119.63
120.09
120.56
121.02
121.49
121.95
122.41
122.88
123.34
123.81
124.27
124.74
125.2
125.67
126.13
126.6
127.06
127.53
127.99
128.46
128.93
129.39
129.85
130.32
130.78
131.25
131.71
132.17
132.64
133.1
133.57
134.03
134.5
134.97
135.44
135.9
136.36
136.83
137.29
137.76
138.22
138.69
139.16
139.62
140.08
140.55
141.01
141.48
141.94
142.41
142.88
143.34
143.8
144.26
144.72
145.2
145.67
146.13
146.6
147.06
147.53
147.99
148.46
148.92
149.39
149.85
150.31
150.78
151.25
151.71
152.17
152.64
153.11
153.57
154.03
154.5
154.97
155.43
155.89
156.36
156.83
157.29
157.75
158.22
158.69
159.15
159.61
160.08
160.54
161.01
161.48
161.95
162.41
162.87
163.34
163.81
164.27
164.74
165.2
165.66
166.12
166.58
167.05
167.52
167.98
168.45
168.91
169.38
169.84
170.31
170.78
171.25
171.71
172.18
172.64
173.1
173.57
174.03
174.5
174.97
175.43
175.9
176.36
176.82
177.29
177.76
178.22
178.69
179.16
179.62
180.08
180.54
181.01
181.47
181.94
182.41
182.87
183.34
183.8
184.27
184.73
185.2
185.67
186.13
186.6
187.06
187.53
187.99
188.45
188.92
189.38
189.86
190.32
190.79
191.25
191.71
192.17
192.64
193.1
193.57
194.03
194.5
194.96
195.43
195.89
196.36
196.82
197.29
197.75
198.22
198.68
199.15
199.61
200.08
200.54
201.01
201.47
201.94
202.4
202.87
203.33
203.8
204.26
204.73
205.19
205.66
206.12
206.59
207.05
207.52
207.98
208.45
208.91
209.38
209.84
210.31
210.77
211.24
211.7
212.17
212.63
213.1
213.56
214.03
214.49
214.96
215.42
215.89
216.35
216.82
217.28
217.75
218.21
218.68
219.14
219.61
220.08
220.54
221.0
221.47
221.93
222.41
222.86
223.34
223.8
224.27
224.73
225.2
225.66
226.13
226.59
227.06
227.52
227.99
228.45
228.92
229.38
229.85
230.3
230.78
231.24
231.71
232.17
232.64
233.1
233.56
234.03
234.49
234.96
235.42
235.89
236.35
236.82
237.28
237.75
238.21
238.68
239.14
239.61
240.07
240.54
241.0
241.47
241.93
242.4
242.86
243.33
243.79
244.26
244.72
245.2
245.65
246.12
246.58
247.05
247.51
247.98
248.44
248.91
249.37
249.84
250.3
250.77
251.24
251.71
252.17
252.64
253.07
