0.17
0.41
0.66
0.9
1.14
1.38
1.63
1.87
2.12
2.36
2.61
2.86
3.11
3.35
3.6
3.84
4.09
4.33
4.58
4.83
5.08
5.33
5.58
5.83
6.08
6.33
6.58
6.83
7.08
7.33
7.81
8.05
8.3
8.54
8.79
9.03
9.27
9.51
9.76
10.01
10.26
10.51
10.75
11.23
11.47
11.85
12.55
12.95
13.52
13.92
14.17
14.41
14.66
15.19
15.67
16.15
16.63
17.11
17.59
18.05
18.52
19.01
19.41
19.97
20.48
20.93
21.31
21.83
22.3
22.73
23.26
23.74
24.21
24.68
25.16
25.48
26.1
26.54
26.96
27.51
28.02
28.53
29.05
29.65
30.15
30.48
31.2
31.73
32.24
32.77
33.28
33.82
34.37
34.79
35.35
36.07
36.39
36.89
37.36
37.84
38.26
38.77
39.2
39.72
40.02
40.33
40.63
40.95
41.28
41.6
41.93
42.26
42.57
42.88
43.2
43.63
43.88
44.18
44.46
44.96
45.29
45.75
46.32
46.88
47.16
47.5
47.88
48.19
48.44
48.7
49.3
49.73
50.17
50.58
51.02
51.45
51.89
52.33
52.73
53.21
53.66
54.13
54.46
54.9
55.31
55.71
56.15
56.58
57.01
57.44
57.87
58.31
58.56
59.01
59.45
59.89
60.36
60.84
61.3
61.77
62.23
62.65
63.13
63.55
63.96
64.29
64.8
65.33
65.82
66.36
66.71
66.98
67.25
67.72
68.19
68.65
69.05
69.32
69.57
69.82
70.08
70.34
70.71
70.96
71.22
71.48
71.72
72.01
72.48
72.74
73.23
73.86
74.14
74.82
75.29
75.76
76.25
76.74
77.2
77.65
78.09
78.57
79.07
79.58
80.03
80.55
81.04
81.52
82.0
82.48
82.96
83.44
83.93
84.41
84.89
85.37
85.85
86.33
86.82
87.3
87.79
88.26
88.74
89.22
89.69
90.17
90.65
91.13
91.62
92.1
92.58
93.06
93.54
94.02
94.5
94.98
95.46
95.94
96.41
96.89
97.37
97.85
98.33
98.81
99.29
99.77
100.25
100.73
101.21
101.69
102.17
102.65
103.13
103.61
104.09
104.57
105.05
105.53
106.01
106.49
106.97
107.45
107.93
108.41
108.89
109.37
109.85
110.33
110.81
111.29
111.77
112.25
112.73
113.21
113.69
114.17
114.65
115.13
115.61
116.09
116.57
117.05
117.53
118.01
118.49
118.97
119.45
119.93
120.41
120.89
121.37
121.84
122.33
122.81
123.29
123.77
124.25
124.73
125.21
125.69
126.17
126.65
127.13
127.61
128.09
128.57
129.05
129.53
130.01
130.49
130.97
131.45
131.93
132.42
132.89
133.37
133.85
134.33
134.81
135.29
135.77
136.25
136.73
137.19
137.64
138.13
138.62
139.1
139.58
140.05
140.55
141.04
141.53
142.02
142.5
142.98
143.46
143.94
144.41
144.89
145.37
145.85
146.33
146.8
147.28
147.77
148.25
148.73
149.21
149.69
150.17
150.65
151.13
151.61
152.09
152.57
153.05
153.53
154.01
154.49
154.96
155.45
155.93
156.41
156.89
157.37
157.85
158.33
158.82
159.29
159.76
160.21
160.69
161.17
161.65
162.13
162.61
163.27
163.73
163.97
164.48
165.06
165.75
166.32
166.96
167.28
167.6
167.91
168.23
168.55
168.99
169.45
169.9
170.44
170.76
171.06
171.37
171.69
172.01
172.32
172.63
172.92
173.24
173.54
173.86
174.17
174.47
174.78
175.06
175.4
175.68
175.99
176.31
176.61
176.93
177.24
177.55
177.87
178.18
178.48
178.8
179.1
179.4
179.72
180.27
180.6
181.11
181.54
181.99
182.46
182.94
183.4
183.86
184.31
184.79
185.3
185.79
186.26
186.7
187.15
187.62
188.1
188.58
189.06
189.54
190.01
190.49
190.97
191.45
191.93
192.41
192.89
193.37
193.85
194.33
194.81
195.29
195.77
196.25
196.73
197.21
197.69
198.17
198.65
199.13
199.61
200.09
200.57
201.06
201.54
202.02
202.5
202.98
203.46
203.94
204.41
204.89
205.37
205.85
206.33
206.81
207.29
207.77
208.25
208.73
209.21
209.69
210.17
210.65
211.14
211.62
212.1
212.58
213.06
213.54
214.02
214.5
214.98
215.46
215.94
216.42
216.9
217.38
217.86
218.34
218.82
219.3
219.77
220.25
220.73
221.21
221.69
222.17
222.65
223.13
223.61
224.09
224.57
225.05
225.53
226.01
226.49
226.97
227.45
227.93
228.41
228.89
229.37
229.85
230.33
230.81
231.29
231.75
232.24
232.73
233.2
233.67
234.14
234.62
235.08
235.56
236.04
236.52
237.0
237.48
237.96
238.35
238.92
239.56
240.2
240.85
241.49
242.13
242.77
243.41
244.05
244.69
245.32
245.95
246.59
247.24
