0.12
0.38
0.63
0.89
1.15
1.41
1.67
1.92
2.17
2.43
2.69
2.94
3.19
3.44
3.7
3.96
4.22
4.47
4.73
4.99
5.25
5.51
5.77
6.03
6.29
6.55
6.81
7.07
7.33
7.59
7.85
8.11
8.37
8.63
8.89
9.15
9.41
9.67
9.93
10.19
10.45
10.71
10.97
11.22
11.48
11.75
12.02
12.55
13.61
14.91
15.7
17.01
17.76
19.09
19.9
20.92
21.97
22.97
23.23
24.03
25.35
26.1
26.37
26.63
26.89
27.15
27.41
27.66
28.48
29.46
29.72
29.99
30.26
30.52
30.79
31.05
31.31
31.56
31.81
32.06
32.31
32.58
32.83
33.08
33.35
33.6
33.86
34.12
34.38
34.65
34.91
35.26
35.52
36.02
36.27
36.55
36.82
37.08
37.34
37.59
37.84
38.1
38.36
38.6
38.87
39.13
39.39
39.66
39.92
40.19
40.45
40.71
40.97
41.23
41.49
41.77
42.02
42.28
42.53
42.79
43.06
43.31
43.57
43.84
44.09
44.33
44.6
44.86
45.13
45.39
45.66
45.92
46.18
46.44
46.7
46.96
47.23
47.5
47.77
48.03
48.29
48.56
48.83
49.09
49.35
49.62
49.88
50.14
50.4
50.66
50.92
51.18
51.43
51.69
51.95
52.21
52.46
52.72
52.99
53.25
53.51
53.77
54.04
54.3
54.56
54.82
55.09
55.35
55.61
55.87
56.13
56.39
56.65
57.18
57.7
58.24
58.77
59.3
59.81
60.33
60.85
61.37
61.88
62.42
62.96
63.48
63.99
64.5
65.03
65.55
66.06
66.59
67.11
67.63
68.16
68.68
69.2
69.71
70.23
70.77
71.3
71.82
72.33
72.87
73.38
73.89
74.41
74.92
75.45
75.98
76.49
77.01
77.55
78.08
78.57
79.12
79.63
80.14
80.66
81.19
81.71
82.23
82.75
83.27
83.8
84.32
84.85
85.37
85.89
86.41
86.93
87.46
87.98
88.51
89.03
89.55
90.08
90.6
91.12
91.64
92.16
92.68
93.2
93.72
94.24
94.76
95.28
95.81
96.32
96.85
97.37
97.9
98.42
98.94
99.46
99.98
100.51
101.03
101.55
102.07
102.59
103.11
103.63
104.16
104.68
105.2
105.72
106.25
106.78
107.31
107.81
108.33
108.86
109.38
109.9
110.42
110.94
111.46
111.98
112.51
113.02
113.54
114.06
114.61
115.12
115.65
116.16
116.68
117.2
117.72
118.24
118.77
119.29
119.82
120.34
120.87
121.38
121.9
122.42
122.95
123.47
123.99
124.51
125.04
125.55
126.07
126.59
127.1
127.65
128.16
128.68
129.23
129.74
130.25
130.77
131.29
131.81
132.33
132.86
133.39
133.91
134.42
134.95
135.48
136.0
136.51
137.04
137.57
138.09
138.6
139.12
139.65
140.18
140.69
141.21
141.74
142.27
142.78
143.3
143.83
144.35
144.86
145.38
145.91
146.44
146.95
147.47
148.0
148.52
149.04
149.56
150.09
150.6
151.12
151.65
152.18
152.7
153.21
153.73
154.26
154.79
155.3
155.82
156.35
156.87
157.38
157.92
158.44
158.97
159.49
160.03
160.55
161.07
161.57
162.08
162.6
163.1
163.61
164.17
164.71
165.25
165.77
166.29
166.8
167.33
167.86
168.38
168.88
169.41
169.94
170.46
171.02
171.53
172.03
172.55
173.07
173.59
174.11
174.64
175.17
175.7
176.21
176.73
177.26
177.77
178.29
178.82
179.34
179.86
180.38
180.9
181.43
181.96
182.47
182.99
183.52
184.04
184.55
185.07
185.6
186.12
186.63
187.16
187.69
188.22
188.73
189.26
189.78
190.3
190.81
191.34
191.87
192.4
192.93
193.46
194.0
194.53
195.05
195.54
196.07
196.59
197.09
197.61
198.13
198.65
199.17
199.69
200.21
200.74
201.25
201.77
202.29
202.82
203.34
203.86
204.39
204.91
205.42
205.95
206.47
207.0
207.51
208.03
208.55
209.09
209.6
210.12
210.64
211.17
211.68
212.2
212.73
213.25
213.77
214.29
214.82
215.35
215.86
216.37
216.9
217.43
217.96
218.49
219.0
219.52
220.04
220.56
221.09
221.62
222.14
222.66
223.18
223.71
224.24
224.77
225.3
225.8
226.31
226.83
227.35
227.88
228.4
228.92
229.44
229.96
230.48
231.01
231.54
232.08
232.59
233.11
233.63
234.15
234.65
235.16
236.33
237.75
238.42
239.64
240.18
