0.16
0.75
1.35
1.94
2.54
3.14
3.75
4.34
4.94
5.54
6.14
6.74
7.34
7.94
8.54
9.14
9.74
10.34
10.94
11.54
12.14
12.74
13.34
13.94
14.55
15.14
15.74
16.34
16.94
17.54
18.15
18.75
19.35
19.94
20.54
21.14
21.74
22.34
22.94
23.54
24.14
24.74
25.34
25.94
26.54
27.14
27.75
28.35
28.95
29.55
30.15
30.74
31.34
31.94
32.54
33.15
33.75
34.35
34.95
35.55
36.15
36.75
37.35
37.95
38.55
39.15
39.75
40.35
40.95
41.55
42.15
42.75
43.36
43.95
44.55
45.15
45.75
46.36
46.96
47.56
48.15
48.75
49.36
49.96
50.56
51.16
51.76
52.35
52.96
53.56
54.15
54.75
55.35
55.96
56.56
57.16
57.76
58.36
58.96
59.56
60.16
60.76
61.36
61.96
62.56
63.16
63.76
64.36
64.96
65.56
66.16
66.76
67.36
67.96
68.56
69.16
69.76
70.36
70.95
71.55
72.15
72.75
73.34
73.95
74.54
75.14
75.74
76.35
76.95
77.55
78.14
78.75
79.34
79.95
80.54
81.15
81.75
82.35
82.95
83.55
84.14
84.74
85.34
85.95
86.55
87.15
87.75
88.35
88.95
89.55
90.14
90.75
91.35
91.96
92.56
93.16
93.76
94.36
94.96
95.55
96.16
96.75
97.36
97.96
98.56
99.15
99.75
100.36
100.96
101.55
102.15
102.75
103.35
103.95
104.55
105.14
105.74
106.34
106.94
107.54
108.14
108.74
109.34
109.94
110.54
111.14
111.74
112.34
112.94
113.53
114.13
114.73
115.33
115.93
116.53
117.13
117.73
118.32
118.92
119.52
120.12
120.72
121.32
121.92
122.52
123.13
123.72
124.33
124.93
125.53
126.12
126.73
127.32
127.93
128.52
129.13
129.73
130.34
130.93
131.53
132.13
132.73
133.32
133.93
134.53
135.13
135.73
136.33
136.93
137.53
138.12
138.73
139.34
139.96
140.55
141.14
141.74
142.34
142.95
143.54
144.14
144.73
145.3
145.93
146.53
147.13
147.73
148.33
148.93
149.53
150.14
150.74
151.35
151.93
152.54
153.14
153.73
154.34
154.94
155.54
156.14
156.74
157.34
157.94
158.53
159.13
159.73
160.32
160.93
161.54
162.14
162.73
163.33
163.93
164.53
165.14
165.74
166.33
166.92
167.52
168.13
168.73
169.32
169.92
170.54
171.14
171.74
172.34
172.94
173.54
174.13
174.74
175.34
175.94
176.54
177.13
177.73
178.34
178.93
179.54
180.14
180.74
181.34
181.94
182.53
183.13
183.73
184.34
184.93
185.53
186.13
186.73
187.33
187.93
188.52
189.12
189.73
190.34
190.94
191.54
192.14
192.74
193.34
193.94
194.54
195.14
195.74
196.35
196.95
197.54
198.13
198.74
199.34
199.94
200.54
201.14
201.73
202.33
202.93
203.53
204.13
204.73
205.33
205.93
206.52
207.12
207.72
208.33
208.93
209.52
210.12
210.71
211.27
