0.28
0.78
1.27
1.77
2.28
2.78
3.26
3.77
4.27
4.76
5.26
5.77
6.28
6.78
7.27
7.78
8.28
8.77
9.28
9.78
10.28
10.78
11.29
11.8
12.29
12.79
13.29
13.79
14.29
14.79
15.29
15.79
16.29
16.79
17.29
17.79
18.29
18.79
19.29
19.79
20.29
20.79
21.29
21.79
22.28
22.78
23.28
23.78
24.28
24.78
25.28
25.78
26.28
26.78
27.28
27.78
28.28
28.78
29.28
29.78
30.28
30.78
31.28
31.78
32.29
32.79
33.29
33.79
34.29
34.79
35.29
35.79
36.29
36.79
37.29
37.79
38.29
38.79
39.29
39.79
40.29
40.79
41.29
41.79
42.29
42.78
43.27
43.77
44.27
44.78
45.28
45.78
46.28
46.78
47.28
47.78
48.28
48.78
49.28
49.78
50.28
50.78
51.28
51.79
52.29
52.79
53.29
53.79
54.28
54.78
55.28
55.78
56.28
56.78
57.28
57.78
58.28
58.78
59.28
59.78
60.28
60.79
61.29
61.79
62.29
62.79
63.29
63.79
64.29
64.78
65.29
65.79
66.28
66.78
67.28
67.79
68.29
68.79
69.29
69.79
70.28
70.78
71.28
71.78
72.28
72.78
73.29
73.79
74.28
74.78
75.28
75.78
76.28
76.78
77.28
77.78
78.28
78.78
79.28
79.78
80.29
80.79
81.29
81.79
82.29
82.79
83.29
83.79
84.28
84.78
85.28
85.78
86.28
86.78
87.28
87.78
88.28
88.78
89.28
89.78
90.28
90.78
91.28
91.78
92.28
92.78
93.28
93.78
94.28
94.78
95.29
95.79
96.29
96.79
97.29
97.79
98.28
98.78
99.27
99.77
100.28
100.78
101.28
101.78
102.28
102.78
103.28
103.78
104.28
104.78
105.28
105.78
106.28
106.78
107.28
107.78
108.28
108.78
109.28
109.78
110.28
110.78
111.28
111.78
112.28
112.79
113.29
113.79
114.28
114.78
115.28
115.78
116.28
116.78
117.28
117.78
118.28
118.78
119.28
119.78
120.27
120.78
121.28
121.78
122.28
122.78
123.28
123.79
124.28
124.78
125.28
125.78
126.28
126.78
127.28
127.78
128.28
128.78
129.29
129.79
130.28
130.78
131.28
131.78
132.29
132.79
133.29
133.79
134.29
134.79
135.28
135.78
136.28
136.78
137.29
137.79
138.29
138.78
139.27
139.77
140.28
140.78
141.29
141.79
142.29
142.78
143.28
143.78
144.28
144.78
145.29
145.79
146.29
146.78
147.28
147.78
148.28
148.78
149.28
149.78
150.28
150.78
151.28
151.78
152.28
152.78
153.28
153.78
154.28
154.78
155.28
155.78
156.29
156.79
157.29
157.79
158.29
158.79
159.29
159.79
160.29
160.79
161.29
161.79
162.29
162.79
163.29
163.79
164.29
164.79
165.29
165.79
166.29
166.79
167.29
167.79
168.28
168.78
169.28
169.79
170.29
170.79
171.29
171.79
172.29
172.79
173.29
173.79
174.29
174.79
175.28
175.78
176.28
176.79
177.29
177.79
178.29
178.79
179.29
179.79
180.29
180.79
181.29
181.79
182.29
182.79
183.29
183.79
184.28
184.78
185.28
185.79
186.29
186.79
187.29
187.79
188.29
188.79
189.28
189.78
190.28
190.78
191.28
191.78
192.28
192.78
193.28
193.78
194.27
194.76
