0.09
0.55
1.02
1.49
1.96
2.43
2.9
3.36
3.83
4.3
4.77
5.24
5.71
6.18
6.64
7.11
7.58
8.05
8.52
8.99
9.46
9.93
10.4
10.87
11.34
11.8
12.27
12.74
13.21
13.68
14.15
14.62
15.08
15.55
16.02
16.49
16.96
17.43
17.9
18.37
18.84
19.31
19.77
20.24
20.71
21.18
21.65
22.12
22.59
23.06
23.53
23.99
24.46
24.93
25.4
25.87
26.34
26.81
27.28
27.75
28.21
28.68
29.15
29.62
30.09
30.56
31.02
31.49
31.96
32.43
32.9
33.37
33.84
34.31
34.78
35.24
35.71
36.18
36.65
37.12
37.59
38.05
38.52
38.99
39.46
39.93
40.4
40.87
41.34
41.8
42.27
42.74
43.21
43.68
44.15
44.62
45.08
45.55
46.02
46.49
46.96
47.43
47.9
48.37
48.84
49.31
49.78
50.24
50.71
51.18
51.65
52.11
52.58
53.05
53.52
53.99
54.46
54.93
55.4
55.86
56.33
56.8
57.27
57.74
58.21
58.68
59.15
59.61
60.08
60.55
61.02
61.49
61.96
62.43
62.9
63.37
63.84
64.3
64.77
65.24
65.71
66.18
66.64
67.11
67.58
68.05
68.52
68.99
69.46
69.93
70.4
70.87
71.34
71.81
72.27
72.74
73.21
73.68
74.15
74.62
75.09
75.56
76.02
76.49
76.96
77.43
77.9
78.37
78.84
79.3
79.77
80.24
80.71
81.18
81.65
82.11
82.58
83.05
83.52
83.99
84.45
84.92
85.39
85.86
86.33
86.8
87.26
87.73
88.2
88.67
89.13
89.6
90.08
90.57
91.05
91.51
91.97
92.44
92.89
93.35
93.83
94.31
94.79
95.25
95.71
96.17
96.64
97.09
97.56
98.04
98.5
98.99
99.45
99.92
100.39
100.86
101.32
101.79
102.25
102.73
103.2
103.67
104.15
104.63
105.08
105.54
106.0
106.48
106.95
107.42
107.89
108.38
108.85
109.33
109.8
110.27
110.73
111.2
111.66
112.13
112.59
113.05
113.52
113.99
114.46
114.92
115.39
115.86
116.33
116.8
117.27
117.73
118.2
118.67
119.14
119.61
120.08
120.54
121.01
121.48
121.95
122.42
122.89
123.36
123.83
124.3
124.77
125.24
125.71
126.17
126.64
127.11
127.58
128.05
128.52
128.99
129.45
129.92
130.39
130.86
131.33
131.8
132.26
132.73
133.2
133.67
134.14
134.61
135.08
135.55
136.02
136.49
136.96
137.43
137.89
138.36
138.83
139.3
139.77
140.24
140.71
141.18
141.65
142.12
142.58
143.05
143.52
143.99
144.46
144.93
145.39
145.86
146.33
146.8
147.27
147.74
148.21
148.68
149.14
149.61
150.08
150.55
151.02
151.49
151.96
152.43
152.9
153.37
153.84
154.31
154.77
155.24
155.71
156.18
156.65
157.12
157.6
158.07
158.53
159.01
159.48
159.95
160.42
160.91
161.36
161.83
162.3
162.77
163.24
163.71
164.18
164.64
165.1
165.56
166.02
166.49
166.97
167.44
167.9
168.37
168.84
169.31
169.77
170.23
170.72
171.2
171.66
172.12
172.59
173.06
173.52
173.94
174.43
174.88
175.37
175.87
176.34
176.82
177.28
177.74
178.21
178.68
179.15
179.62
180.09
180.56
181.02
181.49
181.96
182.43
182.9
183.37
183.84
184.31
184.77
185.24
185.71
186.18
186.65
187.12
187.59
188.06
188.52
188.99
189.46
189.93
190.4
190.87
191.34
191.81
192.28
192.74
193.21
193.68
194.15
194.62
195.09
195.56
196.02
196.49
196.96
197.43
197.9
198.37
198.84
199.31
199.77
200.24
200.71
201.18
201.65
202.12
202.59
203.06
203.53
203.99
204.46
204.93
205.4
205.87
206.34
206.81
207.27
207.74
208.21
208.68
209.15
209.62
210.09
210.55
211.02
211.49
211.96
212.43
212.9
213.37
213.84
214.31
214.78
215.25
215.72
216.19
216.66
217.12
217.59
218.05
218.52
218.99
219.47
