0.19
0.77
1.35
1.93
2.5
3.01
3.37
3.73
4.08
4.43
4.78
5.14
5.49
5.86
6.22
6.58
6.92
7.28
7.8
8.16
8.71
9.07
9.44
9.79
10.12
10.43
10.78
11.12
11.48
11.82
12.17
12.52
12.87
13.25
13.59
13.95
14.29
14.64
15.0
15.36
15.71
16.06
16.41
16.77
17.13
17.44
17.8
18.15
18.5
18.85
19.2
19.53
19.9
20.24
20.6
20.96
21.32
21.68
22.04
22.4
22.76
23.11
23.46
23.8
24.15
24.51
24.86
25.21
25.54
25.9
26.25
26.61
26.96
27.31
27.66
28.02
28.38
28.74
29.09
29.43
29.78
30.15
30.51
30.87
31.22
31.58
31.93
32.29
32.64
32.99
33.35
33.7
34.06
34.42
34.78
35.13
35.48
35.83
36.19
36.55
36.91
37.26
37.61
37.96
38.31
38.66
39.01
39.36
39.71
40.06
40.41
40.77
41.12
41.47
41.83
42.18
42.53
42.88
43.24
43.59
43.94
44.29
44.64
45.0
45.36
45.71
46.05
46.41
46.77
47.12
47.47
47.82
48.17
48.51
48.86
49.22
49.57
49.92
50.28
50.63
50.99
51.34
51.69
52.05
52.4
52.76
53.11
53.45
53.81
54.17
54.53
54.89
55.25
55.61
55.98
56.65
57.35
58.06
58.76
59.46
60.17
60.87
61.58
62.29
62.99
63.7
64.4
65.11
65.82
66.52
67.23
67.93
68.64
69.35
70.05
70.76
71.46
72.17
72.87
73.58
74.29
74.99
75.7
76.4
77.11
77.81
78.52
79.24
79.94
80.66
81.39
82.1
82.79
83.48
84.18
84.87
85.58
86.28
86.99
87.71
88.42
89.12
89.83
90.54
91.23
91.94
92.65
93.36
94.06
94.77
95.48
96.2
96.9
97.59
98.29
98.99
99.7
100.41
101.12
101.82
102.52
103.23
103.94
104.65
105.35
106.06
106.77
107.47
108.18
108.89
109.6
110.31
111.01
111.71
112.42
113.12
113.83
114.53
115.23
115.94
116.65
117.36
118.06
118.77
119.47
120.18
120.89
121.59
122.29
122.99
123.7
124.41
125.12
125.82
126.53
127.24
127.94
128.66
129.39
130.07
130.77
131.47
132.17
132.88
133.58
134.29
134.99
135.7
136.4
137.11
137.82
138.52
139.23
139.93
140.64
141.35
142.05
142.76
143.46
144.17
144.88
145.58
146.29
146.99
147.7
148.4
149.11
149.82
150.52
151.23
151.93
152.64
153.35
154.05
154.76
155.46
156.17
156.87
157.58
158.28
158.99
159.7
160.4
161.11
161.81
162.52
163.23
163.93
164.64
165.35
166.05
166.76
167.46
168.17
168.87
169.58
170.29
170.99
171.7
172.41
173.12
173.84
174.55
175.25
175.96
176.65
177.35
178.06
178.77
179.48
180.22
180.93
181.62
182.32
183.01
183.72
184.43
185.14
185.85
186.53
187.23
187.94
188.65
189.34
190.06
190.79
191.48
192.18
192.88
193.58
194.29
195.01
195.71
196.43
197.15
197.83
198.53
199.23
199.93
200.64
201.35
202.05
202.76
203.46
204.17
204.88
205.58
206.29
206.99
207.7
208.4
209.11
209.82
210.52
211.23
211.93
212.64
213.35
214.05
214.76
215.46
216.17
216.87
217.58
218.29
218.99
219.69
220.41
221.11
221.83
223.35
224.76
226.14
227.57
228.95
229.71
230.49
230.99
231.48
231.78
233.17
234.6
236.15
236.6
237.06
237.31
238.86
240.25
241.84
