0.09
0.84
1.59
2.34
3.09
3.84
4.59
5.34
6.09
6.84
7.59
8.34
9.09
9.84
10.59
11.34
12.09
12.84
13.6
14.34
15.09
15.84
16.6
17.34
18.09
18.84
19.59
20.34
21.09
21.84
22.59
23.34
24.1
24.84
25.59
26.34
27.09
27.84
28.6
29.34
30.09
30.84
31.59
32.34
33.09
33.84
34.61
35.35
36.1
36.84
37.6
38.34
39.09
39.84
40.59
41.34
42.1
42.84
43.59
44.34
45.09
45.84
46.6
47.34
48.09
48.84
49.61
50.34
51.09
51.84
52.6
53.35
54.1
54.84
55.6
56.34
57.09
57.84
58.6
59.35
60.1
60.84
61.6
62.34
63.09
63.85
64.6
65.34
66.09
66.84
67.6
68.34
69.09
69.84
70.6
71.35
72.1
72.85
73.6
74.35
75.1
75.85
76.6
77.35
78.1
78.85
79.6
80.34
81.1
81.85
82.6
83.34
84.09
84.84
85.58
86.35
87.07
87.76
88.54
89.32
90.09
90.84
91.59
92.34
93.09
93.84
94.6
95.34
96.09
96.84
97.59
98.34
99.09
99.84
100.6
101.34
102.09
102.84
103.59
104.34
105.09
105.84
106.6
107.34
108.09
108.85
109.6
110.34
111.09
111.84
112.59
113.34
114.1
114.84
115.59
116.34
117.09
117.84
118.6
119.35
120.09
120.84
121.6
122.34
123.09
123.85
124.6
125.35
126.1
126.84
127.6
128.34
129.09
129.84
130.6
131.35
132.09
132.84
133.6
134.34
135.09
135.84
136.59
137.34
138.1
138.85
139.6
140.34
141.09
141.84
142.6
143.35
144.1
144.85
145.6
146.35
147.1
147.85
148.61
149.35
150.1
150.85
151.6
152.34
153.09
153.84
154.59
155.35
156.1
156.85
157.6
158.35
159.1
159.85
160.6
161.35
162.1
162.85
163.6
164.35
165.1
165.85
166.6
167.35
168.1
168.85
169.6
170.35
171.1
171.85
172.61
173.35
174.1
174.85
175.6
176.35
177.1
177.85
178.6
179.35
180.1
180.85
181.6
182.36
183.1
183.86
184.62
185.35
186.1
186.86
187.62
188.36
189.11
189.85
190.61
191.35
192.1
192.86
193.61
194.36
195.11
195.86
196.61
197.36
198.11
198.86
199.62
200.36
201.11
201.85
202.6
203.35
204.1
204.85
205.6
206.35
207.1
207.85
208.61
209.35
210.1
210.85
211.61
212.36
213.11
213.86
214.61
215.35
216.1
216.85
217.61
218.35
219.1
219.85
220.6
221.35
222.1
222.85
223.53
