0.33
0.76
1.19
1.62
2.03
2.46
2.9
3.33
3.75
4.18
4.6
5.03
5.46
5.9
6.33
6.76
7.18
7.6
8.03
8.45
8.88
9.31
9.73
10.16
10.59
11.02
11.45
11.88
12.31
12.74
13.17
13.61
14.04
14.46
14.88
15.3
15.72
16.14
16.57
17.0
17.43
17.87
18.3
18.74
19.17
19.59
20.02
20.45
20.87
21.29
21.72
22.15
22.57
22.99
23.42
23.85
24.28
24.71
25.15
25.59
26.03
26.45
26.88
27.31
27.74
28.18
28.61
29.04
29.45
29.88
30.32
30.74
31.16
31.59
32.03
32.46
32.88
33.32
33.74
34.17
34.58
35.01
35.45
35.88
36.3
36.73
37.16
37.58
38.01
38.44
38.87
39.3
39.75
40.17
40.6
41.03
41.45
41.86
42.3
42.73
43.18
43.61
44.05
44.49
44.91
45.33
45.75
46.18
46.59
47.03
47.45
47.86
48.29
48.72
49.14
49.57
50.0
50.44
50.88
51.32
51.76
52.2
52.64
53.07
53.49
53.9
54.32
54.74
55.16
55.59
56.01
56.44
56.88
57.31
57.74
58.16
58.59
59.0
59.42
59.84
60.27
60.71
61.14
61.56
62.01
62.44
62.86
63.28
63.72
64.16
64.6
65.02
65.45
65.87
66.29
66.71
67.14
67.57
68.0
68.43
68.86
69.29
69.72
70.15
70.58
71.01
71.44
71.87
72.29
72.72
73.15
73.58
74.01
74.44
74.87
75.3
75.73
76.16
76.59
77.01
77.44
77.87
78.3
78.73
79.16
79.59
80.01
80.44
80.86
81.29
81.72
82.15
82.58
83.01
83.44
83.87
84.3
85.15
86.01
86.87
87.73
88.58
89.44
90.3
91.16
92.01
92.87
93.73
94.58
95.44
96.3
97.16
98.02
98.87
99.73
100.58
101.44
102.3
103.16
104.01
104.87
105.72
106.58
107.44
108.3
109.15
110.01
110.87
111.73
112.58
113.44
114.3
115.15
116.01
116.87
117.72
118.58
119.44
120.3
121.15
122.01
122.86
123.72
124.58
125.44
126.3
127.15
128.01
128.87
129.73
130.59
131.44
132.3
133.15
134.01
134.87
135.73
136.58
137.47
138.32
139.16
140.02
140.87
141.75
142.66
143.54
144.33
145.18
146.23
146.67
147.09
147.52
147.95
148.39
148.82
149.25
149.68
150.11
150.54
150.96
151.39
152.03
152.44
152.86
153.28
153.71
154.13
154.56
154.99
155.43
155.88
156.32
156.75
157.18
157.6
158.03
158.45
158.85
159.25
159.67
160.1
160.53
160.97
161.41
161.85
162.29
162.72
163.14
163.57
164.01
164.44
164.87
165.3
165.73
166.16
166.59
167.01
167.44
167.87
168.3
168.72
169.15
169.58
170.01
170.44
170.87
171.3
171.73
172.16
172.58
173.01
173.44
173.87
174.3
174.73
175.16
175.58
176.01
176.44
176.87
177.3
177.73
178.16
178.58
179.01
179.44
179.87
180.3
180.73
181.15
181.58
182.01
182.44
182.87
183.3
183.73
184.16
184.58
185.01
185.44
185.87
186.3
186.73
187.16
187.59
188.01
188.44
188.87
189.3
189.73
190.16
190.59
191.02
191.44
191.86
192.28
192.71
193.14
193.57
194.0
194.85
196.55
197.4
199.1
199.93
201.64
