0.09
0.41
0.74
1.07
1.4
1.73
2.06
2.39
2.72
3.05
3.38
3.71
4.04
4.37
4.7
5.03
5.36
5.69
6.02
6.35
6.68
7.01
7.34
7.66
7.99
8.32
8.65
8.98
9.31
9.64
9.97
10.3
10.63
10.96
11.29
11.62
11.95
12.28
12.61
12.94
13.27
13.6
13.93
14.26
14.59
14.92
15.25
15.58
15.91
16.24
16.57
16.91
17.24
17.57
17.9
18.23
18.56
18.89
19.21
19.54
19.87
20.2
20.52
20.84
21.17
21.5
21.83
22.16
22.49
22.82
23.15
23.48
23.81
24.14
24.47
24.8
25.13
25.46
25.79
26.12
26.45
26.78
27.11
27.44
27.77
28.43
29.09
29.74
30.38
31.03
31.72
32.38
33.05
33.7
34.36
35.02
35.69
36.34
37.0
37.66
38.34
38.98
39.64
40.29
40.97
41.66
42.29
42.94
43.6
44.25
44.91
45.57
46.23
46.93
47.56
48.21
48.88
49.53
50.19
50.85
51.51
52.16
52.82
53.48
54.15
54.8
55.46
56.12
56.79
57.44
58.1
58.76
59.43
60.08
60.74
61.4
62.07
62.72
63.38
64.03
64.69
65.35
66.01
66.67
67.33
67.99
68.65
69.31
69.97
70.63
71.29
71.94
72.6
73.26
73.92
74.58
75.25
75.9
76.56
77.22
77.88
78.54
79.2
79.86
80.52
81.18
81.84
82.5
83.17
83.82
84.48
85.13
85.79
86.45
87.11
87.77
88.44
89.09
89.74
90.4
91.07
91.73
92.39
93.04
93.71
94.36
95.02
95.68
96.34
97.0
97.66
98.32
98.98
99.64
100.3
100.96
101.62
102.28
102.94
103.6
104.27
104.92
105.58
106.23
106.89
107.55
108.21
108.87
109.53
110.19
110.85
111.51
112.18
112.83
113.49
114.14
114.8
115.46
116.12
116.78
117.44
118.1
118.76
119.42
120.08
120.74
121.39
122.05
122.72
123.37
124.03
124.69
125.36
126.01
126.67
127.33
127.99
128.65
129.31
129.97
130.63
131.29
131.95
132.61
133.26
133.92
134.58
135.24
135.9
136.56
137.22
137.88
138.54
139.2
139.86
140.52
141.18
141.84
142.5
143.15
143.82
144.47
145.13
145.79
146.48
147.12
147.78
148.43
149.09
149.75
150.41
151.06
151.73
152.39
153.04
153.7
154.37
155.02
155.68
156.34
157.0
157.66
158.32
158.98
159.65
160.3
160.96
161.61
162.28
162.93
163.59
164.25
164.91
165.57
166.23
166.89
167.56
168.21
168.87
169.53
170.19
170.85
171.5
172.16
172.82
173.48
174.14
174.8
175.48
176.12
176.78
177.44
178.11
178.76
179.42
180.08
180.74
181.4
182.06
182.71
183.37
184.03
184.69
185.35
186.01
186.67
187.33
187.99
188.66
189.31
189.97
190.63
191.29
191.95
192.61
193.26
193.93
194.59
195.24
195.9
196.57
197.22
197.88
198.54
199.2
199.86
200.52
201.18
201.84
202.5
203.15
203.81
204.48
205.13
205.78
206.44
207.11
207.77
208.43
209.09
209.76
210.41
211.07
211.73
212.39
213.05
213.71
214.36
215.02
215.68
216.34
217.0
217.66
218.32
218.98
219.64
220.3
220.96
221.62
222.28
222.94
223.6
224.25
224.91
225.57
226.23
226.89
227.55
228.21
228.87
229.53
230.19
230.86
231.51
232.17
232.82
233.49
234.14
234.8
235.46
236.12
236.78
237.44
238.1
238.76
239.42
240.08
240.73
241.4
242.05
242.38
242.71
243.04
243.37
243.7
244.03
244.36
244.69
245.02
245.35
245.68
246.01
246.34
246.67
247.0
247.33
247.65
247.98
248.31
248.64
248.96
249.28
