0.1
0.57
1.04
1.5
1.98
2.45
2.92
3.39
3.85
4.33
4.8
5.27
5.74
6.21
6.68
7.15
7.62
8.09
8.56
9.03
9.5
9.97
10.44
10.91
11.38
11.85
12.32
12.79
13.26
13.72
14.2
14.66
15.12
15.6
16.08
16.55
17.02
17.49
17.96
18.43
18.9
19.37
19.84
20.31
20.78
21.25
21.73
22.2
22.67
23.14
23.61
24.08
24.55
25.02
25.49
25.96
26.42
26.89
27.36
27.83
28.3
28.77
29.24
29.71
30.18
30.65
31.12
31.59
32.06
32.53
33.0
33.47
33.94
34.41
34.88
35.35
35.82
36.29
36.76
37.23
37.7
38.17
38.64
39.11
39.58
40.05
40.52
40.99
41.46
41.93
42.4
42.87
43.34
43.81
44.28
44.75
45.22
45.69
46.16
46.63
47.1
47.57
48.04
48.51
48.98
49.45
49.92
50.39
50.86
51.33
51.8
52.27
52.74
53.21
53.68
54.15
54.62
55.09
55.56
56.04
56.51
56.98
57.45
57.92
58.39
58.85
59.32
59.8
60.27
60.74
61.21
61.68
62.15
62.62
63.09
63.56
64.03
64.5
64.97
65.44
65.91
66.38
66.85
67.32
67.79
68.26
68.73
69.2
69.67
70.14
70.61
71.08
71.55
72.02
72.49
72.96
73.43
73.9
74.37
74.84
75.31
75.78
76.25
76.72
77.19
77.66
78.13
78.6
79.07
79.54
80.01
80.48
80.95
81.42
81.89
82.36
82.83
83.3
83.77
84.24
84.71
85.18
85.65
86.12
86.59
87.06
87.53
88.0
88.47
88.94
89.41
89.89
90.35
90.82
91.29
91.76
92.23
92.7
93.17
93.64
94.11
94.58
95.05
95.52
95.99
96.46
96.93
97.41
97.88
98.35
98.82
99.29
99.76
100.23
100.7
101.17
101.64
102.11
102.58
103.05
103.52
103.99
104.46
104.93
105.4
105.88
106.35
106.82
107.29
107.76
108.23
108.7
109.17
109.64
110.11
110.58
111.05
111.52
111.99
112.46
112.93
113.4
113.87
114.34
114.81
115.28
115.75
116.22
116.69
117.16
117.63
118.1
118.57
119.04
119.51
119.98
120.45
120.92
121.39
121.86
122.33
122.8
123.27
123.74
124.21
124.68
125.15
125.62
126.09
126.56
127.03
127.5
127.97
128.44
128.91
129.37
129.85
130.32
130.79
131.26
131.73
132.2
132.67
133.14
133.61
134.08
134.55
135.02
135.49
135.96
136.43
136.9
137.37
137.84
138.31
138.78
139.25
139.72
140.19
140.66
141.13
141.6
142.08
142.54
143.0
143.48
143.95
144.42
144.89
145.36
145.83
146.3
146.77
147.24
147.71
148.18
148.65
149.12
149.6
150.07
150.54
151.01
151.48
151.95
152.42
152.89
153.36
153.83
154.3
154.77
155.24
155.71
156.18
156.65
157.12
157.59
158.06
158.53
159.0
159.47
159.94
160.41
160.88
161.35
161.82
162.29
162.76
163.23
163.7
164.17
164.64
165.11
165.58
166.05
166.52
166.99
167.46
167.93
168.4
168.87
169.34
169.81
170.29
170.78
171.28
171.78
172.29
172.81
173.34
173.61
173.88
174.15
174.41
174.65
174.89
175.37
175.63
175.9
176.17
176.41
176.87
177.13
177.4
177.64
178.12
178.68
179.13
179.62
180.11
180.59
181.07
181.54
182.02
182.51
182.99
183.48
183.97
184.45
184.92
185.39
185.86
186.33
186.8
187.27
187.74
188.21
188.68
189.15
189.62
190.09
190.56
191.03
191.5
191.97
192.44
192.91
193.38
193.85
194.32
194.79
195.26
195.73
196.2
196.67
197.14
197.61
198.08
198.55
199.02
199.49
199.96
200.43
200.9
201.37
201.85
202.32
202.79
203.26
203.73
204.2
204.67
205.14
205.61
206.08
206.55
207.02
207.49
207.96
208.43
208.9
209.37
209.84
210.31
210.78
211.25
211.72
212.19
212.66
213.13
213.6
214.07
214.54
215.01
215.48
215.95
216.42
216.89
217.36
217.83
218.3
218.77
219.24
219.71
220.18
220.65
221.12
221.59
222.06
222.53
223.0
223.47
223.94
224.41
224.88
225.35
225.82
226.29
226.76
227.23
227.7
228.18
228.64
229.11
229.58
230.05
230.52
230.99
231.46
231.93
232.4
232.87
233.34
233.81
234.28
234.75
235.22
235.69
236.16
236.63
237.1
237.57
238.04
238.51
238.98
239.45
239.92
240.39
240.86
241.33
241.8
242.27
242.74
243.22
243.69
244.16
244.63
245.1
245.57
246.04
246.51
246.98
247.45
247.92
248.39
248.86
249.33
249.8
250.27
250.74
251.21
251.68
252.15
252.62
253.09
253.56
254.03
254.5
254.97
255.44
255.91
256.38
256.85
257.32
257.79
258.26
258.73
259.2
259.67
260.14
260.61
261.08
261.55
262.02
262.49
262.96
263.43
263.9
264.37
264.84
265.31
265.78
266.25
266.72
267.19
267.67
268.14
268.61
269.08
269.55
270.02
270.49
270.96
271.43
271.9
272.37
272.84
273.31
273.78
