0.43
1.01
1.59
2.16
2.74
3.31
3.88
4.47
5.06
5.63
6.19
6.78
7.37
7.94
8.51
9.09
9.67
10.25
10.83
11.4
11.98
12.55
13.13
13.71
14.29
14.86
15.43
16.01
16.59
17.15
17.73
18.31
18.91
19.49
20.05
20.63
21.21
21.79
22.36
22.94
23.53
24.11
24.67
25.25
25.83
26.41
26.97
27.54
28.12
28.71
29.0
29.58
30.15
30.72
31.31
31.88
32.46
33.03
33.32
33.61
33.9
34.19
34.48
34.76
35.05
35.34
35.63
35.92
36.21
36.49
36.77
37.06
37.35
37.66
38.24
38.81
39.39
39.97
40.54
41.13
41.69
42.28
42.86
43.44
44.01
44.59
45.17
45.73
46.31
46.89
47.47
48.06
48.62
49.19
49.77
50.34
50.92
51.5
52.08
52.65
53.24
53.81
54.38
54.96
55.53
56.12
56.71
57.27
57.86
58.43
59.01
59.58
60.16
60.74
61.3
61.87
62.46
63.02
63.31
63.61
64.18
64.77
65.35
65.93
66.51
67.09
67.67
68.23
68.81
69.39
69.96
70.54
71.12
71.7
72.27
72.85
73.43
74.01
74.58
75.15
75.73
76.31
76.88
77.47
78.04
78.61
79.19
79.78
80.36
80.94
81.51
82.08
82.65
83.22
83.81
84.39
84.97
85.55
86.11
86.69
87.27
87.84
88.42
89.0
89.58
90.15
90.73
91.32
91.89
92.46
93.04
93.61
94.19
94.77
95.35
95.92
96.5
97.07
97.65
98.22
98.81
99.39
99.98
100.55
101.13
101.71
102.27
102.84
103.42
104.0
104.58
105.16
105.73
106.31
106.9
107.47
108.04
108.6
109.18
109.77
110.33
110.91
111.5
112.08
112.66
113.23
113.81
114.39
114.97
115.55
116.12
116.68
117.26
117.84
118.43
119.0
119.58
120.15
120.73
121.3
121.88
122.46
123.05
123.63
124.21
124.78
125.36
125.93
126.51
127.08
127.66
128.24
128.82
129.39
129.96
130.54
131.11
131.69
132.28
132.86
133.43
134.0
134.57
135.14
135.72
136.31
136.88
137.47
138.04
138.62
139.2
139.76
140.34
140.92
141.49
142.08
142.66
143.23
143.81
144.39
144.97
145.55
146.12
146.7
147.28
147.86
148.44
149.01
149.59
150.16
150.74
151.31
151.89
152.46
153.04
153.61
154.19
154.77
155.35
155.93
156.51
157.06
157.64
158.24
158.81
159.38
159.95
160.54
161.12
161.69
162.26
162.55
162.84
163.12
163.41
163.69
163.99
164.28
164.57
164.86
165.15
165.44
165.73
166.02
166.31
166.6
166.88
167.17
167.46
167.75
168.04
168.32
168.61
168.9
169.19
169.48
169.77
170.05
170.34
170.63
170.92
171.21
171.5
171.79
172.08
172.37
172.66
172.95
173.24
173.52
173.8
174.09
174.38
174.67
174.96
175.25
175.54
175.83
176.12
176.41
176.7
176.98
177.27
177.56
177.85
178.13
178.42
178.71
179.0
179.28
179.57
179.86
180.15
180.44
180.73
181.02
181.31
181.6
181.89
182.18
182.47
182.75
183.04
183.32
183.61
183.9
184.19
184.48
184.77
185.06
185.35
185.64
185.93
186.22
186.51
186.79
187.08
187.37
187.66
187.94
188.22
188.51
188.8
189.09
189.38
189.67
189.96
190.25
190.54
190.83
191.12
191.41
191.7
191.99
192.28
192.57
192.85
193.14
193.43
193.71
194.0
194.28
194.57
194.86
195.15
195.44
195.73
196.02
196.31
196.6
196.89
197.17
197.46
197.75
198.04
198.33
198.61
198.9
199.19
199.77
200.34
200.63
200.94
201.5
201.79
202.07
202.65
203.22
203.51
203.79
204.08
204.37
204.66
204.96
205.53
206.1
206.68
207.26
207.84
208.41
208.7
209.01
209.59
210.18
210.75
211.32
211.88
212.46
213.03
213.61
214.19
214.77
215.35
215.92
216.5
217.08
217.66
218.24
218.81
219.38
219.96
220.54
221.12
221.69
222.28
222.86
223.44
224.01
224.59
225.17
225.73
226.28
226.56
226.85
227.14
227.42
227.71
228.0
228.28
228.56
228.84
229.68
230.83
