0.22
0.65
1.09
1.53
1.97
2.41
2.85
3.3
3.74
4.19
4.63
5.08
5.52
5.96
6.41
6.86
7.3
7.74
8.19
8.63
9.08
9.52
9.97
10.41
10.85
11.3
11.75
12.19
12.63
13.08
13.52
13.97
14.41
14.85
15.3
15.74
16.19
16.63
17.07
17.52
17.97
18.41
18.85
19.3
19.74
20.19
20.63
21.07
21.52
21.96
22.41
22.85
23.3
23.74
24.18
24.62
25.07
25.52
25.96
26.41
26.85
27.3
27.74
28.18
28.63
29.08
29.52
29.97
30.41
30.85
31.3
31.74
32.19
32.63
33.08
33.52
33.96
34.41
34.86
35.3
35.74
36.19
36.64
37.08
37.52
37.96
38.4
38.85
39.3
39.74
40.19
40.63
41.08
41.52
41.97
42.41
42.85
43.3
43.75
44.19
44.63
45.08
45.52
45.96
46.41
46.85
47.3
47.74
48.19
48.63
49.08
49.52
49.97
50.41
50.86
51.31
51.75
52.2
52.65
53.08
53.52
53.96
54.41
54.85
55.3
55.74
56.19
56.63
57.08
57.52
57.97
58.41
58.86
59.31
59.75
60.19
60.63
61.08
61.53
61.97
62.41
62.86
63.3
63.75
64.19
64.63
65.08
65.52
65.97
66.42
66.86
67.3
67.75
68.19
68.64
69.09
69.53
69.97
70.41
70.85
71.3
71.74
72.19
72.63
73.08
73.52
73.97
74.41
74.86
75.3
75.74
76.19
76.63
77.08
77.52
77.97
78.41
78.85
79.3
79.74
80.19
80.63
81.08
81.52
81.97
82.41
82.86
83.3
83.74
84.19
84.64
85.07
85.52
85.96
86.41
86.85
87.3
87.74
88.19
88.63
89.08
89.52
89.97
90.41
90.86
91.3
91.74
92.19
92.63
93.08
93.52
93.97
94.41
94.85
95.3
95.74
96.19
96.63
97.08
97.52
97.97
98.41
98.85
99.3
99.74
100.19
100.63
101.07
101.52
101.97
102.41
102.85
103.3
103.74
104.19
104.63
105.08
105.52
105.97
106.41
106.85
107.3
107.74
108.19
108.63
109.08
109.52
109.96
110.41
110.85
111.3
111.74
112.19
112.63
113.08
113.52
113.96
114.41
114.86
115.3
115.74
116.19
116.63
117.08
117.52
117.96
118.41
118.85
119.3
119.74
120.19
120.63
121.08
121.52
121.96
122.41
122.85
123.3
123.75
124.19
124.63
125.08
125.52
125.96
126.41
126.85
127.3
127.74
128.19
128.63
129.08
129.53
129.97
130.41
130.85
131.3
131.74
132.19
132.63
133.08
133.52
133.97
134.41
134.86
135.3
135.74
136.19
136.64
137.08
137.52
137.97
138.41
138.86
139.3
139.75
140.19
140.63
141.08
141.52
141.97
142.41
142.85
143.3
143.74
144.19
144.63
145.08
145.52
145.97
146.41
146.86
147.3
147.74
148.19
148.63
149.08
149.52
149.97
150.41
150.85
151.3
151.74
152.19
152.63
153.08
153.52
153.97
154.41
154.86
155.3
155.74
156.18
156.63
157.08
157.52
157.97
158.41
158.86
159.3
159.74
160.19
160.63
161.08
161.52
161.97
162.41
162.86
163.3
163.75
164.19
164.64
165.08
165.52
165.97
166.41
166.85
167.3
167.74
168.19
168.63
169.08
169.52
169.96
170.41
170.85
171.3
171.74
172.18
172.63
173.08
173.52
173.97
174.41
174.85
175.3
175.75
176.19
176.63
177.07
177.52
177.97
178.41
178.85
179.3
179.74
180.19
180.63
181.08
181.52
181.97
182.41
182.86
183.3
183.74
184.19
184.63
185.07
185.52
185.97
186.41
186.86
187.3
187.74
188.19
188.64
189.08
189.52
189.97
190.41
190.85
191.3
191.74
192.19
192.63
193.08
193.52
193.97
194.41
194.85
195.3
195.75
196.19
196.64
197.08
197.53
197.97
198.42
198.86
199.3
199.74
200.19
200.63
201.08
201.52
201.97
202.41
202.86
203.3
203.75
204.19
204.63
205.08
205.52
205.97
206.41
206.85
207.3
207.74
208.19
208.63
209.08
209.52
209.97
210.41
210.86
211.3
211.74
212.19
212.63
213.07
213.52
213.96
214.41
214.85
215.3
215.74
216.19
216.63
217.08
217.52
217.97
218.41
218.86
219.3
219.74
220.19
220.63
221.08
221.52
221.96
222.41
222.85
223.3
223.74
224.19
224.63
225.08
225.52
225.97
226.41
226.86
227.3
227.74
228.19
228.63
229.08
229.52
229.97
230.41
230.86
231.3
231.74
232.19
232.63
233.08
233.52
233.96
234.41
234.86
235.3
235.75
236.19
236.63
237.08
237.52
237.97
238.41
238.85
239.3
239.74
240.19
240.63
241.07
241.52
241.96
242.41
242.86
243.3
243.75
244.19
244.64
245.08
245.52
245.96
246.41
246.86
247.3
247.75
248.19
248.64
249.08
249.52
249.97
250.41
250.85
251.3
251.75
252.19
252.63
253.07
253.51
253.95
254.4
254.84
255.3
255.75
256.2
256.62
257.06
257.49
257.92
258.36
258.79
259.22
