0.07
0.53
1.0
1.47
1.94
2.41
2.88
3.35
3.82
4.29
4.76
5.23
5.69
6.16
6.63
7.1
7.57
8.04
8.51
8.98
9.44
9.91
10.38
10.85
11.32
11.79
12.26
12.73
13.19
13.66
14.13
14.6
15.07
15.54
16.0
16.47
16.94
17.41
17.88
18.35
18.82
19.29
19.75
20.22
20.69
21.16
21.63
22.1
22.57
23.04
23.5
23.97
24.44
24.91
25.38
25.85
26.32
26.79
27.25
27.72
28.19
28.66
29.13
29.6
30.07
30.54
31.01
31.47
31.94
32.41
32.88
33.35
33.82
34.29
34.75
35.22
35.69
36.16
36.63
37.1
37.57
38.04
38.5
38.97
39.44
39.91
40.38
40.85
41.32
41.79
42.25
42.72
43.19
43.66
44.13
44.6
45.07
45.54
46.01
46.48
46.95
47.41
47.88
48.35
48.82
49.29
49.76
50.23
50.7
51.16
51.63
52.1
52.57
53.04
53.51
53.98
54.44
54.91
55.38
55.85
56.32
56.79
57.26
57.73
58.19
58.67
59.12
59.59
60.06
60.53
61.0
61.47
61.94
62.41
62.88
63.35
63.82
64.29
64.76
65.23
65.69
66.16
66.63
67.1
67.57
68.04
68.51
68.98
69.44
69.91
70.38
70.85
71.32
71.79
72.26
72.73
73.19
73.66
74.14
74.6
75.07
75.54
76.01
76.48
76.94
77.41
77.88
78.35
78.82
79.29
79.76
80.23
80.69
81.16
81.63
82.1
82.57
83.04
83.51
83.98
84.44
84.91
85.38
85.84
86.31
86.78
87.25
87.72
88.19
88.66
89.13
89.6
90.07
90.54
91.01
91.48
91.94
92.41
92.88
93.35
93.82
94.29
94.76
95.23
95.69
96.16
96.63
97.1
97.57
98.04
98.51
98.98
99.44
99.91
100.38
100.85
101.32
101.79
102.26
102.73
103.2
103.66
104.13
104.6
105.07
105.54
106.01
106.47
106.94
107.41
107.88
108.35
108.82
109.29
109.76
110.23
110.7
111.16
111.63
112.1
112.57
113.04
113.51
113.98
114.44
114.91
115.38
115.85
116.32
116.79
117.26
117.73
118.2
118.67
119.13
119.6
120.07
120.54
121.01
121.47
121.94
122.41
122.88
123.35
123.82
124.29
124.76
125.23
125.7
126.17
126.63
127.1
127.57
128.04
128.51
128.98
129.45
129.92
130.38
130.85
131.32
131.79
132.26
132.73
133.2
133.67
134.13
134.6
135.07
135.54
136.01
136.48
136.95
137.42
137.88
138.35
138.82
139.29
139.76
140.23
140.7
141.17
141.64
142.1
142.57
143.04
143.51
143.98
144.45
144.92
145.39
145.86
146.33
146.79
147.26
147.73
148.2
148.67
149.13
149.6
150.07
150.54
151.01
151.48
151.95
152.41
152.88
153.35
153.82
154.29
154.76
155.23
155.7
156.17
156.64
157.1
157.57
158.04
158.51
158.98
159.45
159.92
160.39
160.85
161.32
161.79
162.26
162.73
163.2
163.67
164.14
164.6
165.07
165.54
166.01
166.48
166.95
167.42
167.89
168.35
168.82
169.29
169.76
170.23
170.7
171.17
171.63
172.1
172.57
173.04
173.51
173.98
174.45
174.92
175.39
175.85
176.32
176.79
177.26
177.73
178.2
178.67
179.14
179.6
180.07
180.54
181.01
181.48
181.95
182.42
182.88
183.35
183.82
184.29
184.76
185.23
185.69
186.16
186.63
187.1
187.57
188.04
188.51
188.98
189.45
189.91
190.38
190.85
191.32
191.79
192.26
192.73
193.19
193.66
194.13
194.6
195.07
195.54
196.01
196.48
196.94
197.41
197.88
198.35
198.82
199.29
199.76
200.23
200.7
201.16
201.63
202.1
202.57
203.04
203.51
203.98
204.44
204.91
205.38
205.85
206.32
206.79
207.26
207.73
208.19
208.66
209.13
209.6
210.07
210.54
211.01
211.48
211.94
212.41
212.88
213.35
213.82
214.29
214.76
215.23
215.69
216.16
216.63
217.1
217.57
218.04
218.51
218.98
219.45
219.91
220.38
220.85
221.32
221.79
222.26
222.73
223.2
223.66
224.13
224.6
225.07
225.54
226.01
226.48
226.94
227.41
227.88
228.35
228.82
229.29
229.76
230.23
230.7
231.16
231.63
232.1
232.57
233.04
233.51
233.98
234.44
234.91
235.38
235.85
236.32
236.79
237.26
237.73
238.2
238.66
239.13
239.6
240.07
240.54
241.0
241.46
241.9
242.36
242.83
243.29
243.76
