0.12
0.59
1.06
1.54
2.01
2.48
2.95
3.43
3.9
4.37
4.84
5.31
5.78
6.26
6.73
7.2
7.67
8.15
8.62
9.09
9.56
10.04
10.51
10.98
11.45
11.93
12.4
12.87
13.34
13.82
14.29
14.76
15.24
15.71
16.18
16.65
17.13
17.6
18.07
18.54
19.02
19.49
19.96
20.43
20.91
21.38
21.85
22.32
22.8
23.27
23.74
24.21
24.69
25.16
25.63
26.11
26.58
27.05
27.52
27.99
28.47
28.94
29.41
29.88
30.36
30.83
31.3
31.77
32.24
32.72
33.19
33.66
34.13
34.6
35.08
35.55
36.02
36.49
36.97
37.44
37.91
38.38
38.86
39.33
39.8
40.27
40.75
41.22
41.69
42.17
42.64
43.11
43.58
44.05
44.53
44.99
45.47
45.94
46.41
46.88
47.35
47.82
48.29
48.76
49.24
49.71
50.19
50.66
51.13
51.6
52.08
52.55
53.02
53.49
53.97
54.44
54.91
55.38
55.86
56.33
56.8
57.27
57.75
58.22
58.69
59.17
59.64
60.11
60.59
61.06
61.53
62.0
62.48
62.95
63.42
63.89
64.36
64.83
65.31
65.78
66.26
66.73
67.2
67.67
68.14
68.61
69.08
69.55
70.03
70.5
70.97
71.44
71.92
72.39
72.86
73.33
73.8
74.27
74.75
75.22
75.69
76.16
76.64
77.11
77.58
78.05
78.52
78.99
79.47
79.94
80.41
80.88
81.35
81.82
82.29
82.76
83.24
83.71
84.18
84.65
85.12
85.59
86.07
86.54
87.01
87.48
87.96
88.43
88.9
89.37
89.85
90.32
90.79
91.26
91.73
92.2
92.68
93.15
93.62
94.09
94.57
95.04
95.51
95.98
96.45
96.92
97.4
97.87
98.34
98.81
99.28
99.75
100.22
100.69
101.17
101.64
102.11
102.58
103.05
103.52
103.99
104.46
104.93
105.41
105.88
106.34
106.82
107.26
107.75
108.23
108.65
109.11
109.62
110.05
110.52
111.03
111.46
111.92
112.44
112.87
113.38
113.87
114.36
114.83
115.28
115.77
116.21
116.69
117.2
117.68
118.16
118.64
119.08
119.55
120.03
120.51
120.98
121.45
121.92
122.39
122.86
123.33
123.81
124.28
124.75
125.22
125.69
126.16
126.63
127.1
127.57
128.04
128.52
128.99
129.46
129.93
130.4
130.87
131.34
131.81
132.28
132.75
133.23
133.7
134.17
134.64
135.11
135.58
136.06
136.53
137.0
137.47
137.94
138.41
138.88
139.35
139.83
140.3
140.77
141.24
141.71
142.18
142.65
143.12
143.6
144.07
144.54
145.01
145.48
145.95
146.43
146.9
147.37
147.84
148.31
148.78
149.25
149.72
150.19
150.66
151.13
151.6
152.07
152.54
153.01
153.48
153.95
154.42
154.9
155.37
155.84
156.31
156.78
157.25
157.72
158.2
158.67
159.14
159.61
160.08
160.55
161.02
161.49
161.96
162.44
162.91
163.38
163.85
164.32
164.79
165.26
165.73
166.21
166.68
167.14
167.61
168.08
168.55
169.02
169.49
169.97
170.44
170.91
171.38
171.85
172.32
172.79
173.27
173.74
174.21
174.68
175.15
175.63
176.1
176.57
177.04
177.51
177.98
178.45
178.92
179.39
179.86
180.33
180.8
181.27
181.74
182.21
182.68
183.15
183.62
184.09
184.56
185.04
185.51
185.98
186.45
186.92
187.39
187.86
188.33
188.8
189.27
189.74
190.21
190.68
191.15
191.63
192.1
192.57
193.04
193.51
193.98
194.45
194.92
195.39
195.86
196.33
196.8
197.28
197.75
198.22
198.69
199.16
199.63
200.1
200.57
201.04
201.51
201.98
202.45
202.92
203.39
203.87
204.34
204.81
205.28
205.75
206.22
206.69
207.16
207.63
208.1
208.57
209.04
209.51
209.98
210.45
210.92
211.39
211.86
212.33
212.8
213.27
213.74
214.21
214.68
215.15
215.62
216.09
216.56
217.03
217.5
217.97
218.44
218.92
219.39
219.86
220.33
220.8
221.27
221.74
222.21
222.68
223.15
223.62
224.09
224.56
225.03
225.5
225.97
226.44
226.91
227.38
227.85
228.32
228.79
229.26
229.73
230.2
230.67
231.15
231.62
232.09
232.56
233.03
233.5
233.97
234.43
234.88
235.35
235.81
236.27
236.74
237.2
237.69
238.16
238.63
239.1
239.56
240.01
240.45
240.92
241.35
241.84
242.34
242.84
243.33
243.87
244.13
244.37
244.62
244.87
245.12
245.37
245.62
245.88
246.13
246.39
246.63
246.88
247.12
247.36
247.6
247.85
248.1
248.34
248.59
248.83
249.08
249.32
249.57
249.82
250.13
250.59
251.05
251.51
251.99
252.48
252.96
253.44
253.9
254.37
254.83
255.3
255.78
256.26
256.74
257.22
257.69
258.16
258.63
259.1
259.57
260.05
260.53
261.0
261.7
262.16
262.63
263.1
263.56
264.04
264.51
264.98
265.44
265.91
266.38
266.85
267.32
267.8
268.27
268.74
269.21
269.68
270.14
270.62
271.09
271.56
272.03
272.5
272.97
273.44
273.91
274.38
274.85
275.32
275.79
276.26
276.73
277.2
277.67
278.14
278.61
279.08
279.55
280.02
280.49
280.96
281.43
281.9
282.37
282.84
283.31
283.78
284.25
284.72
285.19
285.66
286.13
286.6
287.06
287.53
288.0
288.47
288.94
289.41
289.88
290.35
290.82
291.29
291.76
292.23
292.7
293.17
293.63
294.1
294.57
295.04
295.51
295.98
296.45
296.92
297.39
297.86
298.33
298.8
299.27
299.74
300.21
300.68
301.15
301.62
302.09
302.56
303.03
303.5
303.96
304.43
304.9
305.37
305.84
306.31
306.78
307.25
307.72
308.18
308.65
309.13
309.6
310.07
310.54
311.01
311.48
311.95
312.42
312.89
313.36
313.83
314.29
314.76
315.23
315.7
316.17
316.64
317.11
317.58
318.05
318.52
318.98
319.45
319.92
320.39
320.86
321.33
321.8
322.27
322.74
323.21
323.68
324.15
324.62
325.09
325.55
326.02
326.49
326.96
327.43
327.9
328.37
328.84
329.3
329.77
330.24
330.71
331.18
331.65
332.12
332.59
333.06
333.53
334.0
334.47
334.94
335.41
335.88
336.35
336.82
337.29
337.75
338.21
338.68
339.16
339.63
340.1
340.56
341.03
341.5
341.97
342.44
342.91
343.37
343.84
344.31
344.78
345.25
345.72
346.19
346.66
347.12
347.59
348.06
348.53
349.0
349.47
349.94
350.41
350.88
351.35
351.82
352.29
352.75
353.22
353.69
354.16
354.63
355.1
355.57
356.04
356.5
356.97
357.44
357.91
358.38
358.85
359.32
359.79
360.25
360.72
361.19
361.66
362.13
362.6
363.06
363.53
364.0
364.47
364.94
365.41
365.88
366.35
366.82
367.29
367.76
368.23
368.7
369.17
369.64
370.11
370.57
371.04
371.51
371.98
372.45
372.91
373.38
373.85
374.32
374.79
375.25
375.72
376.19
376.66
377.12
377.59
378.06
378.53
379.0
379.47
379.93
380.4
380.87
381.34
381.81
382.27
382.74
383.21
383.68
384.15
384.61
385.08
385.55
386.02
386.48
386.95
387.42
387.89
388.36
388.83
389.3
389.77
390.23
390.7
391.17
391.64
392.11
392.58
393.05
393.51
393.98
394.45
394.92
395.39
395.86
396.33
396.79
397.26
397.72
398.19
398.65
399.13
399.59
400.52
401.46
402.4
403.34
404.28
405.21
406.15
407.09
408.02
408.96
409.9
410.84
411.74
412.39
413.3
413.62
413.92
