0.28
0.63
0.98
1.33
1.68
2.03
2.39
2.74
3.09
3.44
3.8
4.15
4.5
4.86
5.22
5.57
5.92
6.27
6.63
6.98
7.33
7.68
8.04
8.4
8.75
9.1
9.46
9.81
10.16
10.51
10.86
11.22
11.57
11.92
12.28
12.64
12.98
13.33
13.68
14.04
14.39
14.74
15.1
15.45
15.8
16.15
16.51
16.87
17.22
17.57
17.92
18.27
18.62
18.97
19.32
19.68
20.03
20.39
20.74
21.09
21.44
21.8
22.15
22.5
22.85
23.21
23.56
23.91
24.26
24.62
24.97
25.33
25.68
26.03
26.38
26.74
27.09
27.44
27.8
28.15
28.5
28.85
29.21
29.56
29.91
30.27
30.62
30.97
31.32
31.68
32.03
32.39
32.74
33.09
33.44
33.8
34.15
34.5
34.86
35.21
35.56
35.91
36.27
36.62
36.97
37.33
37.68
38.03
38.38
38.74
39.09
39.44
39.79
40.15
40.5
40.86
41.21
41.56
41.91
42.27
42.62
42.98
43.33
43.68
44.03
44.39
44.74
45.09
45.44
45.8
46.15
46.51
46.86
47.21
47.56
47.92
48.27
48.62
48.97
49.33
49.68
50.03
50.38
50.74
51.09
51.44
51.8
52.15
52.5
52.86
53.21
53.56
53.91
54.27
54.62
54.97
55.33
55.68
56.03
56.39
56.74
57.09
57.44
57.8
58.15
58.5
58.85
59.21
59.56
59.92
60.27
60.62
60.98
61.33
61.68
62.03
62.39
62.74
63.1
63.46
63.81
64.16
64.51
64.87
65.22
65.57
65.92
66.28
66.63
66.98
67.33
67.69
68.04
68.39
68.74
69.1
69.45
69.81
70.16
70.52
70.87
71.23
71.58
71.93
72.28
72.63
72.98
73.34
73.69
74.03
74.38
74.73
75.08
75.44
75.8
76.15
76.5
76.85
77.21
77.56
77.91
78.27
78.62
78.97
79.32
79.68
80.03
80.39
80.74
81.09
81.44
81.8
82.15
82.5
82.85
83.21
83.56
83.92
84.27
84.62
84.97
85.33
85.68
86.03
86.38
86.74
87.09
87.44
87.8
88.15
88.5
88.86
89.21
89.56
89.91
90.27
90.62
90.98
91.33
91.68
92.03
92.38
92.74
93.09
93.44
93.8
94.15
94.5
94.85
95.21
95.56
95.91
96.26
96.62
96.97
97.32
97.67
98.03
98.38
98.74
99.09
99.44
99.8
100.15
100.5
100.85
101.21
101.56
101.91
102.27
102.62
102.97
103.32
103.68
104.03
104.39
104.74
105.09
105.45
105.8
106.15
106.5
106.85
107.21
107.56
107.91
108.26
108.62
108.97
109.33
109.68
110.03
110.38
110.74
111.09
111.45
111.8
112.15
112.5
112.86
113.21
113.56
113.91
114.27
114.62
114.97
115.32
115.68
116.03
116.39
116.74
117.09
117.44
117.8
118.15
118.5
118.86
119.21
119.56
119.92
120.27
120.62
120.97
121.33
121.68
122.03
122.38
122.74
123.09
123.44
123.79
124.15
124.5
124.86
125.21
125.56
125.91
126.27
126.62
126.97
127.32
127.68
128.03
128.39
128.74
129.09
129.44
129.8
130.15
130.5
130.86
131.21
131.57
131.93
132.29
132.64
132.99
133.34
133.69
134.04
134.39
134.74
135.09
135.45
135.8
136.16
136.51
136.87
137.22
137.57
137.92
138.28
138.63
138.98
139.33
139.69
140.04
140.4
140.75
141.1
141.45
141.8
142.16
142.52
142.87
143.21
143.56
143.91
144.26
144.61
144.97
145.33
145.68
146.03
146.39
146.74
147.09
147.44
147.8
148.15
148.5
148.85
149.21
149.56
149.92
150.27
150.62
150.97
151.32
151.67
152.03
152.38
152.74
153.09
153.44
153.8
154.15
154.5
154.86
155.21
155.56
155.91
156.26
156.63
156.99
157.34
157.67
158.02
158.38
158.73
159.09
159.46
159.79
160.13
160.51
160.86
161.2
161.54
161.88
162.21
162.58
162.93
163.28
163.61
163.99
164.33
164.7
165.07
165.44
165.8
166.15
166.51
166.86
167.21
167.56
167.91
168.27
168.62
168.97
169.33
169.68
170.03
170.39
170.74
171.09
171.44
171.8
172.15
172.5
172.86
173.21
173.56
173.91
174.26
174.62
174.98
175.33
175.68
176.03
176.38
176.74
177.1
177.46
177.81
178.16
178.51
178.87
179.58
180.28
180.99
181.7
182.4
183.11
183.81
184.51
184.87
185.22
185.57
185.92
186.28
186.63
186.98
187.33
187.69
188.04
188.4
188.76
189.11
189.46
189.81
190.16
190.51
190.86
191.21
191.56
191.91
192.27
192.62
192.97
193.33
193.68
194.03
194.38
194.74
195.09
195.44
195.8
196.15
196.5
196.85
197.21
197.56
197.91
198.27
198.62
198.97
199.33
199.68
200.03
200.38
200.74
201.09
201.44
201.8
202.15
202.5
202.86
203.21
203.56
203.92
204.27
204.62
204.97
205.33
205.68
206.03
206.39
206.74
207.09
207.45
207.8
208.15
208.5
208.86
209.21
209.56
209.92
210.27
210.62
210.98
211.33
211.68
212.05
212.4
212.75
213.09
213.44
213.78
214.11
214.44
214.78
215.12
215.46
215.8
216.14
