0.21
0.47
0.73
1.26
1.64
2.02
2.4
2.78
3.42
4.2
4.98
5.77
6.59
7.39
8.16
8.93
9.71
10.49
11.27
12.05
12.83
13.61
14.41
15.18
15.96
16.73
17.51
18.28
19.08
19.84
20.61
21.36
22.17
22.94
23.35
23.75
24.15
24.54
24.94
25.31
25.7
26.07
26.48
26.86
27.26
27.66
28.05
28.44
28.84
29.23
29.63
30.02
30.41
30.78
31.15
31.53
31.92
32.31
32.7
33.09
33.48
33.87
34.26
34.65
35.04
35.42
35.81
36.2
36.59
36.99
37.37
37.76
38.17
38.56
38.95
39.36
39.74
40.11
40.49
40.9
41.3
41.67
42.06
42.43
42.8
43.18
43.55
43.96
44.35
44.75
45.15
45.53
45.92
46.32
46.71
47.1
47.48
47.87
48.66
49.44
49.83
50.22
50.61
51.0
51.39
51.78
52.17
52.56
52.95
53.34
53.73
54.12
54.51
54.9
55.29
55.68
56.07
56.46
56.85
57.24
57.63
58.02
58.41
58.8
59.19
59.58
59.96
60.35
60.74
61.13
61.52
61.91
62.3
62.69
63.08
63.47
63.86
64.25
64.64
65.03
65.42
65.81
66.2
66.59
66.98
67.37
67.76
68.15
68.54
68.93
69.32
69.71
70.1
70.49
70.88
71.27
71.66
72.05
72.44
72.83
73.22
73.6
73.99
74.38
74.77
75.17
75.56
75.95
76.34
76.73
77.11
77.5
77.89
78.28
78.67
79.06
79.46
79.85
80.24
80.62
81.0
81.39
81.78
82.17
82.56
82.95
83.34
83.73
84.12
84.51
84.9
85.29
85.68
86.07
86.46
86.85
87.24
87.63
88.02
88.41
88.79
89.18
89.57
89.96
90.35
90.74
91.13
91.52
91.91
92.32
92.71
93.11
93.5
93.88
94.26
94.64
95.03
95.42
95.81
96.2
96.59
96.98
97.37
97.76
98.15
98.54
98.93
99.32
99.71
100.1
100.49
100.88
101.27
101.66
102.05
102.44
102.83
103.22
103.62
104.02
104.41
104.8
105.18
105.56
105.95
106.34
106.73
107.11
107.51
107.91
108.68
109.46
110.23
111.01
111.79
112.57
113.35
114.12
114.91
115.69
116.46
117.27
118.05
118.81
119.57
120.35
121.14
121.92
122.69
123.47
124.26
125.03
125.81
126.59
127.37
128.15
128.93
129.71
130.5
131.27
132.05
132.82
133.6
134.38
135.16
135.93
136.72
137.5
138.28
139.06
139.84
140.62
141.4
142.18
142.95
143.73
144.51
145.29
146.07
146.85
147.24
147.63
148.02
148.41
148.8
149.19
149.58
149.97
150.35
150.74
151.13
151.52
151.91
152.3
152.69
153.08
153.47
153.86
154.24
154.63
155.02
155.41
155.8
156.19
156.58
156.97
157.36
157.75
158.14
158.52
158.91
159.31
159.7
160.09
160.48
160.87
161.26
161.65
162.04
162.43
162.82
163.21
163.6
163.99
164.38
164.77
165.16
165.55
165.93
166.32
166.71
167.1
167.5
167.89
168.29
168.67
169.06
169.45
170.23
171.01
171.4
171.79
172.18
172.57
172.95
173.34
173.75
174.15
174.53
174.91
175.69
176.48
177.25
178.03
178.8
179.58
180.36
181.14
181.92
182.7
183.48
184.25
185.03
185.81
186.59
187.37
188.16
188.98
189.72
190.5
191.27
192.04
192.84
193.61
194.39
195.16
195.94
196.73
197.5
198.27
199.06
199.83
200.62
201.39
202.18
202.96
203.74
204.51
205.29
206.07
206.85
207.63
208.41
209.19
209.58
209.97
210.36
210.74
211.13
211.52
211.91
212.3
212.69
213.08
213.46
213.85
214.24
214.63
215.02
215.41
215.8
216.19
216.58
216.96
217.34
217.74
218.13
218.53
218.92
219.31
219.7
220.09
220.48
220.87
221.26
221.65
222.04
222.43
222.82
223.21
223.6
223.99
224.38
224.77
225.17
225.55
225.93
226.31
226.7
227.1
227.5
227.89
228.28
228.67
229.06
229.44
229.84
230.26
230.63
231.02
231.41
231.79
232.18
232.56
232.94
