0.1
0.56
1.03
1.49
1.96
2.42
2.89
3.36
3.82
4.28
4.75
5.22
5.68
6.15
6.62
7.08
7.55
8.01
8.48
8.94
9.41
9.87
10.34
10.8
11.27
11.73
12.2
12.66
13.13
13.6
14.07
14.53
15.0
15.46
15.92
16.39
16.85
17.32
17.78
18.24
18.71
19.18
19.64
20.11
20.57
21.04
21.5
21.97
22.43
22.89
23.36
23.83
24.29
24.75
25.22
25.69
26.15
26.61
27.08
27.55
28.03
28.49
28.95
29.41
29.87
30.34
30.8
31.26
31.73
32.19
32.65
33.11
33.59
34.06
34.52
34.99
35.45
35.92
36.38
36.85
37.31
37.77
38.24
38.7
39.17
39.63
40.09
40.56
41.02
41.49
41.95
42.42
42.89
43.35
43.84
44.31
44.76
45.22
45.69
46.15
46.61
47.07
47.54
48.0
48.47
48.94
49.4
49.86
50.33
50.8
51.27
51.73
52.2
52.66
53.12
53.58
54.05
54.52
54.98
55.45
55.91
56.38
56.84
57.3
57.77
58.23
58.7
59.17
59.64
60.1
60.56
61.02
61.49
61.96
62.43
62.89
63.36
63.82
64.29
64.75
65.21
65.67
66.14
66.61
67.07
67.53
68.0
68.47
68.93
69.39
69.87
70.33
70.8
71.26
71.73
72.19
72.66
73.13
73.58
74.05
74.51
74.97
75.44
75.9
76.36
76.82
77.3
77.77
78.23
78.7
79.17
79.64
80.1
80.56
81.03
81.5
81.96
82.42
82.89
83.34
83.81
84.28
84.74
85.2
85.68
86.15
86.61
87.07
87.54
88.0
88.48
88.95
89.41
89.87
90.33
90.8
91.25
91.72
92.19
92.66
93.12
93.58
94.05
94.52
94.98
95.45
95.91
96.38
96.85
97.31
97.77
98.23
98.69
99.16
99.63
100.09
100.55
101.02
101.49
101.95
102.41
102.88
103.35
103.82
104.28
104.74
105.21
105.67
106.14
106.6
107.07
107.53
108.0
108.47
108.93
109.4
109.86
110.33
110.79
111.26
111.72
112.19
112.65
113.12
113.58
114.05
114.52
114.98
115.44
115.91
116.37
116.84
117.31
117.78
118.23
118.69
119.16
119.63
120.09
120.56
121.02
121.49
121.95
122.42
122.88
123.35
123.81
124.28
124.74
125.2
125.67
126.14
126.6
127.07
127.53
128.01
128.47
128.93
129.4
129.86
130.33
130.79
131.26
131.73
132.19
132.66
133.12
133.58
134.04
134.51
134.97
135.45
135.91
136.37
136.83
137.3
137.76
138.23
138.7
139.17
139.63
140.09
140.56
141.02
141.49
141.95
142.41
142.87
143.34
143.81
144.27
144.74
145.21
145.67
146.13
146.6
147.07
147.53
147.99
148.46
148.93
149.39
149.85
150.31
150.78
151.25
151.71
152.18
152.65
153.11
153.57
154.04
154.51
154.97
155.44
155.9
156.37
156.83
157.3
157.76
158.23
158.69
159.16
159.62
160.09
160.56
161.03
161.49
161.95
162.41
162.88
163.35
163.81
164.27
164.73
165.2
165.66
166.13
166.6
167.06
167.53
167.99
168.46
168.92
169.39
169.85
170.32
170.78
171.24
171.71
172.18
172.64
173.11
173.57
174.04
174.51
174.97
175.44
175.9
176.37
176.83
177.3
177.76
178.23
178.7
179.16
179.62
180.09
180.55
181.02
181.49
181.95
182.41
182.88
183.34
183.82
184.28
184.73
185.2
185.67
186.13
186.6
187.07
187.54
188.0
188.47
188.93
189.4
189.86
190.32
190.78
191.27
191.74
192.2
192.66
193.12
193.58
194.04
194.51
194.97
195.43
195.9
196.37
196.83
197.29
197.76
198.23
198.7
199.16
199.63
200.1
200.56
201.02
201.48
201.96
202.42
202.88
203.35
203.81
204.28
204.74
205.21
205.68
206.14
206.62
207.08
207.54
208.0
208.46
208.93
209.4
209.86
210.32
210.79
211.26
211.72
212.19
212.65
213.12
213.58
214.05
214.51
214.98
215.44
215.9
216.36
216.83
217.29
217.77
218.23
218.7
219.16
219.63
220.09
220.56
221.02
221.49
221.96
222.42
222.88
