0.23
0.62
1.01
1.4
1.79
2.18
2.58
2.97
3.37
3.77
4.17
4.57
4.97
5.37
5.77
6.17
6.57
6.97
7.37
7.77
8.17
8.57
8.97
9.37
9.77
10.17
10.57
10.97
11.37
11.77
12.17
12.57
12.97
13.36
13.76
14.16
14.56
14.96
15.36
15.76
16.16
16.56
16.96
17.36
17.77
18.17
18.57
18.97
19.37
19.77
20.17
20.57
20.97
21.37
21.77
22.17
22.56
22.96
23.36
23.76
24.16
24.56
24.96
25.36
25.76
26.16
26.56
26.96
27.36
27.76
28.16
28.56
28.96
29.36
29.76
30.16
30.56
30.96
31.36
31.76
32.16
32.56
32.96
33.36
33.76
34.16
34.56
34.96
35.36
35.76
36.16
36.56
36.96
37.36
37.76
38.16
38.56
38.96
39.36
39.76
40.16
40.56
40.96
41.36
41.76
42.16
42.56
42.96
43.35
43.76
44.16
44.56
44.96
45.36
45.76
46.16
46.56
46.96
47.35
47.75
48.15
48.56
48.96
49.36
49.76
50.16
50.56
50.96
51.36
51.76
52.16
52.56
52.96
53.36
53.76
54.16
54.56
54.96
55.36
55.76
56.16
56.56
56.96
57.36
57.76
58.16
58.56
58.96
59.36
59.76
60.16
60.56
60.96
61.36
61.76
62.16
62.56
62.96
63.36
63.76
64.16
64.56
64.96
65.36
65.76
66.16
66.56
66.96
67.36
67.76
68.16
68.56
68.96
69.36
69.76
70.16
70.56
70.96
71.36
71.76
72.16
72.56
72.96
73.36
73.76
74.16
74.56
74.96
75.36
75.76
76.16
76.56
76.96
77.36
77.76
78.16
78.56
78.96
79.36
79.76
80.16
80.56
80.96
81.36
81.76
82.16
82.56
82.96
83.36
83.76
84.16
84.56
84.95
85.35
85.75
86.15
86.55
86.96
87.36
87.76
88.16
88.56
88.96
89.36
89.76
90.16
90.56
90.96
91.36
91.76
92.16
92.56
92.96
93.36
93.76
94.16
94.56
94.96
95.36
95.76
96.16
96.56
96.96
97.36
97.76
98.16
98.56
98.96
99.36
99.76
100.16
100.56
100.96
101.36
101.76
102.16
102.56
102.96
103.36
103.76
104.16
104.56
104.95
105.35
105.75
106.16
106.56
106.96
107.36
107.76
108.16
108.56
108.96
109.36
109.76
110.16
110.56
110.96
111.36
111.76
112.16
112.56
112.96
113.36
113.76
114.16
114.56
114.96
115.36
115.76
116.16
116.56
116.96
117.36
117.76
118.16
118.56
118.96
119.36
119.76
120.16
120.56
120.96
121.36
121.76
122.16
122.56
122.96
123.36
123.76
124.16
124.56
124.96
125.36
125.76
126.16
126.56
126.96
127.36
127.76
128.16
128.56
128.96
129.36
129.76
130.16
130.56
130.96
131.36
131.76
132.16
132.56
132.96
133.36
133.76
134.16
134.56
134.96
135.36
135.76
136.15
136.56
136.96
137.36
137.76
138.16
138.56
138.96
139.36
139.76
140.16
140.56
140.96
141.36
141.76
142.16
142.56
142.96
143.36
143.76
144.16
144.56
144.96
145.36
145.76
146.16
146.56
146.96
147.36
147.77
148.17
148.57
148.97
149.37
149.77
150.17
150.57
150.97
151.37
151.77
152.16
152.56
152.95
153.35
153.75
154.15
154.55
154.95
155.35
155.75
156.16
156.56
156.96
157.36
157.76
158.16
158.56
158.96
159.36
159.76
160.16
160.56
160.96
161.36
161.76
162.16
162.56
162.96
163.36
163.76
164.16
164.56
164.96
165.36
165.76
166.16
166.56
166.96
167.36
167.76
168.16
168.56
168.96
169.36
169.76
170.16
170.56
170.96
171.36
171.76
172.16
172.56
172.96
173.36
173.76
174.16
174.56
174.96
175.36
175.76
176.16
176.56
176.96
177.36
177.76
178.16
178.56
178.96
179.36
179.76
180.16
180.56
180.96
181.36
181.76
182.16
182.56
182.96
183.36
183.76
184.16
184.56
184.96
185.36
185.76
186.16
186.56
186.96
187.36
187.76
188.16
188.56
188.96
189.36
189.76
190.16
190.56
190.96
191.36
191.76
192.16
192.56
192.96
193.36
193.76
194.16
194.56
194.96
195.36
195.76
196.16
196.56
196.96
197.36
197.76
198.16
198.56
198.96
199.36
199.76
200.16
200.56
200.96
201.36
201.76
202.16
202.56
202.96
203.36
203.76
204.16
204.56
204.96
205.36
205.76
206.16
206.56
206.96
207.36
207.76
208.16
208.56
208.96
209.36
209.76
210.17
210.57
210.97
212.17
212.98
213.58
214.56
215.37
215.98
217.35
218.95
219.34
219.74
220.0
220.25
220.5
220.76
221.02
221.27
