0.16
0.63
1.11
1.59
2.09
2.57
3.05
3.53
4.01
4.48
4.96
5.44
5.91
6.39
6.86
7.34
7.82
8.29
8.77
9.24
9.72
10.2
10.67
11.15
11.63
12.1
12.58
13.06
13.53
14.01
14.48
14.96
15.44
15.91
16.39
16.86
17.33
17.81
18.29
18.77
19.24
19.71
20.19
20.67
21.14
21.62
22.1
22.58
23.05
23.53
24.01
24.48
24.96
25.43
25.91
26.39
26.86
27.34
27.82
28.29
28.77
29.24
29.72
30.2
30.67
31.15
31.63
32.1
32.57
33.05
33.53
34.0
34.48
34.96
35.43
35.91
36.38
36.86
37.34
37.81
38.29
38.77
39.24
39.72
40.19
40.67
41.15
41.62
42.1
42.57
43.05
43.53
44.01
44.48
44.96
45.43
45.91
46.39
46.87
47.34
47.82
48.3
48.78
49.25
49.72
50.2
50.68
51.16
51.63
52.1
52.58
53.06
53.53
54.01
54.48
54.96
55.44
55.92
56.4
56.88
57.37
57.83
58.3
58.77
59.25
59.73
60.21
60.68
61.16
61.63
62.1
62.58
63.06
63.53
64.01
64.48
64.96
65.43
65.91
66.39
66.86
67.34
67.82
68.29
68.77
69.24
69.72
70.2
70.67
71.15
71.62
72.1
72.58
73.05
73.53
74.01
74.48
74.96
75.43
75.91
76.39
76.86
77.34
77.82
78.29
78.77
79.25
79.72
80.2
80.67
81.15
81.63
82.1
82.58
83.06
83.53
84.01
84.48
84.96
85.43
85.91
86.39
86.86
87.34
87.82
88.29
88.77
89.25
89.72
90.19
90.67
91.15
91.63
92.1
92.58
93.05
93.53
94.01
94.48
94.96
95.44
95.91
96.39
96.86
97.34
97.81
98.29
98.77
99.24
99.72
100.2
100.67
101.15
101.62
102.1
102.57
103.05
103.53
104.01
104.48
104.96
105.43
105.91
106.38
106.86
107.33
107.81
108.29
108.77
109.25
109.73
110.21
110.68
111.15
111.63
112.11
112.58
113.05
113.53
114.01
114.49
114.96
115.43
115.91
116.39
116.86
117.34
117.82
118.31
118.78
119.25
119.73
120.2
120.68
121.15
121.63
122.11
122.58
123.05
123.53
124.01
124.48
124.96
125.44
125.91
126.39
126.87
127.34
127.82
128.29
128.77
129.24
129.72
130.2
130.67
131.15
131.63
132.1
132.58
133.06
133.53
134.01
134.49
134.96
135.44
135.91
136.39
136.87
137.34
137.82
138.3
138.77
139.25
139.73
140.22
140.69
141.16
141.63
142.12
142.59
143.06
143.54
144.03
144.5
144.98
145.46
145.92
146.39
146.87
147.34
147.82
148.29
148.76
149.24
149.72
150.2
150.67
151.15
151.62
152.1
152.58
153.05
153.53
154.01
154.48
154.95
155.43
155.91
156.39
156.86
157.34
157.82
158.29
158.77
159.25
159.72
160.2
160.67
161.15
161.63
162.1
162.58
163.06
163.53
164.01
164.48
164.96
165.44
165.91
166.38
166.86
167.34
167.82
168.29
168.77
169.25
169.72
170.19
170.67
171.15
171.63
172.1
172.58
173.05
173.53
174.0
174.48
174.96
175.43
175.91
176.39
176.86
177.34
177.81
178.29
178.77
179.24
179.72
180.2
180.67
181.15
181.62
182.1
182.58
183.06
183.53
184.01
184.48
184.96
185.43
185.91
186.38
186.86
187.34
187.81
188.29
188.77
189.24
189.72
190.2
190.67
191.15
191.63
192.1
192.58
193.05
193.53
194.0
194.48
194.95
195.43
195.91
196.38
196.86
197.34
197.81
198.29
198.76
199.24
199.72
