0.49
1.17
1.84
2.46
3.1
3.74
4.4
5.03
5.67
6.32
6.96
7.62
8.28
8.91
9.55
10.2
10.85
11.49
12.14
12.78
13.43
14.08
14.74
15.38
16.01
16.64
17.29
17.93
18.61
19.24
19.89
20.55
21.18
21.82
22.46
23.1
23.73
24.39
25.04
25.68
26.33
26.98
27.62
28.27
28.92
29.56
30.2
30.85
31.49
32.14
32.78
33.42
34.06
34.72
35.36
36.01
36.64
37.3
37.94
38.59
39.23
39.88
40.52
41.17
41.81
42.46
43.11
43.74
44.38
45.04
45.68
46.33
46.96
47.61
48.26
48.91
49.55
50.2
50.85
51.49
52.14
52.78
53.43
54.07
54.7
55.36
56.01
56.65
57.28
57.93
58.59
59.24
59.86
60.5
61.16
61.81
62.46
63.11
63.76
64.4
65.04
65.69
66.33
66.98
67.61
68.26
68.91
69.55
70.19
70.85
71.5
72.14
72.79
73.43
74.07
74.72
75.36
76.01
76.66
77.3
77.94
78.59
79.23
79.87
80.52
81.17
81.81
82.46
83.11
83.75
84.4
85.04
85.69
86.33
86.97
87.61
88.26
88.91
89.56
90.2
90.85
91.5
92.14
92.79
93.43
94.08
94.72
95.36
96.01
96.65
97.3
97.95
98.59
99.24
99.88
100.53
101.17
101.82
102.46
103.1
103.75
104.4
105.04
105.68
106.33
106.98
107.63
108.27
108.91
109.56
110.21
110.85
111.49
112.14
112.78
113.43
114.07
114.72
115.36
116.01
116.66
117.3
117.94
118.59
119.24
119.88
120.53
121.17
121.81
122.46
123.1
123.75
124.39
125.04
125.68
126.33
126.97
127.62
128.27
128.92
129.56
130.21
130.85
131.49
132.13
132.78
133.43
134.07
134.71
135.36
136.0
136.66
137.3
137.95
138.6
139.25
139.89
140.55
141.19
141.82
142.47
143.12
143.77
144.41
145.04
145.69
146.33
146.96
147.61
148.28
148.93
149.54
150.19
150.86
151.51
152.13
152.78
153.43
154.08
154.71
155.36
156.01
156.66
157.3
157.94
158.59
159.24
159.88
160.53
161.17
161.82
162.46
163.11
163.75
164.4
165.04
165.69
166.34
166.98
167.62
168.26
168.91
169.56
170.21
170.85
171.49
172.14
172.79
173.43
174.08
174.72
175.37
176.01
176.65
177.3
177.94
178.59
179.24
179.88
180.53
181.17
181.82
182.46
183.11
183.75
184.39
185.04
185.69
186.33
186.98
187.63
188.27
188.91
189.56
190.21
190.85
191.49
192.14
192.79
193.43
194.07
194.72
195.37
196.01
196.66
197.3
197.95
198.59
199.23
199.87
200.53
201.17
201.81
202.46
203.11
203.75
204.4
205.04
205.68
206.33
206.97
207.62
208.26
208.91
209.55
210.18
210.8
211.43
212.65
214.58
