0.1
0.79
1.49
2.19
2.88
3.58
4.28
4.98
5.68
6.37
7.07
7.77
8.47
9.16
9.86
10.56
11.26
11.96
12.65
13.35
14.05
14.74
15.44
16.14
16.84
17.54
18.23
18.58
18.93
19.28
19.63
19.98
20.33
20.67
21.02
21.37
21.72
22.07
22.42
22.77
23.12
23.47
23.82
24.17
24.52
24.86
25.21
25.56
25.91
26.26
26.61
26.95
27.3
27.65
28.0
28.34
28.69
29.04
29.39
29.74
30.09
30.44
30.79
31.14
31.49
31.84
32.18
32.53
32.88
33.23
33.58
33.93
34.28
34.63
34.98
35.32
35.67
36.02
36.37
36.72
37.07
37.42
37.77
38.12
38.46
38.81
39.16
39.51
39.86
40.21
40.56
40.91
41.26
41.61
41.96
42.31
42.65
43.0
43.35
43.7
44.05
44.39
44.74
45.09
45.44
45.79
46.14
46.49
46.84
47.18
47.53
47.88
48.22
48.57
48.92
49.27
49.63
49.97
50.32
50.67
51.02
51.37
51.72
52.07
52.41
52.76
53.11
53.46
53.8
54.15
54.5
54.85
55.2
55.55
55.9
56.25
56.6
56.95
57.3
57.65
58.0
58.35
58.7
59.05
59.4
59.74
60.09
60.44
60.79
61.14
61.49
61.84
62.19
62.53
62.88
63.23
63.58
63.93
64.28
64.63
64.97
65.32
65.67
66.02
66.37
66.72
67.07
67.42
67.77
68.12
68.47
68.82
69.17
69.51
69.86
70.21
70.55
70.9
71.25
71.6
71.95
72.3
72.65
73.0
73.35
73.7
74.05
74.39
74.74
75.09
75.44
75.79
76.14
76.48
76.83
77.18
77.53
77.88
78.23
78.58
78.93
79.28
79.63
79.98
80.33
80.67
81.02
81.37
81.72
82.07
82.42
82.77
83.12
83.47
83.82
84.16
84.51
84.86
85.21
85.56
85.91
86.25
86.6
86.95
87.3
87.65
88.0
88.35
88.7
89.05
89.4
89.74
90.09
90.44
90.79
91.14
91.49
91.83
92.18
92.53
92.88
93.23
93.58
93.93
94.28
94.63
94.98
95.32
95.67
96.02
96.37
96.72
97.07
97.42
97.77
98.12
98.47
98.81
99.16
99.51
99.86
100.21
100.56
100.9
101.25
101.6
101.95
102.3
102.65
103.0
103.35
103.7
104.05
104.4
104.75
105.09
105.44
105.79
106.14
106.49
106.85
107.19
107.54
107.88
108.23
108.58
108.93
109.28
109.62
109.97
110.32
110.67
111.02
111.37
111.72
112.06
112.41
112.76
113.11
113.46
113.81
114.16
114.51
114.86
115.2
115.55
115.9
116.25
116.59
116.94
117.29
117.64
117.99
118.34
118.69
119.04
119.39
119.74
120.09
120.44
120.78
121.13
121.48
121.83
122.18
122.53
122.88
123.23
123.58
123.93
124.28
124.63
124.98
125.32
125.67
126.02
126.37
126.72
127.07
127.42
127.77
128.11
128.46
128.81
129.15
129.5
129.85
130.2
130.54
130.89
131.25
131.6
131.95
132.3
132.65
133.0
133.35
133.7
134.05
134.39
134.74
135.09
135.44
135.79
136.14
136.48
136.83
137.18
137.53
137.88
138.23
138.58
138.93
139.28
139.63
139.98
140.33
140.67
141.02
141.37
141.71
142.06
142.41
142.75
143.1
143.45
143.8
144.15
144.51
144.86
145.21
145.56
145.91
146.25
146.6
146.95
147.3
147.65
148.0
148.35
148.69
149.04
149.39
149.74
150.09
150.44
150.79
151.14
151.49
151.84
152.19
152.53
152.88
153.23
153.58
153.93
154.28
154.62
154.97
155.32
155.67
156.02
156.37
156.72
157.07
157.42
157.77
158.12
158.46
158.81
159.16
159.51
159.86
160.21
160.56
160.91
161.26
161.61
161.96
162.3
162.65
163.0
163.35
163.7
164.05
164.39
164.74
165.09
165.44
165.79
166.14
166.49
166.84
167.19
167.54
167.89
168.23
168.58
168.93
169.28
169.62
169.97
170.32
170.67
171.02
171.37
171.72
172.07
172.42
172.77
173.12
173.46
173.81
174.16
174.51
174.86
175.21
175.56
175.91
176.25
176.6
176.95
177.3
177.65
178.01
178.35
178.7
179.05
179.39
179.74
180.09
180.44
180.8
181.15
181.49
181.84
182.18
182.53
182.88
183.23
183.59
183.93
184.28
184.63
184.98
185.33
185.68
186.03
186.37
186.72
187.07
187.42
187.77
188.12
188.47
188.81
189.16
189.51
189.86
190.21
190.56
190.9
191.25
191.6
191.95
192.3
192.65
193.0
193.35
193.69
194.04
194.39
194.74
195.09
195.44
195.79
196.14
196.49
196.84
197.19
197.54
197.88
198.23
198.58
198.93
199.28
199.63
199.98
200.33
200.68
201.03
201.37
201.72
202.07
202.42
202.77
203.12
203.47
203.82
204.16
204.51
204.86
205.21
205.56
205.91
206.26
206.61
206.95
207.3
207.65
208.0
208.34
208.69
209.04
209.39
209.74
210.09
210.44
210.79
211.14
211.49
211.84
212.19
212.53
212.88
213.23
213.58
213.93
214.28
214.63
214.98
215.33
215.68
216.02
216.37
216.72
217.07
217.42
217.77
218.11
218.46
218.81
219.16
219.51
219.86
220.21
220.56
220.91
221.25
221.6
221.95
222.3
222.65
223.0
223.36
223.71
224.07
224.42
224.76
225.12
225.47
225.81
226.15
226.5
226.86
227.21
227.56
227.91
228.26
228.6
228.93
229.28
229.63
229.97
