0.39
0.88
1.37
1.86
2.35
2.84
3.33
3.82
4.31
4.81
5.3
5.79
6.28
6.77
7.26
7.75
8.24
8.73
9.23
9.72
10.21
10.7
11.19
11.68
12.17
12.66
13.14
13.63
14.13
14.63
15.13
15.62
16.11
16.61
17.11
17.61
18.1
18.6
19.09
19.58
20.07
20.56
21.04
21.53
22.02
22.52
23.01
23.51
24.0
24.5
24.99
25.47
25.95
26.45
26.94
27.43
27.91
28.4
28.89
29.38
29.87
30.36
30.85
31.34
31.84
32.33
32.82
33.31
33.79
34.28
34.77
35.26
35.76
36.26
36.75
37.24
37.73
38.22
38.71
39.21
39.71
40.2
40.68
41.17
41.66
42.16
42.65
43.15
43.65
44.14
44.62
45.11
45.6
46.1
46.59
47.08
47.58
48.07
48.55
49.04
49.54
50.04
50.54
51.03
51.52
52.02
52.52
53.01
53.51
54.0
54.48
54.97
55.47
55.97
56.46
56.95
57.44
57.93
58.43
58.92
59.41
59.9
60.39
60.88
61.37
61.86
62.35
62.84
63.33
63.83
64.33
64.82
65.31
65.81
66.31
66.8
67.28
67.77
68.26
68.75
69.24
69.73
70.22
70.7
71.18
71.67
72.17
72.66
73.16
73.65
74.14
74.63
75.12
75.61
76.1
76.59
77.08
77.57
78.06
78.54
79.02
79.52
80.01
80.5
80.99
81.48
81.97
82.46
82.96
83.45
83.95
84.44
84.93
85.42
85.91
86.4
86.89
87.38
87.87
88.36
88.86
89.35
89.85
90.34
90.83
91.32
91.81
92.3
92.79
93.29
93.78
94.27
94.76
95.25
95.74
96.23
96.72
97.22
97.71
98.2
98.69
99.18
99.67
100.17
100.66
101.15
101.64
102.13
102.62
103.12
103.61
104.1
104.59
105.09
105.58
106.07
106.55
107.04
107.54
108.03
108.52
109.0
109.49
109.99
110.5
111.01
111.51
112.01
112.5
113.0
113.49
113.99
114.48
114.97
115.47
115.96
116.45
116.94
117.42
117.91
118.4
118.88
119.37
119.86
120.36
120.86
121.35
121.85
122.34
122.83
123.32
123.82
124.31
124.81
125.3
125.79
126.28
126.77
127.26
127.75
128.24
128.74
129.23
129.72
130.2
130.7
131.19
131.68
132.17
132.67
133.17
133.67
134.17
134.66
135.15
135.63
136.12
136.61
137.1
137.59
138.09
138.58
139.06
139.55
140.03
140.53
141.03
141.52
142.02
142.51
143.0
143.49
143.98
144.47
144.96
145.45
145.94
146.43
146.92
147.41
147.89
148.38
148.87
149.36
149.85
150.34
150.83
151.32
151.81
152.3
152.79
153.29
153.78
154.27
154.76
155.25
155.75
156.24
156.74
157.24
157.73
158.22
158.7
159.19
159.68
160.17
160.66
161.15
161.65
162.15
162.64
163.14
163.63
164.12
164.61
165.1
165.58
166.08
166.57
167.06
167.55
168.05
168.54
169.04
169.53
170.02
170.51
171.01
171.5
171.99
172.49
172.98
173.47
173.96
174.45
174.94
175.44
175.94
176.44
176.94
177.44
177.93
178.42
178.91
179.4
179.89
180.38
180.87
181.35
181.84
182.33
182.82
183.32
183.81
184.29
184.77
185.25
185.74
186.23
186.72
187.22
187.7
188.18
188.66
189.13
189.6
190.07
190.56
191.05
191.54
192.03
192.45
192.92
193.4
193.87
194.34
194.81
195.31
