0.23
1.13
2.02
2.92
3.81
4.71
5.6
6.5
7.39
8.29
9.19
10.08
10.97
11.87
12.77
13.66
14.56
15.45
16.36
17.25
18.14
19.04
19.93
20.83
21.72
22.62
23.51
24.41
25.3
26.2
27.1
27.99
28.88
29.78
30.7
31.57
32.46
33.36
34.26
35.16
36.05
36.95
37.85
38.74
39.63
40.53
41.42
42.32
43.21
44.11
45.01
45.9
46.8
47.69
48.59
49.49
50.38
51.27
52.17
53.07
53.96
54.86
55.76
56.65
57.54
58.44
59.33
60.23
61.12
62.02
62.93
63.81
64.71
65.61
66.5
67.4
68.29
69.19
70.09
70.98
71.87
72.77
73.67
74.56
75.45
76.35
77.24
78.13
79.03
79.93
80.83
81.72
82.62
83.51
84.41
85.31
86.21
87.1
88.01
88.89
89.78
90.68
91.57
92.47
93.36
94.26
95.15
96.05
96.95
97.84
98.73
99.63
100.52
101.43
102.32
103.21
104.11
105.01
105.9
106.8
107.69
108.58
109.48
110.38
111.27
112.17
113.07
113.96
114.85
115.75
116.64
117.54
118.44
119.33
120.24
121.13
122.02
122.92
123.82
124.71
125.6
126.5
127.4
128.29
129.18
130.08
130.98
131.87
132.76
133.66
134.56
135.45
136.34
137.24
138.15
139.04
139.93
140.83
141.75
142.62
143.51
144.41
145.31
146.2
147.09
147.99
148.89
149.78
150.67
151.57
152.46
153.36
154.26
155.16
156.05
156.94
157.84
158.74
159.63
160.53
161.42
162.32
163.21
164.11
165.0
165.9
166.8
167.69
168.59
169.48
170.38
171.27
172.17
173.07
173.96
174.85
175.75
176.65
177.54
178.44
179.33
180.23
181.12
182.02
182.91
183.81
184.71
185.6
186.5
187.39
188.29
189.18
190.08
190.97
191.87
192.76
193.66
194.56
195.45
196.35
197.24
198.14
199.03
199.93
200.82
201.72
202.61
203.51
204.4
205.3
206.2
207.09
207.98
208.88
209.78
210.67
211.57
212.47
213.36
214.25
215.15
216.05
216.94
217.84
218.73
219.63
220.54
221.43
222.33
223.29
224.8
225.9
226.82
228.1
229.4
