0.39
1.06
1.75
2.43
3.1
3.77
4.45
5.12
5.8
6.47
7.14
7.82
8.49
9.17
9.84
10.51
11.18
11.85
12.52
13.2
13.87
14.54
15.22
15.9
16.58
17.25
17.92
18.59
19.27
19.95
20.62
21.3
21.97
22.65
23.31
24.0
24.67
25.35
26.02
26.7
27.37
28.04
28.7
29.38
30.07
30.73
31.42
32.1
32.78
33.44
34.11
34.78
35.46
36.14
36.82
37.49
38.17
38.85
39.52
40.19
40.86
41.53
42.2
42.87
43.53
44.21
44.89
45.56
46.23
46.91
47.58
48.26
48.93
49.6
50.27
50.95
51.63
52.31
53.0
53.67
54.35
55.02
55.7
56.36
57.03
57.71
58.39
59.06
59.73
60.4
61.06
61.74
62.41
63.09
63.77
64.44
65.12
65.8
66.48
67.15
67.82
68.49
69.15
69.82
70.5
71.17
71.84
72.51
73.18
73.86
74.54
75.22
75.9
76.58
77.26
77.93
78.59
79.27
79.94
80.61
81.28
81.96
82.63
83.3
83.97
84.65
85.33
86.0
86.68
87.36
88.04
88.71
89.37
90.04
90.72
91.4
92.08
92.76
93.44
94.11
94.79
95.47
96.14
96.8
97.48
98.16
98.83
99.5
100.17
100.84
101.51
102.19
102.86
103.54
104.21
104.89
105.56
106.24
106.92
107.59
108.26
108.94
109.61
110.28
110.95
111.63
112.31
112.98
113.65
114.33
114.99
115.66
116.32
116.99
117.67
118.34
119.02
119.7
120.38
121.06
121.72
122.42
123.1
123.77
124.44
125.13
125.8
126.48
127.15
127.82
128.46
129.15
129.82
130.5
131.18
131.86
132.53
133.21
133.88
134.56
135.23
135.89
136.56
137.25
137.94
138.6
139.28
139.96
140.63
141.31
141.98
142.65
143.32
144.0
144.68
145.35
146.01
146.69
147.34
148.01
148.68
149.35
150.03
150.69
151.36
152.04
152.71
153.39
154.07
154.75
155.42
156.11
156.79
157.48
158.16
158.84
159.52
160.19
160.88
161.55
162.23
162.89
163.55
164.21
164.89
165.57
166.25
166.93
167.6
168.27
168.92
169.6
170.28
170.95
171.62
172.3
172.98
173.65
174.32
175.0
175.67
176.34
177.01
177.69
178.37
179.04
179.7
180.37
181.04
181.72
182.4
183.08
183.75
184.43
185.1
185.77
186.44
187.12
187.79
188.46
189.14
189.81
190.49
191.17
191.85
192.53
193.22
193.93
194.63
195.33
196.02
196.69
198.01
199.37
200.74
