0.29
1.06
1.83
2.59
3.37
4.14
4.9
5.67
6.45
7.22
8.0
8.77
9.53
10.29
11.07
11.83
12.6
13.37
14.14
14.91
15.67
16.45
17.22
17.98
18.75
19.52
20.29
21.06
21.83
22.6
23.37
24.14
24.91
25.68
26.45
27.22
27.98
28.75
29.52
30.29
31.06
31.83
32.6
33.37
34.14
34.91
35.68
36.44
37.21
37.98
38.75
39.52
40.3
41.07
41.83
42.6
43.37
44.14
44.91
45.68
46.44
47.22
47.99
48.76
49.52
50.29
51.06
51.83
52.59
53.37
54.14
54.91
55.68
56.45
57.22
57.99
58.75
59.52
60.29
61.06
61.83
62.6
63.37
64.13
64.9
65.67
66.45
67.21
67.98
68.75
69.52
70.29
71.06
71.83
72.6
73.37
74.14
74.91
75.68
76.45
77.21
77.98
78.75
79.52
80.29
81.06
81.83
82.6
83.37
84.14
84.91
85.68
86.45
87.22
87.99
88.75
89.52
90.29
91.05
91.83
92.6
93.37
94.14
94.91
95.68
96.45
97.21
97.98
98.75
99.52
100.29
101.06
101.83
102.6
103.37
104.14
104.92
105.69
106.45
107.22
107.99
108.76
109.52
110.29
111.06
111.83
112.6
113.37
114.14
114.91
115.68
116.44
117.21
117.99
118.76
119.53
120.29
121.06
121.83
122.59
122.98
123.36
123.74
124.13
124.51
124.89
125.28
125.66
126.05
126.43
126.82
127.21
127.59
127.97
128.36
128.74
129.12
129.5
129.89
130.28
130.67
131.05
131.44
131.83
132.6
133.37
134.14
134.91
135.66
136.06
136.44
136.83
137.24
138.0
138.77
139.53
140.29
141.06
141.83
142.6
143.39
144.15
144.91
145.67
146.44
147.2
147.98
148.75
149.52
150.29
151.07
151.83
152.6
153.37
154.14
154.91
155.68
156.45
157.22
157.99
158.76
159.52
160.3
161.06
161.83
162.61
163.38
164.14
164.91
165.68
166.45
167.22
167.99
168.76
169.53
170.3
171.06
171.83
172.6
173.37
174.14
174.91
175.67
176.45
177.22
177.99
178.76
179.53
180.29
181.06
181.83
182.6
183.38
184.14
184.91
185.68
186.45
187.22
187.99
188.75
189.14
189.53
190.29
190.67
191.06
191.84
192.6
193.37
194.14
194.91
195.68
196.45
197.21
197.98
198.36
198.75
199.14
199.52
199.89
200.29
200.67
201.07
201.44
201.83
202.2
202.61
202.95
203.38
203.72
204.17
204.56
