0.11
0.58
1.05
1.53
2.0
2.48
2.95
3.43
3.9
4.38
4.86
5.33
5.81
6.29
6.76
7.23
7.7
8.18
8.65
9.12
9.59
10.07
10.54
11.01
11.48
11.96
12.43
12.9
13.37
13.84
14.31
14.78
15.25
15.72
16.19
16.66
17.13
17.6
18.06
18.53
19.0
19.47
19.94
20.41
20.88
21.35
21.81
22.28
22.75
23.22
23.69
24.16
24.63
25.09
25.56
26.03
26.5
26.97
27.44
27.91
28.38
28.85
29.31
29.78
30.25
30.72
31.19
31.66
32.13
32.6
33.06
33.53
34.0
34.47
34.94
35.41
35.88
36.35
36.81
37.28
37.75
38.22
38.69
39.16
39.63
40.1
40.56
41.03
41.5
41.97
42.44
42.91
43.38
43.84
44.31
44.78
45.25
45.72
46.19
46.66
47.13
47.6
48.06
48.53
49.0
49.47
49.94
50.41
50.88
51.35
51.81
52.28
52.75
53.22
53.69
54.16
54.63
55.1
55.56
56.03
56.5
56.97
57.44
57.91
58.38
58.85
59.31
59.78
60.25
60.72
61.19
61.66
62.13
62.6
63.06
63.53
64.0
64.47
64.94
65.41
65.88
66.35
66.81
67.28
67.75
68.22
68.69
69.16
69.63
70.1
70.56
71.03
71.5
71.97
72.44
72.91
73.38
73.84
74.31
74.78
75.25
75.72
76.19
76.66
77.13
77.6
78.06
78.53
79.0
79.47
79.94
80.41
80.88
81.35
81.81
82.28
82.75
83.22
83.69
84.16
84.63
85.1
85.56
86.03
86.5
86.97
87.44
87.91
88.38
88.85
89.31
89.78
90.25
90.72
91.19
91.66
92.13
92.59
93.06
93.53
94.0
94.47
94.94
95.41
95.88
96.35
96.81
97.28
97.75
98.22
98.69
99.16
99.63
100.1
100.56
101.03
101.5
101.97
102.44
102.91
103.38
103.85
104.31
104.78
105.25
105.72
106.19
106.66
107.13
107.6
108.06
108.53
109.0
109.47
109.94
110.41
110.88
111.35
111.81
112.27
112.74
113.22
113.69
114.16
114.63
115.1
115.56
116.03
116.5
116.97
117.44
117.91
118.38
118.85
119.31
119.78
120.25
120.72
121.19
121.66
122.13
122.6
123.06
123.53
124.0
124.47
124.94
125.41
125.88
126.34
126.81
127.28
127.75
128.22
128.69
129.16
129.63
130.09
130.56
131.03
131.5
131.97
132.44
132.91
133.38
133.85
134.31
134.78
135.25
135.72
136.19
136.66
137.13
137.59
138.06
138.53
139.0
139.47
139.94
140.41
140.87
141.34
141.81
142.28
142.75
143.22
143.69
144.16
144.62
145.09
145.56
146.03
146.5
146.97
147.44
147.9
148.37
148.84
149.31
149.78
150.25
150.72
151.19
151.66
152.12
152.59
153.06
153.53
154.0
154.47
154.94
155.41
155.87
156.34
156.81
157.28
157.75
158.22
158.69
159.16
159.62
160.09
160.56
161.03
161.5
161.97
162.44
162.91
163.38
163.85
164.31
164.78
165.25
165.72
166.19
166.66
167.13
167.59
168.06
168.53
169.0
169.47
169.94
170.41
170.88
171.35
171.81
172.28
172.75
173.22
173.69
174.16
174.62
175.09
175.56
176.03
176.5
176.97
177.44
177.91
178.38
178.85
179.31
179.77
180.24
180.71
181.18
181.65
182.12
182.59
183.06
183.53
184.0
184.47
184.94
185.41
185.87
186.34
186.81
187.28
187.75
188.22
188.69
189.16
189.63
190.1
190.56
191.03
191.5
191.97
192.44
192.91
193.38
193.85
194.31
194.78
195.25
195.72
196.19
196.66
197.13
197.6
198.06
198.53
199.0
199.47
199.94
200.41
200.87
201.34
201.81
202.28
202.75
203.22
203.69
204.16
204.63
205.09
205.56
206.03
206.5
206.97
207.44
207.91
208.37
208.84
209.31
209.78
210.25
210.72
211.18
211.63
212.1
212.56
213.03
213.47
213.97
214.42
214.89
215.38
215.85
216.29
216.73
217.2
217.67
218.16
218.64
219.11
219.57
219.83
220.29
220.74
221.06
221.45
221.81
222.16
222.52
222.89
223.26
223.62
223.99
224.35
224.78
225.04
225.49
226.04
226.49
226.95
227.4
227.86
228.3
228.73
229.18
229.6
229.87
230.33
230.8
231.26
231.73
232.22
232.72
233.21
233.69
234.17
234.63
235.1
235.56
236.03
236.5
236.97
237.44
237.91
238.38
238.85
239.31
239.78
240.25
240.72
241.19
241.66
242.12
242.59
243.06
243.53
244.0
244.47
244.94
245.41
245.87
246.34
246.81
247.28
247.75
248.22
248.69
249.16
249.63
250.1
250.56
251.03
251.5
251.97
252.44
252.91
253.38
253.85
254.31
254.78
255.25
255.72
256.19
256.65
257.12
257.59
258.06
258.53
259.0
259.47
259.94
260.41
260.87
261.34
261.81
262.28
262.75
263.22
263.69
264.15
264.62
265.09
265.56
266.03
266.5
266.97
267.44
267.91
268.37
268.84
269.31
269.78
270.25
270.72
271.19
271.66
272.12
272.59
273.06
273.53
274.0
274.47
274.94
275.41
275.88
276.35
276.81
277.28
277.75
278.22
278.69
279.16
279.62
280.09
280.56
281.03
281.5
281.97
282.44
282.91
283.37
283.84
284.31
284.78
285.25
285.72
286.18
286.65
287.12
287.59
288.06
288.53
289.0
289.47
289.94
290.41
290.87
291.34
291.81
292.28
292.75
293.22
293.69
294.16
294.62
295.09
295.56
296.03
296.5
296.97
297.44
297.91
298.37
298.84
299.31
299.78
300.25
300.72
301.19
301.66
302.12
302.59
303.06
303.53
304.0
304.47
304.94
305.4
305.87
306.34
306.81
307.28
307.75
308.22
308.69
309.16
309.62
310.09
310.56
311.03
311.5
311.97
312.43
312.9
313.37
313.84
314.31
314.78
315.25
315.72
316.19
316.66
317.12
317.59
318.06
318.53
319.0
319.47
319.94
320.4
320.87
321.34
321.81
322.28
322.75
323.22
323.69
324.15
324.62
325.09
325.56
326.03
326.5
326.97
327.44
327.91
328.37
328.84
329.31
329.78
330.25
330.72
331.19
331.65
332.12
332.59
333.06
333.53
334.0
334.47
334.94
335.41
335.87
336.34
336.81
337.28
337.75
338.22
338.69
339.16
339.62
340.09
340.56
341.03
341.5
341.97
342.44
342.9
343.37
343.84
344.31
344.78
345.25
345.72
346.19
346.66
347.12
347.59
348.06
348.53
349.0
349.47
349.94
350.41
350.88
351.35
351.82
352.28
352.75
353.22
353.69
354.16
354.63
355.1
355.57
356.04
356.51
356.98
357.45
357.92
358.4
358.87
359.34
359.81
360.28
360.76
361.23
361.7
362.16
