0.12
0.6
1.08
1.55
2.03
2.51
2.98
3.46
3.93
4.41
4.88
5.36
5.82
6.3
6.77
7.25
7.73
8.2
8.68
9.16
9.64
10.11
10.59
11.06
11.54
12.01
12.49
12.96
13.43
13.9
14.38
14.84
15.32
15.8
16.28
16.75
17.23
17.7
18.18
18.66
19.13
19.61
20.08
20.56
21.04
21.51
21.98
22.46
22.94
23.41
23.88
24.36
24.84
25.32
25.79
26.26
26.74
27.21
27.69
28.17
28.64
29.12
29.59
30.07
30.54
31.02
31.49
31.97
32.44
32.92
33.38
33.86
34.33
34.81
35.28
35.76
36.23
36.71
37.19
37.67
38.14
38.62
39.09
39.57
40.04
40.52
40.99
41.46
41.94
42.41
42.89
43.37
43.84
44.31
44.79
45.27
45.74
46.22
46.68
47.16
47.64
48.11
48.58
49.06
49.53
50.01
50.48
50.96
51.44
51.91
52.39
52.86
53.34
53.82
54.29
54.77
55.24
55.72
56.19
56.66
57.13
57.61
58.08
58.56
59.03
59.51
59.98
60.46
60.93
61.41
61.89
62.36
62.84
63.32
63.79
64.27
64.74
65.21
65.69
66.16
66.63
67.11
67.58
68.06
68.54
69.0
69.48
69.95
70.43
70.9
71.38
71.85
72.33
72.8
73.28
73.75
74.23
74.7
75.18
75.66
76.13
76.6
77.07
77.55
78.03
78.5
78.98
79.45
79.93
80.39
80.87
81.34
81.82
82.29
82.77
83.24
83.71
84.19
84.66
85.14
85.61
86.09
86.56
87.04
87.51
87.99
88.46
88.94
89.41
89.88
90.36
90.84
91.31
91.78
92.26
92.73
93.2
93.68
94.15
94.62
95.1
95.58
96.05
96.53
97.0
97.48
97.95
98.43
98.9
99.37
99.84
100.3
100.78
101.26
101.74
102.21
102.68
103.16
103.64
104.11
104.58
105.05
105.52
106.0
106.47
106.95
107.42
107.9
108.37
108.85
109.32
109.8
110.27
110.75
111.22
111.7
112.17
112.65
113.12
113.59
114.06
114.54
115.01
115.48
115.96
116.43
116.91
117.38
117.86
118.33
118.81
119.28
119.76
120.23
120.71
121.19
121.66
122.13
122.6
123.07
123.55
124.02
124.5
124.97
125.45
125.92
126.4
126.87
127.34
127.82
128.29
128.77
129.24
129.72
130.19
130.67
131.14
131.61
132.09
132.56
133.03
133.51
133.98
134.46
134.93
135.4
135.87
136.35
136.82
137.3
137.77
138.25
138.73
139.2
139.67
140.14
140.61
141.09
141.56
142.04
142.51
142.99
143.46
143.94
144.41
144.89
145.36
145.84
146.32
146.83
147.31
147.78
148.22
148.68
149.15
149.62
150.09
150.56
151.03
151.5
151.98
152.45
152.93
153.4
153.87
154.34
154.82
155.29
155.77
156.24
156.72
157.2
157.67
158.14
158.62
159.09
159.56
160.04
160.51
160.99
161.46
161.93
162.4
162.87
163.35
163.82
164.3
164.77
165.25
165.72
166.19
166.67
167.14
167.61
168.09
168.56
169.04
169.51
169.98
170.45
170.93
171.4
171.88
172.35
172.83
173.3
173.77
174.25
174.72
175.2
175.67
176.15
176.62
177.09
177.56
178.04
178.51
178.98
179.45
179.93
180.4
180.87
181.35
181.82
182.3
182.77
183.24
183.72
184.2
184.67
185.14
185.61
186.08
186.55
187.03
187.5
187.97
188.45
188.92
189.39
189.87
190.34
190.81
191.29
191.76
192.23
192.71
193.18
193.66
194.13
194.6
195.07
195.55
196.02
196.49
196.96
197.43
197.91
198.38
198.86
199.33
199.81
200.28
200.76
201.23
201.7
202.17
202.65
203.12
203.59
204.07
204.54
205.02
205.49
205.97
206.44
206.91
207.39
207.86
208.33
208.8
209.27
209.74
210.21
210.69
211.16
211.63
212.11
212.58
213.05
213.53
214.0
214.47
214.94
215.42
215.89
216.36
216.83
217.31
217.78
218.25
218.73
219.2
219.67
220.14
220.62
221.09
221.56
222.04
222.51
222.99
223.46
223.93
224.4
224.87
225.35
225.82
226.29
226.77
227.24
227.71
228.18
228.66
229.13
229.6
230.07
230.55
231.02
231.49
231.97
232.44
232.91
233.39
233.86
234.33
234.81
235.28
235.75
236.23
236.7
237.17
237.64
238.12
238.59
239.05
