0.15
0.64
1.13
1.63
2.12
2.6
3.09
3.6
4.11
4.62
5.13
5.65
6.17
6.68
7.21
7.74
8.29
8.83
9.38
9.92
10.47
11.01
11.56
12.09
12.64
13.19
13.74
14.29
14.84
15.38
15.92
16.46
17.01
17.56
18.11
18.65
19.2
19.74
20.29
20.83
21.38
21.92
22.47
23.02
23.56
24.1
24.65
25.19
25.74
26.29
26.83
27.38
27.93
28.47
29.02
29.55
30.1
30.65
31.2
31.74
32.28
32.81
33.37
33.92
34.47
35.02
35.57
36.11
36.66
37.2
37.75
38.29
38.84
39.38
39.92
40.47
41.02
41.56
42.11
42.66
43.2
43.75
44.29
44.84
45.39
45.93
46.47
47.02
47.57
48.11
48.66
49.2
49.75
50.29
50.84
51.38
51.93
52.48
53.02
53.57
54.11
54.65
55.19
55.74
56.29
56.83
57.38
57.92
58.47
59.02
59.56
60.09
60.64
61.19
61.74
62.28
62.83
63.38
63.93
64.46
65.01
65.56
66.11
66.65
67.2
67.74
68.29
68.82
69.37
69.92
70.47
71.02
71.57
72.1
72.65
73.2
73.75
74.3
74.84
75.39
75.93
76.47
77.02
77.57
78.11
78.66
79.2
79.75
80.29
80.84
81.38
81.93
82.48
83.02
83.57
84.11
84.66
85.2
85.75
86.29
86.84
87.38
87.93
88.48
89.02
89.57
90.12
90.66
91.2
91.75
92.3
92.85
93.4
93.96
94.47
95.02
95.57
96.11
96.67
97.2
97.75
98.29
98.83
99.38
99.93
100.48
101.03
101.57
102.12
102.66
103.2
103.75
104.3
104.85
105.41
105.94
106.48
107.01
107.57
108.12
108.66
109.2
109.75
110.3
110.84
111.38
111.93
112.48
113.02
113.57
114.11
114.66
115.2
115.75
116.29
116.84
117.39
117.93
118.48
119.02
119.57
120.11
120.66
121.2
121.75
122.29
122.84
123.38
123.93
124.47
125.02
125.57
126.11
126.66
127.2
127.75
128.3
128.84
129.38
129.93
130.47
131.02
131.57
132.11
132.66
133.2
133.75
134.29
134.84
135.38
135.93
136.47
137.02
137.56
138.1
138.65
139.2
139.74
140.29
140.83
141.38
141.92
142.47
143.01
143.56
144.1
144.64
145.18
145.7
146.22
146.75
147.28
147.78
148.3
148.81
149.32
149.82
150.32
150.81
151.31
151.8
152.29
152.78
153.26
153.75
154.24
154.73
155.22
155.71
156.2
156.69
157.18
157.66
158.15
158.64
159.13
159.62
160.11
160.6
161.08
161.57
162.06
162.55
163.04
163.53
164.02
164.5
164.99
165.48
165.97
166.46
166.95
167.44
167.93
168.42
168.91
169.39
169.88
170.37
170.86
171.34
171.83
172.32
172.8
173.29
173.78
174.26
174.75
175.24
175.73
176.22
176.7
177.19
177.68
178.17
178.66
179.15
179.63
180.12
180.61
181.1
181.58
182.07
