0.0
0.31
0.62
0.93
1.26
1.58
1.9
2.23
2.55
2.87
3.19
3.51
3.83
4.15
4.47
4.79
5.11
5.43
5.75
6.08
6.4
6.73
7.05
7.37
7.69
8.02
8.34
8.66
8.98
9.31
9.63
9.95
10.27
10.59
10.92
11.24
11.56
11.88
12.21
12.53
12.85
13.18
13.5
13.82
14.14
14.46
14.79
15.11
15.43
15.75
16.08
16.4
16.72
17.05
17.37
17.69
18.01
18.34
18.66
18.98
19.3
19.62
19.95
20.27
20.59
20.91
21.24
21.56
21.89
22.21
22.53
22.85
23.18
23.5
23.82
24.14
24.47
24.79
25.12
25.44
25.76
26.09
26.41
26.73
27.05
27.37
27.69
28.01
28.34
28.66
28.98
29.31
29.63
29.95
30.28
30.6
30.92
31.24
31.57
31.89
32.21
32.53
32.85
33.17
33.5
33.82
34.15
34.47
34.79
35.11
35.43
35.75
36.08
36.4
36.72
37.04
37.37
37.69
38.01
38.33
38.66
38.98
39.3
39.63
39.95
40.28
40.6
40.92
41.24
41.56
41.88
42.2
42.53
42.85
43.17
43.49
43.82
44.14
44.47
44.79
45.11
45.44
45.76
46.08
46.4
46.73
47.05
47.37
47.69
48.02
48.34
48.66
48.98
49.3
49.63
49.95
50.27
50.6
50.92
51.24
51.56
51.89
52.21
52.53
52.85
53.17
53.49
53.82
54.15
54.47
54.79
55.11
55.43
55.76
56.08
56.4
56.72
57.05
57.37
57.7
58.02
58.35
58.67
58.99
59.31
59.63
59.95
60.27
60.59
60.92
61.24
61.56
61.89
62.21
62.53
62.85
63.18
63.5
63.82
64.14
64.47
64.79
65.11
65.44
65.76
66.08
66.4
66.72
67.05
67.37
67.69
68.02
68.34
68.66
68.98
69.3
69.63
69.95
70.27
70.6
70.92
71.24
71.56
71.88
72.21
72.53
72.85
73.18
73.5
73.82
74.14
74.47
74.79
75.11
75.44
75.76
76.09
76.41
76.73
77.05
77.37
77.69
78.01
78.34
78.66
78.99
79.31
79.63
79.95
80.28
80.6
80.92
81.24
81.56
81.89
82.21
82.53
82.86
83.18
83.51
84.16
84.8
85.44
86.09
86.73
87.05
87.37
87.69
88.02
88.34
88.66
88.98
89.31
89.63
89.95
90.27
90.6
90.92
91.24
91.56
91.89
92.21
92.53
92.85
93.18
93.5
93.82
94.14
94.47
94.79
95.11
95.43
95.75
96.08
96.4
96.72
97.05
97.37
97.69
98.01
98.34
98.66
98.99
99.31
99.64
99.96
100.28
100.6
100.92
101.24
101.56
101.88
102.2
102.53
102.85
103.18
103.5
103.82
104.14
104.46
104.79
105.11
105.43
105.76
106.08
106.4
106.72
107.05
107.37
107.7
108.02
108.34
108.66
108.98
109.31
109.63
109.95
110.27
110.59
110.92
111.24
111.56
111.89
112.21
112.53
112.86
113.18
113.5
113.82
114.14
114.47
114.79
115.11
115.43
115.76
116.08
116.4
116.72
117.04
117.37
117.7
118.02
118.34
118.66
118.98
119.3
119.63
119.95
120.27
120.59
120.92
121.24
121.56
121.89
122.21
122.53
122.85
123.18
123.5
123.82
124.14
124.46
124.79
125.11
125.43
125.75
126.08
126.4
126.72
127.05
127.37
127.69
128.02
128.34
128.66
128.98
129.31
129.63
129.95
130.27
130.59
130.92
131.24
131.56
131.88
132.21
132.53
132.85
133.17
133.5
133.82
134.14
134.47
134.8
135.12
135.44
135.76
136.08
136.4
136.72
137.05
137.37
137.69
138.01
138.34
138.66
138.98
139.31
139.63
139.95
140.27
140.59
140.91
141.24
141.56
141.89
142.21
142.53
142.85
143.18
143.5
143.82
144.14
144.47
144.8
145.12
145.44
145.77
146.1
146.42
146.74
147.06
147.39
147.71
148.03
148.35
148.68
149.0
149.33
149.65
149.97
150.29
150.61
150.93
151.26
151.58
151.9
152.22
152.54
152.86
153.18
153.5
153.82
154.14
154.45
154.77
155.09
155.41
155.74
156.07
156.39
156.72
157.04
157.37
157.69
158.01
158.34
158.66
158.99
159.31
159.63
159.95
160.27
160.59
160.91
161.24
161.56
161.89
162.21
162.53
162.85
163.17
163.5
163.82
164.14
164.47
164.79
165.11
165.43
165.76
166.08
166.4
166.72
167.05
167.37
167.69
168.01
168.34
168.66
168.98
169.31
169.63
169.95
170.27
170.59
170.92
171.24
171.56
171.88
172.21
172.53
172.85
173.17
173.5
173.82
174.14
174.47
174.79
175.11
175.43
175.75
176.08
176.4
176.73
177.05
177.37
177.69
178.02
178.34
178.66
178.98
179.3
179.63
179.95
180.27
180.6
180.92
181.24
181.56
181.89
182.21
182.53
182.85
183.18
183.5
183.82
184.14
184.46
184.78
185.11
185.43
185.75
186.07
186.4
186.72
187.05
187.37
187.69
188.02
188.34
188.66
188.98
189.3
189.62
189.95
190.27
190.59
190.92
191.24
191.56
191.89
192.21
192.53
192.86
193.18
193.5
193.82
194.14
194.47
194.79
195.11
195.43
195.76
196.08
196.4
196.72
197.05
197.37
197.69
198.02
198.34
198.66
198.99
199.31
199.63
199.95
200.27
200.6
200.92
201.24
201.56
201.88
202.21
202.53
202.85
203.18
203.5
203.82
204.14
204.47
204.79
205.11
205.43
205.76
206.08
206.4
206.72
207.05
207.37
207.69
208.01
208.34
208.66
208.98
209.3
209.63
209.95
210.27
210.59
210.92
211.24
211.56
211.88
212.21
212.53
212.85
213.17
213.49
213.81
214.12
214.43
214.74
215.05
215.36
215.68
216.0
216.32
216.64
216.96
217.28
217.59
