0.31
0.7
1.11
1.51
1.9
2.29
2.68
3.08
3.48
3.87
4.26
4.66
5.05
5.44
5.84
6.23
6.63
7.02
7.41
7.81
8.21
8.6
9.0
9.39
9.79
10.19
10.58
10.98
11.37
11.77
12.16
12.54
12.92
13.32
13.72
14.12
14.51
14.91
15.3
15.69
16.09
16.48
16.88
17.27
17.67
18.06
18.46
18.85
19.25
19.64
20.04
20.44
20.83
21.22
21.61
22.0
22.4
22.8
23.2
23.59
23.99
24.38
24.77
25.17
25.56
25.96
26.35
26.75
27.14
27.54
27.93
28.33
28.72
29.11
29.51
29.9
30.31
30.7
31.1
31.49
31.89
32.28
32.68
33.07
33.47
33.86
34.25
34.65
35.05
35.44
35.83
36.23
36.62
37.02
37.41
37.81
38.2
38.59
38.98
39.38
39.78
40.18
40.56
40.95
41.35
41.75
42.14
42.55
42.95
43.33
43.72
44.12
44.51
44.9
45.3
45.69
46.09
46.48
46.88
47.27
47.67
48.06
48.46
48.85
49.25
49.64
50.04
50.44
50.84
51.24
51.63
52.02
52.42
52.81
53.2
53.59
53.99
54.39
54.79
55.18
55.57
55.97
56.37
56.76
57.15
57.54
57.93
58.33
58.72
59.12
59.52
59.91
60.31
60.7
61.09
61.49
61.88
62.28
62.68
63.07
63.46
63.86
64.25
64.65
65.04
65.44
65.83
66.23
66.62
67.02
67.41
67.8
68.2
68.59
68.99
69.38
69.78
70.17
70.57
70.96
71.35
71.74
72.14
72.53
72.93
73.33
73.72
74.12
74.51
74.9
75.3
75.69
76.09
76.48
76.88
77.27
77.67
78.06
78.46
78.85
79.25
79.64
80.03
80.43
80.83
81.22
81.61
82.01
82.4
82.8
83.2
83.59
83.99
84.38
84.77
85.17
85.56
85.97
86.37
86.76
87.15
87.55
87.94
88.34
88.73
89.13
89.52
89.92
90.31
90.71
91.1
91.5
91.89
92.28
92.68
93.07
93.47
93.87
94.26
94.66
95.04
95.43
95.83
96.22
96.62
97.01
97.41
97.8
98.2
98.6
99.0
99.39
99.78
100.18
100.57
100.97
101.37
101.76
102.16
102.56
102.95
103.34
103.74
104.13
104.53
104.92
105.31
105.71
106.1
106.5
106.9
107.29
107.68
108.08
108.47
108.87
109.26
109.66
110.06
110.45
110.85
111.24
111.64
112.02
112.41
112.81
113.22
113.6
114.0
114.4
114.79
115.19
115.57
115.96
116.36
116.76
117.15
117.55
117.94
118.35
118.74
119.13
119.52
119.92
120.32
120.71
121.1
121.5
121.9
122.29
122.68
123.08
123.48
123.87
124.26
124.64
125.04
125.44
125.83
126.23
126.62
127.02
127.41
127.8
128.21
128.61
129.0
129.39
129.79
130.19
130.59
130.98
131.38
131.76
132.15
132.55
132.94
133.33
133.73
134.12
134.52
134.92
135.31
135.7
136.1
136.49
136.89
137.29
137.68
138.08
138.47
138.86
139.25
139.64
140.04
140.44
140.83
141.23
141.63
142.02
142.43
142.83
143.22
143.61
144.01
144.4
144.79
145.19
145.59
145.97
146.36
146.75
147.14
147.54
147.94
148.33
148.72
149.12
149.52
149.92
150.31
150.71
151.11
151.5
151.89
152.29
152.69
153.08
153.48
153.87
154.25
154.65
155.05
155.43
155.83
156.23
156.62
157.01
157.41
157.81
158.21
158.6
158.99
159.39
159.79
160.18
160.58
160.98
161.37
161.77
162.17
162.56
162.95
163.35
163.75
164.14
164.53
164.91
165.32
165.71
166.1
166.51
166.9
167.29
167.68
168.08
168.48
168.88
169.27
169.65
170.05
170.44
170.84
171.23
171.63
172.03
172.42
172.81
173.2
173.61
174.0
174.4
174.79
175.19
175.59
175.98
176.38
176.76
177.17
177.55
177.94
178.34
178.73
179.12
179.52
179.92
180.32
180.72
181.11
181.51
181.9
182.29
182.69
183.09
183.48
183.88
184.27
184.67
185.06
185.45
185.85
186.24
186.63
187.03
187.42
187.82
188.21
188.61
189.01
189.4
189.79
190.19
190.58
190.98
191.37
191.76
192.16
192.56
192.95
193.35
193.74
194.14
194.53
194.91
195.32
195.71
196.1
196.49
196.89
197.28
197.68
198.07
198.87
199.65
200.05
200.44
200.84
201.23
201.63
202.02
202.42
202.81
203.21
203.6
203.99
204.4
204.8
205.19
205.58
205.98
206.37
206.77
207.17
207.56
207.98
208.38
208.77
209.17
209.57
209.96
210.34
210.73
211.11
211.5
211.89
212.28
212.68
213.06
213.46
213.87
214.26
214.66
215.06
215.42
215.81
216.32
217.31
218.29
219.29
220.32
221.33
222.32
223.32
224.34
225.38
