0.11
0.46
0.81
1.17
1.53
1.89
2.24
2.6
2.96
3.31
3.67
4.03
4.39
4.74
5.09
5.45
5.81
6.17
6.52
6.88
7.24
7.6
7.95
8.31
8.67
9.03
9.38
9.74
10.1
10.46
10.81
11.17
11.52
11.88
12.23
12.59
12.94
13.3
13.66
14.02
14.37
14.73
15.09
15.45
15.8
16.16
16.51
16.87
17.23
17.59
17.95
18.3
18.66
19.02
19.37
19.73
20.09
20.44
20.8
21.16
21.52
21.87
22.23
22.59
22.94
23.3
23.66
24.01
24.37
24.72
25.08
25.44
25.8
26.16
26.51
26.87
27.22
27.58
27.94
28.3
28.65
29.01
29.37
29.72
30.08
30.44
30.8
31.15
31.51
31.87
32.23
32.58
32.93
33.29
33.65
34.01
34.37
34.73
35.08
35.44
35.8
36.15
36.51
36.87
37.22
37.58
37.94
38.3
38.65
39.01
39.37
39.72
40.08
40.44
40.8
41.15
41.51
41.87
42.22
42.58
42.94
43.3
43.65
44.01
44.37
44.72
45.08
45.44
45.8
46.15
46.51
46.87
47.22
47.58
47.94
48.29
48.65
49.01
49.37
49.72
50.08
50.44
50.8
51.15
51.51
51.87
52.23
52.58
52.94
53.3
53.65
54.01
54.37
54.73
55.09
55.44
55.8
56.16
56.51
56.87
57.22
57.58
57.94
58.3
58.65
59.01
59.37
59.72
60.08
60.44
60.8
61.16
61.51
61.87
62.23
62.58
62.94
63.3
63.66
64.01
64.37
64.73
65.09
65.44
65.8
66.15
66.51
66.87
67.22
67.58
67.94
68.29
68.65
69.01
69.37
69.73
70.08
70.44
70.8
71.15
71.51
71.87
72.23
72.58
72.94
73.3
73.66
74.01
74.37
74.73
75.09
75.44
75.8
76.15
76.51
76.86
77.22
77.58
77.94
78.29
78.65
79.01
79.37
79.72
80.08
80.44
80.8
81.15
81.51
81.87
82.23
82.58
82.94
83.3
83.66
84.01
84.36
84.72
85.08
85.44
85.8
86.15
86.51
86.86
87.22
87.58
87.94
88.29
88.65
89.01
89.37
89.72
90.07
90.43
90.79
91.15
91.51
91.87
92.23
92.59
92.94
93.3
93.65
94.01
94.37
94.73
95.09
95.44
95.8
96.15
96.51
96.86
97.22
97.58
97.94
98.29
98.65
99.01
99.37
99.72
100.08
100.44
100.8
101.15
101.51
101.87
102.23
102.58
102.94
103.3
103.65
104.01
104.37
104.72
105.08
105.43
105.79
106.15
106.51
106.87
107.22
107.58
107.94
108.29
108.65
109.01
109.37
109.72
110.07
110.43
110.79
111.15
111.51
111.87
112.23
112.58
112.93
113.29
113.65
114.01
114.37
114.73
115.08
115.44
115.79
116.15
116.51
116.86
117.22
117.58
117.94
118.3
118.66
119.01
119.37
119.72
120.08
120.44
120.8
121.16
121.51
121.87
122.23
122.58
122.94
123.3
123.66
124.01
124.37
124.73
125.08
125.44
125.79
126.15
126.51
126.87
127.22
127.58
127.94
128.29
128.65
129.01
129.37
129.73
130.08
130.44
130.8
131.15
131.51
131.87
132.23
132.58
132.94
133.3
133.66
134.01
134.37
134.72
135.08
135.43
135.79
136.15
136.51
136.86
137.22
137.58
137.94
138.3
138.65
139.01
139.37
139.72
140.08
140.44
140.8
141.15
141.51
141.87
142.23
142.58
142.94
143.3
143.65
144.01
144.36
144.72
145.08
145.43
145.79
146.15
146.51
146.86
147.22
147.58
147.94
148.29
148.65
149.01
149.37
149.72
150.08
150.44
150.8
151.15
151.51
151.87
152.23
152.58
152.94
153.3
153.66
154.01
154.37
154.72
155.08
155.43
155.79
156.15
156.51
156.86
157.22
157.58
157.94
158.29
158.65
159.01
159.37
159.72
160.08
160.44
160.8
161.15
161.51
161.87
162.22
162.58
162.94
163.3
163.66
164.01
164.37
164.73
165.08
165.44
165.8
166.15
166.51
166.87
167.23
167.58
167.94
168.3
168.65
169.01
169.37
169.72
170.08
170.44
170.8
171.15
171.51
171.87
172.23
172.58
172.93
173.29
173.65
174.01
174.37
174.73
175.09
175.45
175.81
176.16
176.51
176.87
177.23
177.59
177.95
178.31
178.66
179.02
179.37
179.73
180.09
180.45
180.8
181.16
181.52
182.23
182.95
183.66
184.38
184.73
185.09
185.44
185.8
186.16
186.52
186.87
187.23
187.59
187.94
188.3
188.66
189.02
189.37
189.72
190.08
190.44
190.8
191.15
191.51
191.87
192.23
192.58
192.94
193.3
193.65
194.01
194.37
194.73
195.08
195.43
195.79
196.15
196.51
196.86
197.22
197.58
197.94
198.3
198.65
199.01
199.37
199.72
200.08
200.44
200.8
201.15
201.51
201.87
202.23
202.58
202.94
203.3
203.66
204.01
204.37
204.73
205.08
205.44
205.8
206.16
206.52
206.87
207.22
207.58
207.94
208.29
208.65
209.01
209.37
209.72
210.08
210.43
210.79
211.15
211.51
211.87
212.23
212.58
212.93
213.29
213.65
214.01
214.37
214.73
215.09
215.44
215.79
216.15
216.51
216.86
217.22
217.58
217.94
218.29
218.65
219.01
219.37
219.72
220.08
220.43
220.79
221.15
221.52
221.87
222.25
222.61
222.98
223.33
223.69
224.06
224.42
224.78
225.16
225.52
225.9
226.26
226.62
226.98
227.34
227.69
228.05
228.4
228.75
229.1
229.46
229.82
230.18
230.53
230.88
