0.31
0.92
1.53
2.13
2.74
3.35
3.96
4.54
5.14
5.74
6.34
6.94
7.54
8.14
8.75
9.34
9.94
10.54
11.14
11.74
12.33
12.93
13.53
14.13
14.73
15.33
15.93
16.53
17.13
17.73
18.33
18.94
19.53
20.13
20.73
21.34
21.93
22.53
23.13
23.73
24.33
24.93
25.53
26.13
26.73
27.34
27.94
28.54
29.13
29.73
30.33
30.93
31.53
32.13
32.72
33.33
33.93
34.53
35.13
35.73
36.33
36.93
37.54
38.14
38.74
39.34
39.94
40.54
41.13
41.73
42.33
42.93
43.53
44.13
44.73
45.33
45.93
46.53
47.13
47.73
48.33
48.93
49.54
50.14
50.74
51.34
51.93
52.53
53.13
53.73
54.33
54.94
55.54
56.14
56.74
57.34
57.94
58.54
59.14
59.74
60.34
60.94
61.54
62.14
62.74
63.34
63.94
64.54
65.14
65.74
66.34
66.94
67.54
68.14
68.74
69.34
69.94
70.54
71.14
71.74
72.34
72.94
73.54
74.14
74.74
75.34
75.94
76.54
77.14
77.74
78.32
78.93
79.54
80.14
80.74
81.34
81.94
82.54
83.14
83.74
84.34
84.94
85.53
86.14
86.73
87.34
87.93
88.54
89.14
89.74
90.33
90.93
91.53
92.13
92.73
93.33
93.93
94.54
95.14
95.74
96.34
96.93
97.53
98.13
98.73
99.33
99.94
100.54
101.13
101.73
102.33
102.94
103.53
104.13
104.73
105.34
105.94
106.54
107.14
107.74
108.34
108.94
109.54
110.14
110.74
111.34
111.94
112.54
113.14
113.74
114.34
114.94
115.54
116.14
116.74
117.34
117.94
118.54
119.14
119.74
120.34
120.94
121.54
122.14
122.74
123.34
123.94
124.54
125.14
125.73
126.32
126.94
127.55
128.15
128.74
129.34
129.92
130.54
131.13
131.73
132.33
132.94
133.54
134.14
134.74
135.34
135.94
136.54
137.14
137.74
138.34
138.94
139.54
140.14
140.74
141.34
141.94
142.54
143.14
143.74
144.34
144.94
145.54
146.14
146.74
147.34
147.94
148.54
149.14
149.74
150.34
150.94
151.54
152.14
152.74
153.34
153.94
154.54
155.14
155.74
156.34
156.94
157.54
158.14
158.74
159.34
159.94
160.54
161.14
161.75
162.34
162.94
163.54
164.14
164.74
165.34
165.94
166.54
167.14
167.74
168.34
168.94
169.54
170.14
170.75
171.35
171.96
172.55
173.13
173.72
174.3
174.88
175.47
176.04
177.22
178.36
