0.01
0.39
0.79
1.2
1.61
2.02
2.43
2.85
3.26
3.67
4.09
4.5
4.92
5.33
5.74
6.16
6.57
6.98
7.39
7.81
8.22
8.63
9.05
9.46
9.88
10.29
10.7
11.12
11.53
11.94
12.36
12.78
13.19
13.6
14.01
14.43
14.84
15.25
15.67
16.08
16.5
16.91
17.33
17.74
18.16
18.57
18.98
19.4
19.82
20.23
20.64
21.05
21.47
21.88
22.29
22.7
23.12
23.53
23.95
24.36
24.78
25.19
25.6
26.01
26.42
26.84
27.25
27.67
28.09
28.5
28.91
29.33
29.74
30.15
30.57
30.98
31.4
31.81
32.22
32.63
33.05
33.46
33.88
34.3
34.72
35.13
35.54
35.95
36.36
36.78
37.19
37.6
38.02
38.43
38.84
39.26
39.67
40.08
40.5
40.91
41.33
41.74
42.15
42.57
42.98
43.39
43.81
44.22
44.64
45.05
45.46
45.88
46.29
46.7
47.12
47.53
47.95
48.36
48.78
49.19
49.6
50.02
50.43
50.85
51.26
51.67
52.08
52.5
52.91
53.33
53.74
54.15
54.57
54.98
55.39
55.81
56.22
56.63
57.05
57.46
57.88
58.29
58.7
59.12
59.53
59.94
60.36
60.78
61.19
61.6
62.02
62.43
62.85
63.26
63.67
64.08
64.5
64.91
65.33
65.74
66.16
66.57
66.99
67.4
67.81
68.22
68.63
69.04
69.46
69.88
70.3
70.71
71.12
71.53
71.94
72.36
72.77
73.18
73.59
74.01
74.43
74.84
75.27
75.68
76.09
76.5
76.92
77.33
77.74
78.15
78.57
78.98
79.4
79.81
80.23
80.64
81.05
81.46
81.88
82.29
82.71
83.12
83.53
83.94
84.36
84.77
85.18
85.6
86.02
86.43
86.85
87.26
87.67
88.08
88.5
88.91
89.32
89.74
90.17
90.58
90.99
91.4
91.81
92.22
92.64
93.05
93.47
93.88
94.29
94.7
95.12
95.53
95.95
96.36
96.77
97.19
97.6
98.02
98.43
98.84
99.26
99.67
100.09
100.5
100.91
101.33
101.74
102.15
102.57
102.98
103.39
103.81
104.22
104.64
105.05
105.46
105.88
106.29
106.71
107.12
107.53
107.94
108.36
108.77
109.19
109.6
110.02
110.43
110.84
111.26
111.67
112.08
112.5
112.91
113.33
113.74
114.15
114.57
114.98
115.39
115.81
116.22
116.64
117.05
117.46
117.88
118.29
118.7
119.11
119.53
119.95
120.36
120.77
121.19
121.6
122.01
122.42
122.84
123.25
123.66
124.08
124.5
124.91
125.32
125.73
126.15
126.57
126.98
127.4
127.81
128.22
128.63
129.05
129.46
129.88
130.29
130.71
131.12
131.53
131.95
132.36
132.77
133.19
133.6
134.01
134.43
134.84
135.26
135.67
136.08
136.49
136.91
137.32
137.74
138.15
138.57
138.98
139.39
139.81
140.22
140.63
141.05
141.47
141.88
142.29
142.7
143.12
143.53
143.95
144.36
144.78
145.19
145.6
146.02
146.43
146.85
147.26
147.67
148.09
148.5
148.91
149.33
149.74
150.15
150.57
150.98
151.4
151.81
152.22
152.64
153.05
153.46
153.88
154.29
154.71
155.12
155.53
155.95
156.36
156.77
157.19
157.6
158.02
158.43
158.84
159.26
159.67
160.08
160.5
160.91
161.33
161.74
162.16
162.57
162.98
163.4
163.81
164.22
164.64
165.05
165.46
165.88
166.29
166.71
167.12
167.53
167.95
168.36
168.78
169.19
169.6
170.02
170.43
170.84
171.26
171.67
172.09
172.5
172.92
173.33
173.74
174.15
174.57
174.98
175.4
175.81
176.22
176.64
177.05
177.46
177.88
178.29
178.71
179.12
179.54
179.95
180.36
180.78
181.19
181.6
182.01
182.43
182.85
183.26
183.68
184.09
184.5
184.92
185.33
185.74
186.15
186.57
186.99
187.4
187.81
188.22
188.63
189.05
189.46
189.88
190.3
190.71
191.12
191.54
191.95
192.36
192.78
193.19
193.61
194.02
194.43
194.85
195.26
195.67
196.09
196.5
196.91
197.32
197.73
198.14
198.56
198.97
199.38
199.8
200.23
200.65
201.06
201.48
201.91
202.35
202.76
203.18
203.61
204.03
204.44
204.86
205.28
205.7
206.11
206.52
206.94
207.35
207.77
208.18
