0.45
1.0
1.55
2.13
2.69
3.26
3.82
4.39
4.95
5.51
6.08
6.65
7.21
7.78
8.34
8.89
9.47
10.04
10.61
11.18
11.73
12.3
12.86
13.43
14.0
14.56
15.13
15.69
16.26
16.83
17.4
17.96
18.52
19.09
19.65
20.22
20.79
21.36
21.92
22.49
23.06
23.62
24.17
24.74
25.31
25.88
26.44
27.01
27.57
28.13
28.71
29.28
29.85
30.41
30.96
31.54
32.1
32.66
33.22
33.79
34.36
34.93
35.48
36.05
36.61
37.19
37.76
38.32
38.89
39.45
40.02
40.58
41.15
41.72
42.28
42.86
43.42
43.97
44.54
45.1
45.67
46.24
46.82
47.39
47.95
48.51
49.06
49.64
50.21
50.78
51.34
51.9
52.46
53.01
53.58
54.16
54.73
55.29
55.85
56.43
57.0
57.57
58.13
58.7
59.26
59.82
60.38
60.95
61.52
62.09
62.65
63.22
63.79
64.35
64.92
65.48
66.03
66.59
67.15
67.72
68.3
68.87
69.43
70.0
70.57
71.14
71.7
72.27
72.82
73.38
73.94
74.5
75.08
75.65
76.22
76.79
77.36
77.93
78.49
79.06
79.62
80.19
80.73
81.3
81.87
82.43
82.98
83.56
84.13
84.7
85.27
85.84
86.41
86.97
87.53
88.09
88.66
89.22
89.78
90.35
90.92
91.48
92.05
92.62
93.19
93.75
94.33
94.9
95.46
96.01
96.58
97.15
97.71
98.27
98.84
99.41
99.97
100.54
101.11
101.67
102.23
102.81
103.38
103.95
104.5
105.06
105.62
106.19
106.76
107.32
107.89
108.45
109.02
109.6
110.16
110.74
111.31
111.86
112.4
112.97
113.54
114.12
114.69
115.26
115.82
116.39
116.95
117.52
118.08
118.64
119.2
119.77
120.34
120.9
121.46
122.03
122.6
123.16
123.72
124.3
124.87
125.43
125.98
126.55
127.13
127.7
128.26
128.82
129.39
129.95
130.52
131.09
131.65
132.21
132.78
133.35
133.92
134.49
135.05
135.61
136.18
136.73
137.29
137.86
138.43
138.99
139.56
140.13
140.69
141.26
141.83
142.41
142.98
143.53
144.1
144.66
145.23
145.79
146.35
146.92
147.48
148.05
148.62
149.18
149.74
150.31
150.89
151.46
152.02
152.59
153.15
153.71
154.28
154.83
155.39
155.96
156.53
157.09
157.64
158.22
158.79
159.35
159.92
160.5
161.06
161.63
162.2
162.76
163.33
163.89
164.44
165.02
165.59
166.16
166.73
167.29
167.85
168.41
168.98
169.55
170.12
170.69
171.25
171.81
172.38
172.94
173.51
174.07
174.63
175.19
175.76
176.34
176.91
177.47
178.04
178.61
179.19
179.76
180.33
181.33
182.04
182.69
184.32
185.19
185.74
186.28
