0.16
0.77
1.4
1.98
2.42
2.89
3.34
3.8
4.24
4.69
5.16
5.62
6.07
6.53
7.0
7.45
7.91
8.37
8.84
9.3
9.74
10.17
10.64
11.11
11.57
12.02
12.5
12.94
13.39
13.85
14.3
14.76
15.2
15.62
16.06
16.55
16.99
17.44
17.89
18.34
18.78
19.24
19.69
20.1
20.54
20.97
21.42
21.85
22.32
22.76
23.21
23.68
24.22
24.83
25.3
25.79
26.24
26.7
26.96
27.62
28.07
28.51
28.99
29.45
29.92
30.38
30.84
31.3
31.78
32.25
32.67
33.11
33.56
34.01
34.47
34.94
35.39
35.84
36.3
36.76
37.22
37.68
38.14
38.6
39.06
39.52
39.98
40.44
40.9
41.35
41.81
42.27
42.73
43.19
43.64
44.1
44.56
45.02
45.48
45.93
46.39
46.85
47.31
47.77
48.22
48.68
49.14
49.6
50.06
50.52
50.97
51.43
51.89
52.35
52.8
53.26
53.72
54.18
54.64
55.09
55.55
56.01
56.47
56.93
57.39
57.84
58.3
58.76
59.22
59.67
60.13
60.59
61.05
61.51
61.96
62.42
62.88
63.34
63.8
64.25
64.71
65.17
65.63
66.08
66.54
67.0
67.46
67.92
68.37
68.83
69.29
69.75
70.21
70.66
71.12
71.58
72.04
72.49
72.95
73.41
73.87
74.33
74.79
75.25
75.7
76.16
76.62
77.08
77.54
77.99
78.45
78.91
79.37
79.83
80.28
80.74
81.2
81.66
82.12
82.57
83.03
83.49
83.95
84.4
84.86
85.32
85.78
86.24
86.69
87.15
87.61
88.07
88.53
88.99
89.44
89.9
90.36
90.82
91.28
91.73
92.19
92.65
93.11
93.57
94.03
94.5
94.95
95.4
95.86
96.32
96.78
97.26
97.74
98.22
98.64
99.07
99.52
99.97
100.42
100.88
101.34
101.79
102.25
102.72
103.18
103.64
104.1
104.56
105.02
105.48
105.93
106.39
106.85
107.31
107.77
108.22
108.68
109.14
109.6
110.05
110.51
110.97
111.43
111.89
112.35
112.8
113.26
113.72
114.18
114.63
115.09
115.55
116.01
116.46
116.91
117.37
117.83
118.29
118.75
119.21
119.67
120.13
120.59
121.05
121.51
121.96
122.42
122.88
123.34
123.8
124.25
124.71
125.17
125.63
126.09
126.54
127.0
127.46
127.92
128.38
128.83
129.29
129.75
130.21
130.67
131.12
131.58
132.04
132.5
132.96
133.42
133.87
134.33
134.79
135.25
135.7
136.16
136.62
137.08
137.53
137.99
138.45
138.91
139.37
139.83
140.28
140.74
141.2
141.66
142.12
142.57
143.03
143.49
143.95
144.41
144.86
145.32
145.78
146.24
146.69
147.15
147.61
148.07
148.53
148.99
149.45
149.91
150.37
150.83
151.28
151.73
152.65
153.57
154.49
155.41
156.32
157.23
158.14
159.07
159.98
160.9
161.81
162.74
163.65
164.57
165.49
166.4
167.31
168.23
168.68
169.14
169.59
170.05
170.51
170.97
171.42
171.89
172.34
172.81
173.27
173.73
174.18
174.64
175.09
175.55
176.0
176.45
176.91
177.38
177.86
178.34
178.82
179.25
179.68
180.13
180.58
181.06
181.53
181.98
182.42
182.87
183.33
183.79
184.25
184.71
185.17
185.63
186.08
186.54
187.0
187.46
187.92
188.38
188.83
189.29
189.75
190.21
190.66
191.12
191.58
192.04
192.5
192.96
193.41
193.87
194.33
194.79
195.24
195.7
196.16
196.62
197.08
197.54
197.99
198.45
198.91
199.37
199.82
200.28
200.74
201.2
201.66
202.12
202.57
203.03
203.49
203.95
204.41
204.87
205.32
205.78
206.24
206.7
207.15
207.61
208.07
208.53
208.99
209.44
209.9
210.36
210.82
211.28
211.74
212.2
212.65
213.11
213.56
214.02
214.48
214.94
215.4
215.86
216.32
216.77
217.23
217.69
218.15
218.6
219.06
