0.08
0.71
1.35
2.01
2.66
3.32
3.93
4.57
5.21
5.87
6.51
7.16
7.81
8.46
9.11
9.75
10.39
11.03
11.67
12.32
12.97
13.61
14.25
14.9
15.55
16.19
16.84
17.48
18.13
18.78
19.41
20.06
20.71
21.35
22.0
22.64
23.29
23.94
24.58
25.23
25.87
26.52
27.16
27.8
28.45
29.1
29.74
30.38
31.03
31.67
32.32
32.96
33.61
34.26
34.9
35.54
36.19
36.84
37.49
38.13
38.77
39.42
40.06
40.71
41.36
42.0
42.64
43.29
43.94
44.58
45.22
45.87
46.51
47.16
47.8
48.45
49.09
49.74
50.39
51.03
51.68
52.32
52.96
53.61
54.26
54.9
55.55
56.2
56.84
57.48
58.13
58.77
59.42
60.06
60.71
61.35
62.0
62.64
63.29
63.94
64.58
65.23
65.87
66.51
67.16
67.8
68.44
69.09
69.74
70.39
71.03
71.68
72.32
72.97
73.61
74.26
74.9
75.55
76.19
76.84
77.48
78.13
78.77
79.42
80.06
80.71
81.35
82.0
82.64
83.29
83.93
84.58
85.22
85.87
86.51
87.16
87.81
88.45
89.1
89.74
90.39
91.03
91.68
92.32
92.97
93.61
94.26
94.9
95.55
96.19
96.83
97.48
98.13
98.78
99.42
100.07
100.71
101.35
102.0
102.64
103.29
103.93
104.58
105.22
105.87
106.51
107.16
107.81
108.45
109.09
109.74
110.38
111.03
111.68
112.32
112.97
113.62
114.26
114.9
115.55
116.2
116.83
117.48
118.13
118.77
119.41
120.06
120.71
121.36
122.0
122.65
123.29
123.94
124.58
125.22
125.87
126.52
127.16
127.79
128.45
129.1
129.74
130.39
131.03
131.68
132.32
132.96
133.61
134.26
134.91
135.54
136.2
136.84
137.49
138.13
138.77
139.42
140.07
140.71
141.35
142.0
142.65
143.29
143.94
144.58
145.23
145.87
146.52
147.16
147.81
148.45
149.1
149.74
150.39
151.03
151.68
152.33
152.97
153.62
154.26
154.91
155.55
156.2
156.84
157.48
158.13
158.78
159.41
160.06
160.71
161.36
162.01
162.66
163.29
163.92
164.59
165.24
165.89
166.54
167.18
167.82
168.46
169.1
169.74
170.39
171.03
171.67
172.32
172.97
173.61
174.25
174.9
175.55
176.19
176.83
177.48
178.13
178.77
179.42
180.06
180.71
181.35
182.0
182.65
183.29
183.93
184.57
185.22
185.87
186.51
187.15
187.8
188.45
189.09
189.74
190.39
191.03
191.68
192.32
192.97
193.62
194.26
194.9
195.55
196.2
196.84
197.48
198.13
198.77
199.42
200.06
200.71
201.36
202.0
202.64
203.29
203.94
204.58
205.23
205.86
206.52
207.16
207.79
208.45
209.1
209.74
210.39
211.04
211.68
212.33
212.97
213.62
214.26
214.91
215.55
216.2
216.84
217.49
218.13
219.43
220.69
221.39
222.59
222.91
223.22
223.53
223.84
224.15
224.48
