0.0
0.33
0.66
1.0
1.33
1.67
2.01
2.34
2.68
3.02
3.36
3.69
4.02
4.35
4.69
5.02
5.35
5.7
6.03
6.36
6.69
7.04
7.36
7.69
8.03
8.37
8.7
9.03
9.38
9.7
10.03
10.36
10.7
11.03
11.34
11.67
12.0
12.34
12.68
13.0
13.34
13.67
14.0
14.33
14.67
15.01
15.34
15.67
16.01
16.33
16.66
16.99
17.32
17.66
18.0
18.34
18.71
19.39
20.05
20.7
21.34
22.0
22.65
23.31
23.98
24.64
25.3
25.97
26.64
27.3
27.97
28.64
29.31
29.97
30.64
31.31
31.98
32.64
33.31
33.98
34.64
35.31
35.97
36.64
37.31
37.97
38.64
39.31
39.98
40.64
41.31
41.97
42.64
43.31
43.98
44.64
45.31
45.98
46.64
47.31
47.98
48.64
49.31
49.98
50.64
51.31
51.97
52.64
53.3
53.97
54.65
55.32
55.98
56.64
57.3
57.97
58.64
59.31
59.98
60.64
61.31
61.97
62.64
63.31
63.98
64.64
65.31
65.98
66.64
67.31
67.98
68.64
69.31
69.98
70.64
71.31
71.98
72.65
73.31
73.98
74.64
75.31
75.98
76.65
77.32
77.98
78.65
79.31
79.98
80.64
81.31
81.98
82.65
83.31
83.98
84.65
85.32
85.98
86.64
87.3
87.97
88.64
89.31
89.97
90.64
91.31
91.97
92.64
93.31
93.98
94.64
95.31
95.98
96.64
97.31
97.97
98.68
99.37
100.03
100.68
101.31
101.98
102.64
103.31
103.98
104.64
105.31
105.98
106.64
107.31
107.97
108.64
109.31
109.98
110.64
111.31
111.97
112.64
113.31
113.98
114.64
115.31
115.97
116.64
117.31
117.97
118.65
119.31
119.98
120.64
121.3
121.97
122.64
123.31
123.98
124.64
125.31
125.97
126.64
127.31
127.99
128.66
129.31
129.98
130.64
131.31
131.98
132.64
133.31
133.98
134.64
135.31
135.98
136.65
137.31
137.98
138.64
139.31
139.98
140.64
141.31
141.98
142.65
143.31
143.98
144.64
145.31
145.98
146.65
147.31
147.98
148.65
149.32
150.0
150.69
151.36
152.03
152.72
153.41
154.06
154.73
155.4
156.02
156.66
157.31
157.98
158.64
159.31
159.97
160.64
161.31
161.98
162.64
163.31
163.98
164.65
165.31
165.98
166.65
167.31
167.97
168.64
169.31
169.98
170.64
171.31
171.98
172.65
173.31
173.98
174.64
175.31
175.97
176.65
177.31
177.98
178.66
179.33
179.98
180.64
181.31
181.98
182.64
183.31
183.97
184.64
185.31
185.98
186.69
187.37
188.03
188.66
189.31
189.98
190.65
191.31
191.97
192.64
193.31
193.98
194.64
195.31
195.99
196.64
197.33
197.96
198.3
198.68
199.33
199.67
200.0
200.33
200.67
201.0
201.33
201.66
202.0
202.33
202.66
203.0
203.33
203.66
204.0
204.33
204.66
205.0
205.34
205.67
206.0
206.33
206.66
207.0
207.34
207.67
208.0
208.33
208.66
209.0
209.33
209.66
209.99
210.33
210.67
211.0
211.33
211.66
211.99
212.32
212.65
212.99
213.32
213.66
213.99
214.32
214.66
214.99
215.32
215.65
215.98
216.65
217.33
217.99
218.66
219.32
219.98
220.64
221.31
221.98
222.64
223.31
223.97
224.64
225.31
225.97
226.64
227.31
227.97
228.64
229.31
229.97
230.64
231.31
231.97
232.64
233.3
233.97
234.64
235.31
235.98
236.64
237.31
237.97
238.64
239.31
239.97
240.64
241.31
241.99
242.66
