0.1
0.79
1.5
2.2
2.91
3.61
4.32
5.02
5.73
6.43
7.13
7.83
8.54
9.24
9.95
10.65
11.36
12.06
12.76
13.47
14.18
14.87
15.58
16.28
16.99
17.69
18.39
19.1
19.81
20.5
21.21
21.91
22.62
23.32
24.03
24.73
25.44
26.14
26.84
27.54
28.25
28.95
29.65
30.36
31.07
31.77
32.47
33.17
33.88
34.58
35.28
35.99
36.7
37.4
38.1
38.8
39.51
40.21
40.91
41.62
42.32
43.03
43.73
44.43
45.14
45.84
46.54
47.25
47.96
48.66
49.36
50.07
50.77
51.47
52.18
52.88
53.59
54.29
54.99
55.7
56.4
57.1
57.81
58.51
59.22
59.92
60.62
61.33
62.03
62.73
63.44
64.14
64.85
65.55
66.25
66.96
67.67
68.36
69.07
69.77
70.48
71.18
71.88
72.59
73.29
74.0
74.7
75.4
76.11
76.81
77.52
78.22
78.93
79.63
80.33
81.03
81.73
82.44
83.15
83.85
84.55
85.26
85.96
86.66
87.37
88.07
88.77
89.48
90.19
90.89
91.59
92.29
93.0
93.7
94.41
95.11
95.82
96.52
97.22
97.92
98.63
99.33
100.03
100.73
101.44
102.14
102.85
103.55
104.26
104.96
105.67
106.37
107.07
107.78
108.48
109.18
109.89
110.59
111.3
112.0
112.7
113.4
114.11
114.81
115.52
116.22
116.92
117.63
118.33
119.03
119.74
120.46
121.17
121.86
122.56
123.26
123.97
124.67
125.37
126.08
126.78
127.49
128.19
128.89
129.59
130.29
131.0
131.71
132.41
133.12
133.82
134.52
135.23
135.93
136.64
137.34
138.04
138.75
139.45
140.15
140.86
141.56
142.27
142.97
143.67
144.38
145.08
145.79
146.5
147.2
147.9
148.61
149.31
150.01
150.72
151.42
152.12
152.83
153.53
154.23
154.94
155.64
156.34
157.04
157.75
158.45
159.15
159.86
160.56
161.27
161.97
162.68
163.38
164.08
164.79
165.49
166.19
166.9
167.6
168.3
169.01
169.71
170.42
171.12
171.82
172.53
173.23
173.93
174.64
175.35
176.05
176.75
177.45
178.16
178.86
179.56
180.27
180.97
181.68
182.38
183.08
183.79
184.49
185.2
185.9
186.6
187.31
188.01
188.72
189.42
190.11
190.79
191.51
