0.24
0.93
1.63
2.33
3.03
3.72
4.42
5.12
5.82
6.51
7.21
7.91
8.61
9.31
10.0
10.7
11.41
12.1
12.8
13.5
14.19
14.89
15.58
16.28
16.99
17.69
18.38
19.08
19.78
20.47
21.17
21.86
22.57
23.26
23.97
24.67
25.35
26.05
26.75
27.45
28.16
28.85
29.56
30.25
30.94
31.63
32.33
33.03
33.73
34.43
35.14
35.83
36.53
37.23
37.94
38.62
39.31
40.01
40.71
41.41
42.11
42.8
43.5
44.19
44.89
45.6
46.29
47.01
47.69
48.39
49.09
49.78
50.48
51.2
51.87
52.58
53.27
53.98
54.66
55.35
56.05
56.75
57.45
58.15
58.85
59.55
60.25
60.94
61.64
62.35
63.04
63.75
64.43
65.12
65.82
66.51
67.21
67.91
68.61
69.31
70.01
70.7
71.4
72.1
72.8
73.5
74.2
74.89
75.59
76.28
76.98
77.68
78.38
79.08
79.77
80.47
81.16
81.86
82.56
83.26
83.95
84.65
85.34
86.05
86.75
87.44
88.15
88.85
89.54
90.24
90.94
91.65
92.34
93.04
93.73
94.43
95.13
95.82
96.52
97.22
97.92
98.62
99.32
100.02
100.71
101.4
102.1
102.8
103.5
104.2
104.89
105.59
106.29
106.99
107.68
108.38
109.07
109.78
110.48
111.18
111.88
112.57
113.26
113.96
114.66
115.37
116.07
116.76
117.46
118.16
118.85
119.55
120.24
120.94
121.64
122.34
123.04
123.73
124.43
125.13
125.82
126.52
127.22
127.91
128.61
129.31
130.01
130.7
131.4
132.1
132.79
133.49
134.19
134.89
135.59
136.28
136.98
137.68
138.38
139.07
139.77
140.47
141.17
141.87
142.56
143.26
143.96
144.66
145.36
146.05
146.75
147.45
148.15
148.84
149.54
150.24
150.94
151.63
152.33
153.03
153.72
154.42
155.12
155.82
156.52
157.21
157.91
158.61
159.31
160.01
160.71
161.4
162.09
162.79
163.49
164.19
164.88
165.58
166.27
166.98
167.68
168.38
169.08
169.77
170.47
171.17
171.87
172.56
173.26
173.96
174.66
175.36
176.05
176.75
177.44
178.14
178.84
179.54
180.24
180.94
181.64
182.34
183.04
183.73
184.43
185.12
185.82
186.52
187.23
187.94
188.62
189.33
190.02
190.72
191.41
192.1
192.8
193.5
194.2
194.9
195.59
196.29
196.99
197.69
198.38
199.1
199.78
200.49
201.18
201.88
202.57
203.27
203.96
204.66
205.36
206.05
206.75
207.45
208.15
208.84
209.54
210.24
210.94
211.63
212.33
213.03
213.73
214.43
215.12
215.82
216.54
217.22
217.92
218.64
219.31
220.02
220.71
221.41
222.1
222.79
223.14
223.49
223.84
224.19
224.54
224.9
225.25
225.6
225.95
226.32
226.68
227.03
227.38
227.74
228.08
228.42
228.76
229.1
229.45
